(89,353,-183)
(92,360,-188)
(92,366,-186)
(95,363,-187)
(92,364,-188)
(98,374,-198)
(105,367,-189)
(97,357,-195)
(102,364,-206)
(106,360,-196)
(106,368,-202)
(93,367,-191)
(104,368,-210)
(111,369,-199)
(101,377,-201)
(100,380,-206)
(120,382,-208)
(110,384,-212)
(127,391,-209)
(142,396,-218)
(147,403,-233)
(180,422,-250)
(202,420,-268)
(223,427,-265)
(253,421,-267)
(261,437,-267)
(284,438,-272)
(309,423,-279)
(329,409,-279)
(360,390,-284)
(374,388,-284)
(384,382,-278)
(412,360,-284)
(418,330,-294)
(421,307,-289)
(422,278,-300)
(420,236,-292)
(399,211,-297)
(387,187,-297)
(362,174,-292)
(335,151,-281)
(311,137,-275)
(300,122,-270)
(267,105,-243)
(238,92,-224)
(228,78,-204)
(222,64,-174)
(219,55,-143)
(202,58,-128)
(236,48,-138)
(251,57,-177)
(292,72,-208)
(317,97,-249)
(333,145,-283)
(356,176,-298)
(398,224,-308)
(408,278,-302)
(411,325,-295)
(407,385,-277)
(374,436,-260)
(350,464,-232)
(318,496,-192)
(288,516,-164)
(239,515,-117)
(183,501,-79)
(136,460,-36)
(108,440,-20)
(83,395,-5)
(67,339,1)
(60,300,6)
(64,264,14)
(57,251,17)
(68,216,22)
(65,203,23)
(85,173,13)
(93,167,9)
(99,151,1)
(102,144,-12)
(106,138,-16)
(110,136,-28)
(107,129,-41)
(107,117,-53)
(118,114,-68)
(121,121,-75)
(125,113,-91)
(121,113,-105)
(119,125,-139)
(130,132,-166)
(133,135,-183)
(141,153,-203)
(147,159,-215)
(141,169,-233)
(147,185,-241)
(140,192,-242)
(132,196,-242)
(136,180,-228)
(130,154,-198)
(129,125,-171)
(129,109,-123)
(113,107,-77)
(113,109,-65)
(109,121,-3)
(114,136,36)
(136,158,78)
(152,188,126)
(168,212,144)
(150,248,150)
(153,305,141)
(137,319,129)
(108,348,82)
(107,381,49)
(118,416,54)
(140,454,26)
(165,477,-5)
(172,494,-34)
(186,502,-56)
(187,499,-59)
(175,495,-35)
(153,473,-13)
(132,456,12)
(120,412,36)
(92,370,54)
(81,313,59)
(85,273,67)
(87,249,63)
(81,211,37)
(83,191,9)
(84,176,2)
(84,158,-24)
(83,143,-53)
(86,146,-70)
(94,142,-86)
(100,144,-90)
(91,147,-85)
(94,148,-74)
(89,151,-43)
(87,169,-9)
(78,194,14)
(83,211,29)
(76,238,44)
(81,267,39)
(65,313,29)
(65,355,3)
(73,387,-27)
(87,415,-53)
(114,432,-90)
(121,439,-113)
(147,447,-155)
(140,448,-162)
(132,452,-158)
(134,448,-148)
(106,432,-104)
(82,406,-78)
(73,375,-67)
(59,339,-45)
(56,296,-20)
(53,271,-11)
(56,238,10)
(69,217,1)
(70,190,-8)
(78,178,-26)
(85,165,-55)
(82,166,-62)
(84,166,-66)
(75,169,-63)
(84,170,-54)
(81,185,-25)
(66,196,-20)
(62,238,-2)
(60,250,2)
(57,283,-1)
(59,297,-17)
(62,350,-36)
(71,381,-65)
(87,409,-93)
(112,434,-108)
(132,456,-130)
(145,465,-155)
(162,456,-178)
(183,457,-207)
(189,435,-237)
(191,413,-261)
(195,401,-259)
(196,384,-284)
(188,380,-282)
(193,359,-287)
(202,344,-300)
(200,342,-292)
(190,350,-296)
(187,345,-289)
(190,336,-294)
(189,335,-295)
(196,342,-290)
(190,360,-284)
(188,370,-272)
(183,387,-259)
(172,398,-248)
(174,438,-198)
(167,455,-183)
(172,478,-136)
(187,493,-107)
(196,492,-88)
(181,495,-81)
(174,482,-118)
(147,439,-171)
(141,425,-191)
(151,377,-253)
(155,325,-275)
(216,254,-304)
(289,205,-315)
(355,197,-297)
(426,192,-274)
(454,206,-264)
(468,208,-240)
(468,222,-248)
(462,228,-250)
(409,225,-281)
(354,226,-318)
(293,237,-323)
(261,239,-325)
(182,264,-296)
(122,290,-258)
(91,317,-215)
(78,328,-172)
(70,348,-118)
(68,360,-82)
(81,397,-31)
(116,432,8)
(156,448,34)
(189,465,57)
(224,474,60)
(232,484,74)
(280,500,64)
(311,507,43)
(312,514,34)
(332,532,-2)
(325,523,-15)
(285,527,-65)
(259,533,-87)
(234,522,-90)
(202,512,-80)
(167,499,-83)
(144,468,-100)
(115,429,-151)
(103,397,-189)
(128,296,-250)
(166,234,-286)
(222,184,-300)
(260,170,-302)
(342,142,-282)
(399,143,-269)
(417,161,-255)
(448,190,-250)
(458,202,-248)
(457,205,-251)
(462,208,-246)
(457,207,-245)
(461,213,-243)
(458,208,-254)
(449,197,-259)
(422,170,-252)
(395,149,-263)
(347,127,-255)
(291,109,-253)
(272,118,-256)
(208,118,-242)
(174,122,-224)
(158,136,-214)
(139,139,-191)
(128,140,-182)
(105,151,-163)
(103,147,-155)
(92,162,-148)
(91,173,-153)
(76,184,-136)
(72,192,-130)
(65,211,-125)
(69,219,-113)
(61,219,-109)
(64,232,-108)
(62,236,-116)
(59,237,-97)
(63,245,-97)
(62,248,-110)
(53,267,-97)
(58,272,-100)
(46,290,-104)
(60,296,-102)
(52,306,-100)
(57,305,-99)
(54,294,-108)
(63,289,-107)
(56,290,-114)
(46,292,-120)
(61,287,-117)
(60,288,-118)
(59,287,-129)
(57,309,-111)
(68,346,-82)
(64,364,-78)
(65,373,-77)
(66,358,-76)
(67,355,-89)
(56,340,-94)
(67,337,-97)
(56,330,-96)
(59,327,-93)
(67,337,-77)
(68,340,-84)
(63,343,-95)
(60,334,-94)
(68,348,-86)
(72,354,-90)
(61,355,-99)
(69,355,-83)
(66,350,-94)
(65,359,-89)
(65,347,-93)
(69,349,-95)
(67,341,-93)
(69,347,-97)
(56,348,-102)
(74,336,-94)
(66,342,-100)
(62,334,-100)
(69,331,-93)
(61,337,-95)
(62,328,-92)
(59,327,-99)
(59,323,-95)
(62,340,-90)
(61,339,-89)
(68,344,-84)
(63,349,-85)
(64,352,-86)
(63,355,-65)
(77,371,-63)
(79,385,-49)
(92,392,-28)
(89,395,-33)
(90,400,-42)
(90,398,-54)
(85,391,-77)
(89,395,-85)
(84,370,-138)
(85,337,-173)
(88,330,-184)
(138,278,-256)
(167,265,-285)
(189,251,-293)
(226,244,-314)
(237,241,-317)
(231,251,-313)
(209,253,-311)
(177,271,-295)
(137,285,-259)
(114,302,-234)
(90,298,-202)
(74,310,-178)
(70,316,-174)
(59,319,-135)
(53,317,-107)
(54,310,-100)
(50,300,-60)
(47,295,-55)
(60,276,-38)
(58,272,-18)
(65,245,-21)
(59,225,-21)
(65,209,-27)
(71,203,-33)
(84,168,-66)
(93,151,-107)
(105,135,-119)
(130,126,-148)
(134,132,-180)
(148,120,-184)
(156,120,-196)
(167,127,-211)
(169,125,-221)
(184,128,-234)
(174,122,-234)
(162,118,-218)
(156,120,-204)
(162,108,-182)
(148,98,-168)
(158,94,-148)
(141,85,-125)
(138,88,-86)
(111,111,-35)
(94,150,-10)
(76,186,14)
(76,236,34)
(69,275,33)
(77,325,31)
(82,362,28)
(84,370,26)
(73,329,37)
(63,273,25)
(60,242,18)
(76,192,8)
(81,173,3)
(108,118,-62)
(138,100,-108)
(149,89,-121)
(180,102,-182)
(183,119,-215)
(188,126,-232)
(183,165,-273)
(192,186,-270)
(190,232,-290)
(192,276,-304)
(191,295,-307)
(203,325,-311)
(204,336,-308)
(221,355,-301)
(224,374,-298)
(226,386,-292)
(234,378,-298)
(225,373,-307)
(209,367,-307)
(196,338,-302)
(179,303,-295)
(168,286,-292)
(163,231,-283)
(167,205,-271)
(180,146,-242)
(180,114,-192)
(179,85,-147)
(170,78,-98)
(156,84,-56)
(142,90,-24)
(137,109,17)
(139,109,25)
(140,128,38)
(124,146,58)
(121,155,67)
(115,181,77)
(102,212,72)
(104,210,78)
(94,240,74)
(89,259,69)
(84,300,48)
(82,330,50)
(79,371,19)
(92,412,-14)
(105,435,-55)
(109,435,-103)
(119,435,-129)
(120,422,-140)
(112,412,-146)
(113,421,-129)
(102,414,-112)
(87,395,-67)
(81,361,-15)
(76,344,6)
(72,298,44)
(79,255,57)
(90,228,72)
(110,186,74)
(121,167,63)
(129,155,51)
(142,122,34)
(134,114,22)
(147,109,13)
(140,114,6)
(131,109,9)
(140,132,38)
(133,141,59)
(142,164,90)
(157,191,123)
(161,213,131)
(186,240,156)
(208,248,174)
(282,286,188)
(337,319,193)
(359,319,179)
(404,340,164)
(429,349,139)
(430,356,140)
(426,366,124)
(435,359,137)
(415,361,151)
(397,353,163)
(349,335,177)
(304,316,188)
(234,306,182)
(180,278,162)
(153,275,151)
(129,259,129)
(103,251,89)
(101,243,87)
(138,242,128)
(202,254,170)
(274,264,198)
(334,284,196)
(348,302,196)
(391,333,165)
(400,354,162)
(400,368,154)
(401,387,143)
(407,397,131)
(397,409,121)
(395,419,119)
(393,429,111)
(395,451,107)
(383,455,87)
(389,477,65)
(371,489,31)
(369,497,31)
(360,516,-4)
(342,518,-24)
(331,523,-45)
(318,516,-52)
(315,531,-51)
(313,531,-55)
(308,526,-50)
(314,532,-50)
(324,524,-48)
(352,508,-12)
(368,500,28)
(381,475,67)
(395,465,79)
(397,429,107)
(404,404,130)
(406,400,140)
(398,360,158)
(396,336,170)
(395,325,181)
(388,296,182)
(377,277,185)
(371,243,181)
(352,208,184)
(346,210,180)
(333,185,171)
(314,172,168)
(314,164,168)
(310,166,154)
(300,158,160)
(289,145,149)
(278,148,142)
(243,141,139)
(233,139,137)
(216,138,122)
(201,135,131)
(169,151,103)
(152,148,98)
(130,158,90)
(143,157,91)
(130,154,86)
(158,148,104)
(169,151,97)
(172,144,120)
(204,138,128)
(222,142,136)
(266,162,160)
(286,166,168)
(321,197,181)
(355,233,177)
(359,247,177)
(393,305,177)
(403,333,173)
(402,368,150)
(405,411,127)
(401,451,83)
(394,470,76)
(378,492,46)
(372,500,24)
(347,515,3)
(342,518,-18)
(325,521,-15)
(333,527,-21)
(331,519,-15)
(338,524,-10)
(357,515,11)
(364,500,26)
(376,488,50)
(400,452,88)
(405,425,125)
(397,377,147)
(400,328,178)
(375,283,185)
(360,258,192)
(346,234,192)
(321,207,187)
(301,193,183)
(265,179,171)
(262,182,178)
(245,183,163)
(228,174,170)
(206,180,152)
(173,185,141)
(157,191,123)
(120,208,100)
(85,213,59)
(85,207,21)
(73,201,13)
(66,196,-38)
(82,170,-82)
(101,149,-111)
(109,143,-131)
(140,116,-150)
(154,96,-146)
(198,84,-148)
(206,70,-150)
(223,63,-141)
(216,64,-144)
(200,66,-140)
(159,93,-133)
(149,99,-123)
(95,141,-83)
(80,168,-26)
(73,183,-13)
(88,226,44)
(95,237,73)
(122,282,120)
(138,290,132)
(145,337,131)
(141,369,123)
(169,445,73)
(221,493,27)
(251,527,-45)
(304,526,-132)
(348,500,-178)
(385,469,-211)
(427,399,-253)
(432,376,-270)
(416,304,-300)
(405,277,-305)
(375,225,-303)
(357,199,-307)
(337,177,-305)
(302,144,-284)
(268,116,-270)
(251,109,-245)
(215,83,-193)
(193,77,-161)
(174,80,-136)
(158,80,-98)
(134,90,-84)
(131,97,-69)
(129,105,-57)
(101,121,-35)
(106,126,-14)
(97,153,-3)
(106,142,-2)
(98,152,30)
(101,157,29)
(92,166,58)
(103,181,61)
(95,183,63)
(106,182,64)
(111,175,77)
(107,175,71)
(112,154,58)
(110,152,58)
(117,139,43)
(116,136,38)
(121,111,23)
(122,96,18)
(123,105,19)
(131,105,35)
(163,81,59)
(190,80,74)
(204,86,74)
(217,75,91)
(234,72,84)
(218,78,88)
(202,80,74)
(179,89,69)
(167,85,53)
(165,85,43)
(151,85,33)
(154,70,16)
(209,41,13)
(272,38,46)
(306,34,30)
(280,24,18)
(230,26,-22)
(205,31,-31)
(115,97,-41)
(84,138,-32)
(61,155,-35)
(81,147,-35)
(115,101,-19)
(141,69,-15)
(253,37,35)
(285,31,49)
(320,38,50)
(324,46,48)
(276,24,-6)
(195,41,-59)
(122,96,-68)
(84,138,-70)
(71,159,-65)
(74,150,-60)
(114,100,-70)
(129,73,-61)
(211,31,-43)
(261,15,-13)
(288,22,6)
(313,27,13)
(271,27,-25)
(236,20,-50)
(145,77,-85)
(90,132,-94)
(79,149,-81)
(74,154,-86)
(101,109,-77)
(214,24,-46)
(283,25,-19)
(320,18,-10)
(288,16,-38)
(191,51,-91)
(106,102,-116)
(91,137,-105)
(95,121,-95)
(133,75,-89)
(208,30,-56)
(232,30,-50)
(287,17,-29)
(348,40,10)
(402,50,24)
(385,43,-13)
(251,21,-95)
(235,35,-103)
(161,63,-123)
(117,93,-125)
(108,110,-122)
(121,93,-113)
(147,75,-105)
(218,34,-74)
(282,20,-44)
(341,17,-39)
(392,38,-20)
(402,46,-18)
(433,67,15)
(452,90,24)
(460,94,32)
(463,87,9)
(410,48,-68)
(387,35,-93)
(357,37,-145)
(336,50,-184)
(344,82,-228)
(382,98,-234)
(392,106,-226)
(431,167,-259)
(437,211,-269)
(436,222,-274)
(432,264,-290)
(422,306,-292)
(390,346,-296)
(339,385,-309)
(306,384,-300)
(245,377,-299)
(186,352,-294)
(175,321,-291)
(135,279,-257)
(99,247,-217)
(95,229,-199)
(68,194,-150)
(76,176,-122)
(71,175,-109)
(93,153,-103)
(99,129,-97)
(99,127,-105)
(125,117,-117)
(134,108,-124)
(150,88,-140)
(155,85,-131)
(179,79,-163)
(190,74,-176)
(198,76,-186)
(204,86,-190)
(226,82,-210)
(235,95,-227)
(237,97,-231)
(222,84,-224)
(204,86,-206)
(181,79,-165)
(151,85,-129)
(132,78,-112)
(107,121,-73)
(81,163,-55)
(58,208,-32)
(44,256,-50)
(50,282,-92)
(53,305,-123)
(65,315,-135)
(72,332,-158)
(101,363,-201)
(146,388,-236)
(173,391,-263)
(186,396,-274)
(241,377,-297)
(267,369,-313)
(307,345,-327)
(317,333,-319)
(362,290,-318)
(370,250,-322)
(385,217,-311)
(383,199,-303)
(362,160,-288)
(357,145,-289)
(319,111,-277)
(276,92,-250)
(271,87,-237)
(237,63,-197)
(235,57,-189)
(212,56,-158)
(205,59,-145)
(198,54,-126)
(186,52,-108)
(174,58,-92)
(182,58,-76)
(178,50,-58)
(159,71,-45)
(170,64,-38)
(157,77,-29)
(151,75,-25)
(143,79,-5)
(157,85,-7)
(151,81,-11)
(164,74,-6)
(189,49,-5)
(230,38,-8)
(241,37,-13)
(241,23,-35)
(262,24,-54)
(270,24,-72)
(290,20,-74)
(308,20,-92)
(323,15,-105)
(321,29,-125)
(332,30,-134)
(352,46,-162)
(350,38,-158)
(366,58,-190)
(379,69,-187)
(404,102,-212)
(406,106,-222)
(429,151,-253)
(423,207,-279)
(424,244,-288)
(399,287,-305)
(393,299,-313)
(352,274,-320)
(345,269,-311)
(339,239,-321)
(336,210,-310)
(337,193,-315)
(326,180,-306)
(307,185,-309)
(248,210,-314)
(193,265,-303)
(156,286,-284)
(142,302,-272)
(118,338,-240)
(101,365,-193)
(103,411,-147)
(109,437,-111)
(118,454,-94)
(146,472,-56)
(191,499,-11)
(231,503,17)
(262,502,38)
(335,501,57)
(372,488,70)
(389,483,57)
(385,483,37)
(390,496,28)
(392,502,28)
(399,495,29)
(407,485,15)
(423,489,1)
(420,500,-36)
(425,505,-57)
(416,498,-86)
(412,508,-106)
(406,496,-146)
(382,490,-178)
(352,490,-186)
(325,493,-189)
(321,495,-199)
(291,487,-205)
(279,491,-215)
(277,477,-233)
(281,483,-215)
(281,485,-209)
(291,493,-207)
(271,495,-207)
(256,496,-216)
(235,463,-233)
(209,381,-275)
(200,354,-286)
(188,294,-296)
(185,267,-297)
(188,222,-278)
(220,184,-288)
(240,158,-278)
(246,150,-278)
(265,127,-273)
(288,128,-268)
(283,139,-277)
(280,144,-290)
(257,155,-287)
(225,173,-285)
(154,192,-256)
(110,224,-220)
(71,257,-175)
(59,271,-145)
(51,271,-119)
(42,260,-98)
(51,249,-95)
(51,241,-85)
(52,234,-66)
(46,234,-40)
(59,223,-27)
(65,215,-13)
(68,192,0)
(79,179,3)
(91,167,-9)
(100,142,-20)
(112,138,-24)
(114,128,-20)
(120,118,-26)
(133,101,-59)
(137,93,-73)
(146,84,-90)
(145,93,-109)
(147,91,-119)
(137,87,-105)
(130,96,-86)
(123,97,-59)
(132,100,-30)
(141,99,13)
(174,100,48)
(178,92,52)
(206,96,80)
(226,94,102)
(254,94,108)
(275,97,117)
(290,110,128)
(309,127,149)
(311,117,145)
(329,135,151)
(323,131,143)
(319,125,153)
(309,119,135)
(297,103,129)
(287,93,109)
(293,87,107)
(269,75,87)
(261,73,71)
(254,60,62)
(231,61,43)
(238,66,36)
(222,56,26)
(225,53,39)
(224,70,62)
(249,75,89)
(250,108,120)
(264,128,144)
(264,148,160)
(267,169,177)
(261,197,183)
(268,214,198)
(265,221,199)
(265,209,199)
(259,203,189)
(260,186,180)
(269,157,165)
(271,145,155)
(262,98,108)
(260,88,94)
(232,72,66)
(215,65,47)
(180,78,14)
(155,81,-5)
(131,91,-17)
(121,105,-33)
(110,114,-32)
(108,110,-28)
(109,111,-21)
(137,93,-15)
(133,99,-15)
(149,87,15)
(156,88,22)
(173,91,57)
(211,93,83)
(216,106,100)
(245,115,133)
(263,141,153)
(273,167,181)
(284,192,190)
(279,205,193)
(281,207,195)
(279,197,195)
(272,170,176)
(260,146,162)
(248,130,142)
(238,114,118)
(226,108,118)
(207,99,83)
(170,92,48)
(158,92,38)
(135,103,-3)
(119,99,-21)
(131,95,-29)
(134,100,-42)
(146,82,-70)
(190,70,-110)
(216,56,-120)
(223,55,-123)
(256,46,-120)
(262,40,-112)
(262,38,-114)
(263,45,-113)
(248,42,-112)
(200,54,-88)
(165,65,-59)
(152,88,-8)
(143,105,47)
(147,131,79)
(170,156,128)
(189,193,151)
(218,216,176)
(261,255,197)
(292,296,200)
(290,302,202)
(291,287,197)
(262,272,204)
(231,237,181)
(219,217,181)
(170,178,152)
(143,153,97)
(132,120,42)
(128,104,-22)
(153,83,-59)
(168,74,-94)
(176,72,-112)
(185,81,-147)
(185,73,-151)
(188,70,-152)
(171,83,-141)
(144,92,-100)
(142,92,-84)
(117,113,-37)
(113,131,9)
(120,156,40)
(132,172,82)
(135,195,103)
(145,239,133)
(143,263,143)
(168,304,162)
(188,322,172)
(189,325,171)
(174,306,158)
(153,271,153)
(127,219,113)
(107,181,83)
(103,147,39)
(104,128,0)
(115,125,-27)
(111,113,-47)
(126,110,-94)
(122,110,-100)
(125,121,-87)
(114,118,-88)
(100,124,-54)
(88,146,-24)
(86,160,12)
(90,174,38)
(105,207,77)
(108,232,104)
(106,236,110)
(122,258,118)
(121,275,119)
(138,294,138)
(153,329,155)
(159,327,153)
(150,336,140)
(150,320,146)
(149,319,139)
(120,288,120)
(101,267,111)
(83,235,71)
(74,214,28)
(67,189,-5)
(69,183,-23)
(68,176,-20)
(67,191,-19)
(70,196,10)
(76,220,32)
(77,239,51)
(97,275,89)
(106,300,94)
(106,316,108)
(110,334,114)
(122,350,118)
(134,360,112)
(137,369,123)
(145,357,125)
(145,357,127)
(157,355,137)
(172,344,152)
(188,348,160)
(210,346,166)
(199,355,155)
(188,350,162)
(152,332,146)
(150,336,132)
(104,308,108)
(85,293,73)
(64,248,30)
(55,227,-11)
(59,215,-23)
(58,204,-54)
(74,196,-84)
(71,175,-81)
(76,178,-74)
(59,189,-41)
(65,217,5)
(71,243,35)
(75,247,45)
(87,277,87)
(112,314,94)
(126,342,126)
(149,367,127)
(176,378,140)
(189,393,143)
(198,384,142)
(181,391,141)
(176,382,138)
(158,366,120)
(117,361,99)
(98,338,90)
(76,312,48)
(58,284,-4)
(55,267,-43)
(50,260,-64)
(47,243,-75)
(54,236,-70)
(56,238,-92)
(52,238,-86)
(50,250,-60)
(56,274,-12)
(62,296,30)
(82,326,54)
(88,334,68)
(100,352,86)
(118,366,92)
(134,382,108)
(148,380,110)
(151,389,119)
(140,380,108)
(124,378,94)
(105,365,85)
(81,359,57)
(75,335,47)
(72,338,36)
(68,324,14)
(61,313,7)
(54,288,-16)
(46,270,-44)
(50,266,-54)
(50,250,-62)
(52,256,-58)
(48,256,-64)
(41,249,-75)
(50,232,-88)
(52,236,-98)
(54,228,-110)
(48,228,-102)
(57,225,-95)
(47,237,-77)
(45,251,-57)
(50,266,-26)
(57,283,1)
(59,287,19)
(71,303,37)
(70,308,40)
(78,308,52)
(79,315,59)
(84,320,66)
(96,336,76)
(116,348,104)
(123,347,107)
(116,350,104)
(109,347,99)
(82,334,72)
(76,332,60)
(64,308,32)
(61,293,1)
(58,284,-16)
(45,277,-35)
(55,275,-31)
(48,266,-56)
(44,262,-70)
(47,257,-89)
(42,256,-86)
(44,260,-72)
(41,261,-73)
(46,276,-34)
(52,284,-28)
(51,295,-15)
(47,307,3)
(71,315,29)
(75,341,35)
(75,329,39)
(73,315,45)
(65,293,47)
(72,294,58)
(71,293,55)
(77,291,61)
(77,309,67)
(83,331,75)
(96,350,76)
(99,367,59)
(83,365,15)
(51,323,-25)
(43,299,-17)
(52,292,10)
(73,295,13)
(69,313,19)
(71,339,15)
(78,382,-6)
(85,393,-7)
(86,392,-22)
(71,383,-19)
(61,335,1)
(65,321,15)
(66,344,40)
(83,357,37)
(83,369,29)
(84,386,18)
(80,384,12)
(73,357,23)
(70,320,26)
(64,304,26)
(54,304,10)
(60,324,-8)
(69,335,-11)
(68,354,-16)
(76,382,-32)
(76,370,-28)
(68,354,-2)
(67,339,9)
(69,311,19)
(69,301,11)
(67,335,5)
(76,370,-14)
(82,398,-10)
(88,400,0)
(70,376,-2)
(67,341,15)
(66,322,26)
(66,306,28)
(77,323,19)
(69,335,19)
(86,374,10)
(100,408,-10)
(98,416,-12)
(100,416,-4)
(76,386,-14)
(64,338,-4)
(66,320,8)
(63,299,11)
(68,304,22)
(63,309,15)
(76,354,12)
(79,379,5)
(106,424,0)
(101,427,-17)
(99,425,-23)
(73,395,-15)
(79,369,1)
(71,321,-1)
(58,314,8)
(66,314,8)
(64,320,14)
(63,331,5)
(81,361,-7)
(76,406,-16)
(89,419,-25)
(88,414,-28)
(81,407,-23)
(71,379,-17)
(62,326,-16)
(60,312,-14)
(57,323,-7)
(68,354,-12)
(67,375,-21)
(72,388,-50)
(73,387,-59)
(64,396,-76)
(75,393,-91)
(81,395,-105)
(82,396,-128)
(82,396,-146)
(84,396,-150)
(89,399,-155)
(91,397,-163)
(85,391,-165)
(104,396,-168)
(95,397,-185)
(98,396,-188)
(107,395,-189)
(108,400,-196)
(117,401,-209)
(128,404,-208)
(128,400,-210)
(123,409,-211)
(109,399,-201)
(99,401,-173)
(89,401,-165)
(91,395,-159)
(75,389,-129)
(74,376,-102)
(57,357,-111)
(46,328,-110)
(44,296,-84)
(46,270,-64)
(53,243,-53)
(55,217,-23)
(68,200,4)
(85,181,31)
(105,173,49)
(115,157,59)
(144,140,82)
(174,132,98)
(196,114,106)
(211,109,103)
(219,103,101)
(248,96,104)
(262,100,112)
(258,100,110)
(270,96,112)
(277,99,117)
(275,93,115)
(256,96,106)
(268,84,100)
(301,73,93)
(330,92,108)
(365,107,121)
(387,133,129)
(399,143,137)
(421,169,141)
(431,189,141)
(430,212,144)
(430,214,156)
(430,228,150)
(429,209,149)
(419,201,149)
(415,177,135)
(405,157,141)
(386,120,122)
(359,107,111)
(332,90,102)
(307,87,89)
(281,79,81)
(251,81,75)
(219,89,87)
(177,111,85)
(132,132,72)
(106,166,68)
(95,181,57)
(76,218,52)
(66,240,44)
(75,239,53)
(75,229,57)
(86,210,72)
(100,182,82)
(139,143,91)
(165,117,97)
(216,94,98)
(265,85,95)
(304,76,92)
(316,78,90)
(344,88,100)
(370,94,104)
(367,97,101)
(364,88,106)
(363,93,111)
(357,97,99)
(322,86,110)
(286,94,118)
(228,96,98)
(184,96,78)
(159,91,23)
(154,90,6)
(150,88,6)
(164,86,12)
(174,98,50)
(203,93,97)
(212,100,106)
(263,115,129)
(311,115,145)
(330,124,134)
(361,143,145)
(384,154,144)
(388,172,152)
(397,167,157)
(384,162,158)
(361,167,157)
(292,144,166)
(270,144,160)
(207,125,127)
(191,137,111)
(142,130,66)
(109,125,-5)
(107,127,-57)
(121,135,-83)
(126,110,-106)
(128,108,-122)
(152,104,-148)
(155,99,-145)
(170,92,-158)
(169,103,-165)
(186,94,-164)
(192,78,-162)
(171,87,-147)
(143,99,-129)
(118,110,-94)
(110,122,-64)
(109,131,-15)
(105,129,-1)
(104,122,-22)
(114,116,-58)
(117,113,-61)
(87,157,-7)
(71,191,11)
(75,209,17)
(76,212,22)
(72,218,28)
(78,228,32)
(77,237,41)
(78,238,38)
(80,254,42)
(71,241,37)
(77,205,29)
(70,192,14)
(77,181,-5)
(74,184,-24)
(76,184,-42)
(74,200,-50)
(63,205,-57)
(61,217,-61)
(57,227,-53)
(61,231,-43)
(59,215,-39)
(67,217,-45)
(57,217,-83)
(62,228,-98)
(61,229,-83)
(58,196,-50)
(76,202,6)
(96,218,74)
(115,269,115)
(153,327,139)
(195,391,129)
(204,422,116)
(225,501,43)
(242,506,-14)
(256,520,-78)
(262,528,-98)
(273,513,-131)
(281,519,-143)
(286,510,-154)
(305,507,-175)
(322,494,-192)
(327,481,-205)
(340,470,-222)
(344,456,-238)
(348,448,-252)
(350,426,-264)
(356,410,-272)
(348,398,-280)
(343,397,-277)
(325,421,-287)
(308,432,-258)
(297,445,-265)
(260,468,-216)
(224,474,-196)
(197,473,-203)
(184,438,-216)
(209,407,-255)
(232,374,-294)
(259,347,-309)
(279,345,-307)
(273,349,-319)
(253,395,-291)
(249,431,-261)
(248,454,-240)
(251,471,-215)
(254,484,-184)
(259,509,-179)
(273,507,-157)
(299,507,-171)
(326,492,-206)
(334,452,-250)
(345,415,-277)
(343,385,-299)
(346,336,-318)
(335,303,-321)
(319,267,-333)
(311,221,-317)
(287,181,-311)
(260,148,-294)
(248,126,-268)
(217,115,-237)
(196,110,-226)
(170,106,-200)
(160,104,-184)
(157,101,-167)
(151,95,-149)
(152,88,-126)
(142,92,-104)
(147,81,-91)
(142,78,-80)
(137,85,-65)
(143,87,-63)
(142,82,-56)
(138,88,-38)
(138,86,-34)
(129,89,-29)
(135,91,-27)
(127,93,-25)
(134,96,-16)
(129,89,-7)
(138,90,-16)
(126,86,-20)
(132,86,-26)
(138,84,-24)
(144,82,-42)
(153,71,-73)
(164,66,-96)
(165,65,-131)
(174,84,-154)
(180,86,-178)
(200,82,-204)
(197,77,-201)
(176,68,-170)
(176,70,-142)
(180,42,-74)
(241,21,-35)
(358,24,-52)
(394,32,-82)
(433,67,-39)
(462,82,-16)
(482,110,8)
(497,157,37)
(505,203,67)
(513,199,59)
(506,192,50)
(497,133,19)
(474,82,-50)
(389,37,-127)
(326,44,-182)
(293,49,-185)
(209,89,-215)
(134,148,-220)
(81,237,-205)
(79,257,-189)
(70,276,-178)
(71,267,-171)
(54,274,-164)
(79,239,-173)
(126,146,-206)
(231,57,-181)
(312,22,-124)
(367,35,-73)
(412,46,-36)
(441,65,-19)
(449,71,-9)
(458,88,2)
(469,101,17)
(473,99,27)
(408,54,-56)
(341,35,-133)
(281,43,-175)
(198,84,-200)
(148,126,-208)
(125,165,-215)
(121,161,-205)
(126,152,-214)
(186,82,-204)
(294,34,-158)
(375,35,-95)
(396,42,-70)
(433,57,-47)
(441,63,-39)
(469,91,-5)
(481,113,-3)
(501,135,7)
(512,172,30)
(519,187,21)
(527,205,23)
(526,218,26)
(530,222,12)
(539,217,19)
(529,199,13)
(516,156,4)
(473,79,-39)
(428,50,-78)
(358,30,-124)
(289,45,-165)
(222,66,-198)
(180,104,-212)
(158,118,-216)
(147,133,-227)
(144,154,-224)
(133,153,-231)
(175,111,-229)
(244,62,-216)
(314,46,-174)
(344,32,-150)
(378,40,-134)
(399,51,-123)
(405,51,-135)
(433,69,-119)
(469,87,-97)
(481,101,-107)
(445,89,-141)
(412,80,-186)
(365,81,-223)
(318,110,-254)
(279,119,-281)
(259,143,-289)
(270,148,-304)
(305,139,-285)
(353,135,-281)
(367,137,-275)
(390,154,-284)
(388,172,-284)
(381,173,-295)
(370,196,-308)
(362,238,-318)
(340,266,-324)
(302,276,-324)
(275,255,-327)
(236,240,-312)
(193,229,-295)
(152,230,-260)
(131,217,-245)
(93,215,-203)
(73,215,-167)
(66,206,-130)
(62,202,-102)
(71,179,-79)
(83,159,-75)
(97,143,-79)
(103,133,-83)
(109,119,-85)
(122,112,-96)
(141,99,-109)
(154,84,-120)
(172,86,-156)
(177,79,-171)
(186,90,-192)
(193,93,-205)
(208,100,-222)
(200,112,-234)
(195,135,-257)
(206,138,-264)
(205,129,-259)
(202,98,-236)
(222,72,-192)
(242,44,-134)
(284,26,-104)
(303,25,-87)
(337,33,-79)
(368,42,-70)
(383,49,-79)
(358,48,-100)
(319,43,-129)
(242,44,-130)
(150,82,-106)
(116,118,-62)
(90,158,-20)
(92,190,46)
(115,221,95)
(183,271,151)
(243,311,179)
(298,322,188)
(376,328,182)
(455,313,133)
(484,298,96)
(511,281,69)
(514,278,70)
(531,263,51)
(521,275,49)
(487,297,97)
(442,332,142)
(376,354,176)
(311,365,173)
(275,381,179)
(222,378,162)
(175,395,131)
(161,387,113)
(138,388,96)
(165,379,117)
(212,376,152)
(270,358,174)
(319,345,185)
(361,329,185)
(390,322,168)
(401,319,167)
(436,306,152)
(460,302,128)
(490,278,104)
(500,282,80)
(505,283,59)
(510,282,70)
(491,301,95)
(448,326,126)
(407,357,157)
(349,365,173)
(292,386,170)
(267,399,159)
(236,410,144)
(221,433,125)
(203,445,101)
(191,447,85)
(193,449,75)
(209,463,77)
(206,458,84)
(211,463,87)
(194,446,84)
(205,447,87)
(209,419,143)
(281,375,157)
(340,356,174)
(379,345,173)
(397,327,167)
(411,319,159)
(421,323,165)
(434,312,154)
(438,318,146)
(439,321,151)
(445,321,135)
(429,319,141)
(416,340,152)
(406,362,156)
(394,354,160)
(396,360,162)
(380,368,160)
(367,375,157)
(338,382,168)
(347,379,167)
(331,387,163)
(323,389,167)
(324,388,168)
(302,402,162)
(294,402,146)
(288,402,158)
(290,410,154)
(272,420,154)
(262,424,146)
(261,415,151)
(252,420,148)
(243,427,137)
(249,417,137)
(230,432,138)
(232,424,130)
(236,422,134)
(251,413,145)
(281,401,155)
(309,383,163)
(297,391,173)
(312,388,164)
(317,393,165)
(315,413,161)
(302,404,162)
(294,400,158)
(276,384,168)
(273,379,173)
(283,391,163)
(295,401,161)
(322,414,144)
(328,428,142)
(309,423,141)
(291,407,153)
(249,395,155)
(236,390,162)
(248,394,150)
(266,412,144)
(268,426,136)
(239,425,131)
(228,424,140)
(204,404,134)
(174,386,134)
(146,380,112)
(134,370,104)
(122,366,92)
(118,376,84)
(122,386,76)
(116,386,68)
(124,392,76)
(144,388,104)
(169,373,121)
(203,359,159)
(241,351,177)
(272,338,192)
(269,343,187)
(257,333,181)
(278,326,190)
(314,312,194)
(310,304,192)
(282,316,196)
(231,331,179)
(197,331,157)
(166,346,140)
(134,340,116)
(107,345,79)
(104,348,72)
(133,357,109)
(141,347,125)
(201,355,157)
(240,346,176)
(274,350,176)
(307,343,183)
(333,337,181)
(349,335,189)
(379,333,175)
(397,325,167)
(408,324,162)
(441,315,155)
(448,302,140)
(467,297,127)
(455,299,133)
(426,328,150)
(363,353,171)
(304,366,184)
(254,384,170)
(214,388,154)
(172,390,126)
(143,383,103)
(118,376,76)
(104,376,50)
(92,376,46)
(80,382,0)
(72,372,-28)
(73,365,-29)
(66,376,-18)
(83,375,-3)
(73,367,-25)
(68,346,-68)
(60,330,-92)
(63,323,-81)
(64,358,-16)
(110,384,62)
(185,405,121)
(205,405,133)
(260,408,150)
(290,402,166)
(314,394,162)
(315,401,157)
(345,399,157)
(375,407,147)
(433,389,121)
(444,378,118)
(461,375,107)
(455,373,115)
(417,387,131)
(368,398,154)
(325,409,157)
(267,417,153)
(213,421,127)
(177,415,99)
(133,407,69)
(108,400,38)
(85,377,-3)
(64,366,-48)
(65,353,-71)
(56,342,-96)
(59,319,-127)
(63,313,-147)
(79,299,-185)
(78,290,-208)
(101,261,-225)
(125,233,-237)
(149,197,-259)
(161,175,-257)
(198,152,-274)
(211,151,-277)
(224,142,-274)
(218,158,-274)
(199,155,-263)
(157,181,-243)
(106,198,-208)
(92,212,-178)
(61,241,-133)
(57,257,-91)
(61,271,-23)
(71,295,11)
(82,322,54)
(99,331,85)
(130,344,112)
(170,348,136)
(202,372,152)
(237,377,163)
(247,379,175)
(280,378,168)
(302,386,170)
(296,386,174)
(274,386,172)
(238,376,162)
(179,377,143)
(116,356,94)
(87,329,51)
(70,318,6)
(52,298,-34)
(53,283,-69)
(52,264,-98)
(64,232,-130)
(70,218,-152)
(78,212,-162)
(78,210,-158)
(74,220,-152)
(58,230,-132)
(48,262,-84)
(48,282,-48)
(61,297,-13)
(75,305,15)
(73,329,37)
(86,344,50)
(103,363,69)
(140,380,90)
(156,390,112)
(179,395,125)
(199,401,135)
(177,409,123)
(148,394,104)
(115,381,71)
(97,365,33)
(65,335,-27)
(46,320,-34)
(53,303,-77)
(50,284,-98)
(59,267,-131)
(65,241,-151)
(68,230,-172)
(81,217,-177)
(97,209,-183)
(86,214,-180)
(69,235,-159)
(57,257,-129)
(49,289,-83)
(57,297,-75)
(59,315,-31)
(69,323,-13)
(81,345,35)
(100,370,64)
(109,373,69)
(135,389,93)
(132,392,90)
(123,387,77)
(98,376,46)
(62,328,-22)
(51,319,-61)
(52,290,-94)
(62,280,-118)
(54,256,-130)
(75,247,-157)
(78,236,-178)
(85,223,-179)
(89,219,-191)
(99,203,-201)
(97,213,-195)
(71,247,-155)
(58,276,-110)
(51,297,-75)
(57,305,-29)
(66,338,8)
(87,353,45)
(112,374,70)
(132,384,88)
(149,383,105)
(169,359,135)
(172,348,146)
(194,294,168)
(206,260,174)
(197,207,159)
(193,201,149)
(168,152,108)
(163,141,81)
(158,134,72)
(149,117,41)
(152,104,38)
(138,98,16)
(134,112,6)
(139,101,17)
(153,107,27)
(164,114,58)
(180,124,94)
(201,135,125)
(211,135,133)
(222,172,152)
(230,176,158)
(228,206,170)
(236,222,182)
(244,238,184)
(246,238,186)
(238,236,186)
(229,223,175)
(214,216,172)
(197,191,157)
(176,182,144)
(151,179,109)
(125,177,81)
(120,168,64)
(101,169,43)
(97,173,25)
(89,163,11)
(95,173,-9)
(88,166,-14)
(77,173,-13)
(84,184,-28)
(82,182,-38)
(79,187,-43)
(66,190,-52)
(71,193,-57)
(59,205,-65)
(61,205,-63)
(66,190,-80)
(68,206,-62)
(70,202,-78)
(63,209,-85)
(62,212,-84)
(76,220,-92)
(59,227,-99)
(59,239,-107)
(54,232,-106)
(60,242,-112)
(58,246,-120)
(59,257,-125)
(58,246,-128)
(58,244,-118)
(58,244,-114)
(57,229,-89)
(57,229,-81)
(68,214,-86)
(62,218,-64)
(67,201,-53)
(68,200,-48)
(68,196,-30)
(67,193,-29)
(65,195,-31)
(77,185,-33)
(74,184,-32)
(75,185,-25)
(71,191,-29)
(73,197,-47)
(74,196,-52)
(68,210,-68)
(59,217,-83)
(64,218,-80)
(66,210,-82)
(59,211,-83)
(68,196,-72)
(77,181,-57)
(84,174,-42)
(92,150,-20)
(93,153,-25)
(105,141,-7)
(106,150,12)
(105,147,21)
(116,154,36)
(114,154,44)
(121,163,49)
(128,170,74)
(125,169,71)
(125,167,77)
(121,169,67)
(117,169,69)
(112,160,48)
(114,154,42)
(113,159,27)
(100,158,4)
(94,148,-14)
(98,152,-20)
(89,147,-29)
(95,155,-35)
(94,162,-22)
(89,159,-19)
(93,155,-5)
(95,151,15)
(97,165,23)
(104,196,40)
(93,197,47)
(91,215,63)
(96,224,58)
(83,231,61)
(99,235,65)
(99,245,65)
(98,236,66)
(89,237,65)
(92,256,66)
(85,249,67)
(98,272,62)
(88,280,66)
(89,297,67)
(101,303,71)
(90,266,78)
(105,225,91)
(114,230,82)
(91,275,71)
(108,328,88)
(118,364,82)
(108,342,78)
(99,273,89)
(116,214,96)
(113,199,87)
(115,195,79)
(107,241,91)
(109,295,103)
(117,349,87)
(104,336,80)
(103,269,97)
(108,248,86)
(121,205,89)
(103,197,75)
(101,201,69)
(101,261,67)
(103,301,71)
(98,312,66)
(103,283,85)
(99,263,71)
(98,238,66)
(98,234,64)
(104,242,84)
(104,272,84)
(104,290,84)
(116,284,94)
(105,247,83)
(105,239,67)
(101,227,65)
(103,223,77)
(108,256,90)
(109,271,81)
(112,288,96)
(112,274,86)
(98,232,86)
(103,227,75)
(99,213,61)
(101,189,53)
(96,176,20)
(106,152,-2)
(113,127,-17)
(132,112,-36)
(134,100,-40)
(136,104,-58)
(134,106,-60)
(133,101,-47)
(128,100,-34)
(130,104,-16)
(147,107,-1)
(143,107,17)
(171,111,57)
(173,107,69)
(180,120,84)
(205,107,95)
(214,114,98)
(223,113,109)
(217,129,113)
(220,116,116)
(216,112,116)
(207,117,105)
(201,115,105)
(186,130,92)
(176,120,82)
(159,113,75)
(155,127,63)
(138,126,50)
(125,141,43)
(122,148,52)
(124,132,40)
(121,143,43)
(141,133,67)
(153,119,65)
(170,116,76)
(175,107,69)
(197,111,91)
(200,106,88)
(207,115,89)
(210,118,106)
(229,115,107)
(222,122,122)
(241,131,131)
(237,127,125)
(248,138,138)
(247,135,159)
(268,154,152)
(273,159,161)
(273,167,173)
(266,182,176)
(271,189,181)
(272,208,190)
(261,215,187)
(267,223,189)
(255,223,195)
(247,221,187)
(224,206,178)
(207,187,165)
(182,180,150)
(179,181,147)
(169,187,133)
(155,175,131)
(157,181,111)
(151,189,121)
(138,198,108)
(136,200,112)
(133,197,111)
(140,202,122)
(151,201,135)
(154,202,130)
(151,185,127)
(140,184,120)
(142,202,116)
(139,215,125)
(136,234,134)
(141,237,141)
(147,231,129)
(150,208,128)
(153,187,127)
(154,178,122)
(155,179,117)
(149,191,115)
(142,214,122)
(142,220,136)
(145,223,137)
(146,224,134)
(160,190,126)
(158,180,126)
(166,172,132)
(153,159,117)
(152,158,108)
(150,162,98)
(151,159,101)
(147,155,97)
(154,152,90)
(151,147,83)
(142,158,86)
(139,147,91)
(140,154,86)
(139,151,85)
(140,144,70)
(128,138,58)
(130,146,62)
(132,140,50)
(134,142,50)
(118,150,52)
(130,152,56)
(136,154,74)
(123,163,81)
(127,185,97)
(127,197,107)
(125,225,105)
(128,238,118)
(141,271,125)
(132,304,126)
(146,324,132)
(146,344,130)
(147,353,123)
(157,377,125)
(158,378,116)
(156,386,110)
(163,391,117)
(158,404,108)
(166,408,100)
(161,409,109)
(167,429,97)
(176,432,88)
(174,442,76)
(181,449,77)
(187,463,59)
(198,470,56)
(215,485,45)
(212,486,40)
(223,497,29)
(227,497,19)
(222,502,22)
(230,512,6)
(240,504,16)
(240,504,6)
(241,511,3)
(244,504,-6)
(247,519,-27)
(251,515,-29)
(256,520,-34)
(260,518,-46)
(260,532,-50)
(265,515,-55)
(275,523,-63)
(279,527,-65)
(284,528,-88)
(281,527,-107)
(308,520,-118)
(301,525,-113)
(317,521,-129)
(317,525,-139)
(329,509,-147)
(345,515,-153)
(344,504,-162)
(355,503,-157)
(351,499,-161)
(355,495,-167)
(343,507,-161)
(322,518,-142)
(294,528,-138)
(281,521,-113)
(281,529,-97)
(285,527,-73)
(284,524,-48)
(275,515,-31)
(263,517,-19)
(268,510,2)
(261,515,21)
(245,503,39)
(242,502,46)
(240,488,48)
(221,475,67)
(213,469,77)
(200,452,86)
(193,443,97)
(189,441,99)
(183,435,101)
(179,437,91)
(194,434,110)
(193,433,105)
(195,453,87)
(204,472,62)
(212,486,48)
(205,481,67)
(210,470,74)
(204,470,70)
(197,463,75)
(197,467,71)
(212,478,50)
(213,481,55)
(208,478,50)
(202,468,66)
(194,458,76)
(196,464,82)
(200,474,60)
(216,482,54)
(211,485,65)
(195,467,67)
(185,463,69)
(207,473,61)
(225,487,39)
(236,490,38)
(219,489,45)
(178,460,58)
(174,440,74)
(196,462,54)
(214,502,10)
(224,500,4)
(213,495,25)
(193,481,35)
(167,459,55)
(164,444,74)
(167,451,53)
(168,460,48)
(174,462,22)
(162,478,10)
(173,483,-7)
(163,487,-19)
(151,477,-27)
(138,468,-32)
(120,456,-38)
(116,448,-36)
(107,423,-41)
(90,398,4)
(93,373,59)
(94,360,64)
(94,350,82)
(99,319,85)
(104,310,72)
(98,324,92)
(112,348,104)
(121,385,97)
(142,404,90)
(143,427,87)
(151,421,91)
(144,428,86)
(146,422,78)
(146,426,68)
(138,422,80)
(125,409,73)
(122,398,62)
(94,402,48)
(91,395,31)
(89,389,15)
(84,394,22)
(89,387,15)
(89,381,21)
(96,388,28)
(100,390,26)
(107,405,31)
(114,416,34)
(130,432,32)
(124,432,24)
(123,445,15)
(122,442,12)
(108,440,-18)
(116,436,-8)
(108,438,-4)
(110,434,-4)
(105,423,19)
(106,404,16)
(104,404,28)
(104,396,42)
(104,400,30)
(98,410,32)
(110,416,22)
(109,415,25)
(104,426,16)
(110,430,0)
(111,433,-7)
(109,441,-13)
(120,452,-22)
(119,455,-29)
(130,464,-38)
(131,453,-49)
(124,462,-48)
(141,473,-75)
(167,489,-95)
(197,505,-103)
(202,500,-86)
(188,504,-66)
(165,479,15)
(160,468,26)
(133,417,71)
(130,378,92)
(112,338,88)
(94,302,80)
(88,282,70)
(90,266,60)
(82,258,44)
(71,253,39)
(72,246,42)
(69,239,31)
(64,232,24)
(66,244,26)
(67,257,25)
(78,262,38)
(82,260,60)
(103,269,79)
(104,278,100)
(106,288,106)
(105,289,113)
(116,294,114)
(141,277,129)
(143,253,133)
(144,230,128)
(147,221,131)
(148,210,136)
(143,201,137)
(144,208,122)
(147,209,127)
(134,214,116)
(135,203,115)
(126,218,114)
(134,222,112)
(135,215,119)
(128,206,114)
(133,211,107)
(131,213,117)
(130,210,118)
(129,209,117)
(134,212,112)
(125,215,101)
(117,205,99)
(112,206,92)
(104,194,80)
(99,197,71)
(110,194,74)
(111,205,73)
(110,222,86)
(114,224,96)
(116,262,106)
(110,284,100)
(114,322,92)
(126,352,94)
(117,337,97)
(114,320,102)
(114,286,98)
(108,250,86)
(94,232,74)
(90,222,68)
(102,222,74)
(100,226,74)
(101,229,75)
(99,279,91)
(105,331,75)
(110,360,76)
(109,341,83)
(104,322,96)
(98,284,100)
(100,238,94)
(92,222,82)
(100,220,78)
(99,231,79)
(103,251,75)
(89,289,85)
(90,306,70)
(80,318,56)
(89,327,49)
(82,318,48)
(74,320,34)
(66,312,24)
(66,300,36)
(66,290,18)
(65,273,9)
(59,273,9)
(63,267,1)
(63,259,-3)
(60,264,12)
(62,262,18)
(64,258,18)
(70,250,22)
(68,240,12)
(66,228,14)
(63,223,-5)
(61,217,-7)
(66,214,-28)
(60,210,-38)
(57,215,-51)
(58,220,-60)
(61,231,-87)
(56,232,-82)
(56,242,-94)
(59,239,-91)
(60,240,-86)
(51,243,-85)
(52,248,-90)
(52,250,-92)
(55,265,-95)
(54,280,-106)
(58,284,-116)
(51,295,-123)
(62,302,-126)
(60,312,-120)
(58,302,-118)
(54,328,-124)
(60,316,-114)
(51,323,-117)
(47,319,-115)
(54,324,-112)
(60,324,-118)
(62,326,-116)
(47,297,-93)
(50,284,-76)
(46,276,-68)
(39,271,-69)
(46,282,-70)
(49,285,-61)
(47,297,-73)
(60,338,-76)
(70,376,-82)
(83,403,-85)
(102,424,-76)
(107,437,-73)
(103,439,-83)
(95,429,-71)
(73,395,-77)
(66,364,-68)
(56,320,-46)
(55,259,-35)
(54,216,-30)
(76,180,2)
(99,159,31)
(111,147,35)
(146,134,88)
(159,147,89)
(174,144,120)
(182,146,118)
(187,187,143)
(186,212,162)
(176,244,162)
(164,314,156)
(170,342,146)
(181,429,103)
(186,470,52)
(213,495,13)
(234,518,-50)
(246,524,-80)
(303,523,-159)
(329,499,-187)
(344,478,-222)
(368,456,-238)
(393,431,-249)
(385,417,-257)
(404,378,-270)
(427,349,-289)
(422,328,-284)
(421,287,-293)
(426,268,-284)
(428,250,-286)
(429,237,-287)
(448,222,-278)
(441,231,-267)
(446,252,-268)
(454,282,-262)
(448,300,-268)
(454,320,-266)
(449,355,-253)
(452,364,-254)
(433,397,-249)
(421,407,-243)
(409,419,-251)
(405,427,-245)
(420,430,-240)
(431,405,-235)
(441,367,-261)
(448,338,-258)
(454,316,-270)
(449,293,-275)
(445,271,-271)
(442,254,-272)
(442,242,-272)
(442,240,-284)
(435,237,-281)
(443,231,-273)
(432,236,-278)
(431,235,-279)
(429,233,-277)
(432,252,-280)
(437,309,-279)
(426,346,-282)
(412,406,-252)
(397,459,-215)
(390,472,-194)
(367,509,-135)
(366,518,-70)
(349,515,-7)
(335,503,45)
(306,466,98)
(279,435,139)
(285,417,161)
(243,341,187)
(209,295,185)
(189,253,179)
(165,227,153)
(116,212,104)
(88,198,50)
(72,200,12)
(62,200,-36)
(57,209,-15)
(62,216,2)
(88,254,62)
(124,304,122)
(159,361,129)
(185,425,113)
(214,468,80)
(260,510,42)
(278,528,-36)
(292,522,-124)
(306,498,-186)
(287,495,-211)
(290,498,-192)
(240,528,-108)
(179,499,-41)
(165,489,-29)
(94,394,14)
(75,331,13)
(61,279,-17)
(56,266,-36)
(59,217,-77)
(66,206,-128)
(101,197,-185)
(120,212,-226)
(145,241,-257)
(166,272,-284)
(176,290,-292)
(177,303,-293)
(174,308,-294)
(186,310,-302)
(182,316,-310)
(188,314,-306)
(179,309,-303)
(167,295,-291)
(157,285,-291)
(155,267,-281)
(154,252,-276)
(143,237,-275)
(134,252,-274)
(143,265,-269)
(126,326,-266)
(137,353,-255)
(138,342,-262)
(135,323,-267)
(112,288,-252)
(109,255,-241)
(110,242,-236)
(113,255,-235)
(104,282,-242)
(104,322,-228)
(108,346,-236)
(110,338,-228)
(106,292,-238)
(100,258,-216)
(107,233,-213)
(90,244,-206)
(87,251,-205)
(88,304,-214)
(100,322,-226)
(103,291,-233)
(101,281,-225)
(64,220,-152)
(78,184,-106)
(92,156,-56)
(108,128,-22)
(127,115,17)
(141,111,35)
(176,124,84)
(191,151,125)
(203,209,169)
(191,285,173)
(206,376,154)
(222,454,118)
(229,495,43)
(252,522,-20)
(266,528,-54)
(288,520,-156)
(285,485,-209)
(285,473,-227)
(282,432,-272)
(281,387,-295)
(303,367,-315)
(290,350,-322)
(284,296,-338)
(282,260,-330)
(288,252,-334)
(291,217,-321)
(289,205,-317)
(293,191,-321)
(280,196,-322)
(289,221,-329)
(299,233,-337)
(305,309,-335)
(324,336,-314)
(331,359,-327)
(340,370,-300)
(341,387,-297)
(344,406,-292)
(338,444,-276)
(334,444,-264)
(317,469,-237)
(300,478,-230)
(307,475,-227)
(304,468,-242)
(316,438,-264)
(319,405,-291)
(336,388,-304)
(345,379,-303)
(372,360,-310)
(365,351,-317)
(375,327,-311)
(376,326,-320)
(362,358,-312)
(376,402,-282)
(379,413,-269)
(394,408,-264)
(387,377,-289)
(373,381,-305)
(360,402,-282)
(370,422,-272)
(402,414,-256)
(407,407,-257)
(384,380,-300)
(363,403,-289)
(376,412,-278)
(402,436,-242)
(391,407,-269)
(361,407,-279)
(339,427,-273)
(330,434,-270)
(310,458,-242)
(293,487,-219)
(288,494,-206)
(299,493,-199)
(317,503,-209)
(324,484,-220)
(294,472,-226)
(289,483,-225)
(270,500,-186)
(278,508,-168)
(298,520,-184)
(299,477,-227)
(298,468,-242)
(244,480,-216)
(206,490,-172)
(190,498,-128)
(180,494,-116)
(129,463,-31)
(126,448,-4)
(89,375,29)
(78,336,38)
(64,294,34)
(48,262,36)
(61,227,23)
(61,227,9)
(61,225,-13)
(58,222,-18)
(62,224,-38)
(57,225,-39)
(57,231,-35)
(61,259,-13)
(60,264,0)
(64,270,22)
(77,263,29)
(86,248,62)
(78,242,66)
(108,220,90)
(121,203,95)
(136,184,102)
(165,175,137)
(183,185,149)
(198,184,158)
(171,191,147)
(139,203,125)
(96,232,90)
(90,250,68)
(64,294,16)
(57,341,-15)
(65,343,-41)
(70,364,-38)
(71,347,-21)
(65,327,7)
(68,314,28)
(99,267,99)
(137,269,131)
(146,252,140)
(159,249,155)
(174,248,160)
(162,260,144)
(142,266,138)
(114,270,110)
(96,284,88)
(73,327,23)
(64,348,-42)
(67,387,-89)
(86,404,-106)
(95,403,-121)
(89,409,-109)
(75,377,-57)
(64,348,-48)
(75,293,15)
(72,274,38)
(106,216,94)
(128,192,118)
(137,191,111)
(133,187,103)
(117,203,87)
(99,209,75)
(62,266,28)
(54,310,-14)
(55,339,-45)
(91,401,-119)
(109,415,-141)
(113,425,-141)
(98,420,-118)
(75,361,-63)
(59,351,-47)
(66,286,36)
(86,244,70)
(108,218,100)
(124,206,116)
(147,195,131)
(152,190,130)
(146,192,124)
(124,214,104)
(93,245,71)
(71,273,37)
(65,283,31)
(74,374,-58)
(87,405,-81)
(99,417,-93)
(120,440,-116)
(119,443,-121)
(110,440,-104)
(93,407,-71)
(79,399,-61)
(69,333,13)
(90,270,68)
(111,227,99)
(141,211,123)
(168,190,142)
(187,181,145)
(183,181,159)
(171,181,143)
(163,199,139)
(126,224,124)
(115,239,113)
(82,314,48)
(76,356,0)
(87,405,-45)
(93,425,-47)
(111,449,-91)
(95,435,-65)
(96,414,-54)
(74,378,-26)
(68,326,8)
(62,314,8)
(58,254,-2)
(59,231,-21)
(57,215,-9)
(95,157,27)
(111,143,49)
(122,140,54)
(106,150,36)
(87,181,41)
(67,241,19)
(59,291,1)
(57,337,-17)
(66,358,-28)
(79,393,-71)
(83,391,-81)
(78,394,-88)
(76,384,-76)
(66,360,-56)
(63,345,-47)
(55,311,-1)
(72,280,20)
(77,255,43)
(88,216,70)
(93,205,75)
(120,168,96)
(127,163,103)
(151,143,95)
(164,136,104)
(178,118,98)
(168,110,86)
(146,126,74)
(139,127,65)
(115,131,45)
(88,164,22)
(77,175,3)
(52,244,-32)
(46,258,-26)
(41,257,-31)
(48,270,-32)
(44,258,-38)
(56,226,8)
(64,212,14)
(99,161,71)
(122,152,74)
(135,121,75)
(148,108,76)
(164,96,68)
(161,89,53)
(158,88,52)
(115,127,25)
(67,161,-5)
(64,176,-10)
(49,223,-31)
(45,233,-35)
(49,271,-61)
(43,277,-63)
(43,307,-81)
(46,316,-98)
(55,333,-113)
(61,339,-115)
(54,348,-124)
(60,372,-110)
(75,387,-109)
(77,393,-117)
(88,396,-122)
(90,404,-124)
(103,411,-127)
(94,416,-128)
(102,414,-122)
(76,390,-90)
(57,363,-57)
(52,304,-20)
(61,265,9)
(58,252,16)
(83,191,61)
(100,164,60)
(105,157,59)
(112,142,62)
(150,120,66)
(148,116,70)
(131,119,53)
(112,128,12)
(93,135,1)
(72,170,-30)
(58,200,-44)
(57,215,-11)
(66,236,32)
(68,244,46)
(82,252,60)
(81,245,63)
(95,199,75)
(114,176,92)
(119,155,97)
(143,125,79)
(126,138,70)
(88,158,22)
(55,205,-45)
(61,195,-49)
(51,219,-79)
(56,244,-94)
(52,248,-106)
(51,253,-105)
(49,255,-111)
(51,261,-121)
(52,258,-122)
(49,265,-119)
(49,269,-117)
(58,270,-126)
(48,282,-124)
(54,280,-130)
(54,292,-132)
(59,305,-145)
(57,313,-155)
(67,317,-157)
(54,320,-148)
(62,318,-152)
(56,312,-156)
(56,320,-158)
(56,308,-160)
(55,287,-151)
(56,248,-126)
(48,230,-118)
(72,204,-118)
(66,184,-96)
(70,172,-84)
(66,172,-100)
(70,186,-106)
(66,180,-110)
(68,196,-126)
(66,202,-134)
(70,212,-154)
(72,216,-160)
(79,227,-173)
(85,229,-175)
(84,230,-172)
(80,224,-180)
(83,205,-153)
(79,185,-131)
(75,183,-131)
(78,158,-106)
(88,150,-100)
(85,141,-87)
(91,143,-71)
(88,130,-78)
(90,142,-82)
(87,155,-91)
(74,158,-100)
(61,179,-115)
(75,199,-125)
(71,207,-133)
(64,202,-130)
(68,202,-126)
(63,187,-125)
(75,165,-101)
(85,153,-87)
(89,139,-69)
(96,122,-76)
(98,128,-68)
(98,120,-64)
(103,119,-71)
(108,116,-66)
(110,100,-40)
(120,110,-44)
(110,108,-40)
(105,129,-65)
(82,146,-80)
(78,154,-90)
(75,179,-109)
(70,186,-116)
(71,203,-125)
(72,200,-128)
(69,201,-123)
(76,170,-114)
(84,174,-108)
(104,134,-100)
(103,115,-89)
(127,99,-65)
(147,79,-39)
(163,67,-29)
(162,60,-22)
(168,66,-20)
(167,61,-11)
(177,51,-7)
(189,59,5)
(185,53,19)
(190,58,18)
(140,112,46)
(122,166,72)
(98,186,86)
(95,313,85)
(103,347,79)
(141,431,47)
(156,470,16)
(152,476,4)
(169,499,-49)
(154,496,-66)
(154,482,-74)
(148,476,-66)
(110,446,-22)
(105,411,-3)
(104,438,-26)
(117,445,-33)
(126,468,-68)
(134,474,-82)
(184,488,-134)
(254,510,-152)
(261,505,-157)
(296,496,-184)
(293,495,-189)
(351,479,-219)
(370,462,-222)
(392,448,-224)
(394,446,-224)
(434,418,-228)
(447,399,-233)
(452,400,-220)
(472,358,-238)
(470,330,-248)
(466,312,-248)
(478,280,-246)
(479,279,-245)
(483,261,-241)
(485,279,-239)
(470,312,-252)
(466,354,-244)
(461,373,-237)
(415,425,-235)
(407,425,-241)
(350,440,-252)
(312,456,-254)
(262,452,-246)
(249,459,-237)
(181,453,-211)
(171,455,-187)
(123,449,-105)
(104,428,-58)
(84,400,-20)
(76,358,20)
(98,338,80)
(126,330,122)
(151,311,155)
(166,304,154)
(216,300,184)
(237,303,185)
(327,307,191)
(323,301,197)
(287,309,191)
(193,327,171)
(166,332,148)
(101,337,79)
(58,348,-58)
(64,318,-146)
(72,310,-164)
(104,282,-232)
(120,284,-238)
(130,282,-254)
(121,293,-245)
(117,299,-239)
(96,322,-196)
(62,344,-146)
(61,355,-99)
(73,351,-79)
(76,360,-10)
(71,351,1)
(96,356,34)
(108,356,68)
(112,374,82)
(139,369,107)
(147,377,115)
(156,386,118)
(148,388,110)
(95,385,43)
(94,378,20)
(61,359,-49)
(60,352,-102)
(65,345,-121)
(72,350,-144)
(72,342,-164)
(89,341,-185)
(95,339,-195)
(106,332,-214)
(108,336,-220)
(107,329,-217)
(107,329,-223)
(118,318,-230)
(114,324,-236)
(122,312,-246)
(126,322,-248)
(110,336,-220)
(101,345,-197)
(92,352,-186)
(87,365,-159)
(81,363,-149)
(80,388,-112)
(80,382,-98)
(77,399,-79)
(88,402,-62)
(95,413,-21)
(101,413,-17)
(102,412,0)
(108,414,16)
(116,408,38)
(120,408,36)
(107,401,29)
(100,408,6)
(89,403,-43)
(80,394,-56)
(76,378,-112)
(70,364,-132)
(96,352,-186)
(104,346,-210)
(106,342,-218)
(128,328,-246)
(127,323,-253)
(155,315,-267)
(169,309,-297)
(183,301,-291)
(193,291,-285)
(196,280,-302)
(208,282,-304)
(219,253,-311)
(232,230,-298)
(234,222,-310)
(250,210,-314)
(250,210,-298)
(235,229,-311)
(194,254,-296)
(174,284,-290)
(125,339,-241)
(123,379,-205)
(107,383,-195)
(127,345,-229)
(171,231,-273)
(188,212,-266)
(165,207,-267)
(146,220,-256)
(94,254,-218)
(90,278,-198)
(55,291,-155)
(51,297,-101)
(54,288,-76)
(60,290,-52)
(56,276,-8)
(52,268,-4)
(68,250,20)
(70,224,32)
(74,200,24)
(81,197,15)
(82,184,10)
(88,180,8)
(94,180,8)
(96,168,20)
(100,164,20)
(107,167,35)
(108,184,62)
(111,195,81)
(133,199,109)
(159,193,135)
(191,187,157)
(203,191,157)
(228,176,180)
(243,181,173)
(291,163,175)
(303,139,153)
(294,124,156)
(295,89,123)
(284,66,86)
(256,52,44)
(256,52,36)
(239,53,-1)
(225,47,-9)
(223,47,-25)
(218,48,-24)
(222,46,-8)
(225,47,-1)
(231,51,21)
(248,54,44)
(252,54,52)
(271,83,105)
(264,94,116)
(264,108,140)
(257,119,141)
(257,139,155)
(246,144,166)
(243,141,167)
(253,139,157)
(252,118,138)
(249,113,129)
(244,96,114)
(236,84,98)
(232,76,88)
(200,76,58)
(189,73,45)
(173,75,33)
(147,87,-5)
(146,78,-14)
(113,107,-49)
(119,109,-63)
(100,124,-74)
(89,147,-89)
(79,147,-101)
(81,141,-87)
(78,142,-90)
(86,140,-76)
(95,123,-49)
(117,107,-21)
(132,98,0)
(148,96,28)
(162,88,56)
(184,92,70)
(174,88,58)
(168,82,58)
(165,91,51)
(149,93,31)
(135,101,5)
(122,114,-14)
(108,116,-28)
(96,124,-44)
(87,127,-67)
(84,142,-70)
(77,167,-97)
(79,169,-109)
(78,200,-150)
(69,213,-159)
(72,238,-188)
(74,242,-180)
(84,258,-200)
(90,254,-210)
(81,255,-193)
(54,210,-144)
(62,178,-82)
(84,148,-14)
(109,139,49)
(145,143,97)
(178,148,140)
(195,177,173)
(217,211,181)
(228,248,192)
(237,259,193)
(238,322,198)
(243,331,193)
(250,366,176)
(254,384,170)
(265,431,149)
(271,435,143)
(285,465,107)
(282,472,96)
(285,511,19)
(282,518,4)
(255,525,-47)
(246,524,-58)
(232,524,-80)
(228,526,-92)
(229,519,-85)
(233,521,-65)
(242,518,-28)
(251,509,13)
(244,504,46)
(244,486,66)
(240,474,88)
(242,456,112)
(234,440,136)
(236,442,128)
(238,432,128)
(240,426,132)
(238,422,144)
(228,412,148)
(235,397,163)
(227,379,167)
(222,376,164)
(217,373,175)
(220,378,172)
(223,369,173)
(221,367,177)
(221,379,157)
(215,383,157)
(210,394,146)
(209,423,139)
(222,414,140)
(212,434,126)
(209,441,117)
(208,452,106)
(212,452,104)
(217,461,93)
(218,470,90)
(224,470,96)
(217,459,101)
(215,463,107)
(225,475,95)
(219,463,91)
(204,448,106)
(202,444,110)
(216,440,128)
(215,435,119)
(224,450,122)
(218,458,114)
(217,439,117)
(211,421,133)
(227,417,141)
(239,427,139)
(235,427,133)
(238,424,142)
(237,415,157)
(248,388,164)
(244,364,184)
(257,345,185)
(244,330,192)
(227,309,197)
(224,302,198)
(197,281,187)
(169,269,167)
(140,266,144)
(122,264,122)
(115,267,123)
(99,257,105)
(90,258,88)
(83,257,85)
(68,260,66)
(75,255,57)
(69,245,57)
(69,267,49)
(64,264,48)
(58,254,44)
(66,262,50)
(73,247,65)
(83,249,83)
(95,247,87)
(109,247,107)
(119,239,119)
(126,246,122)
(144,248,142)
(146,248,148)
(149,257,155)
(156,248,152)
(133,263,141)
(137,249,137)
(112,246,120)
(96,244,104)
(90,242,82)
(90,242,86)
(91,249,93)
(107,255,105)
(119,243,121)
(144,248,154)
(162,260,164)
(168,266,170)
(176,272,176)
(193,299,181)
(194,324,184)
(211,395,161)
(201,447,109)
(211,457,101)
(201,493,43)
(208,494,14)
(221,515,-85)
(234,522,-114)
(241,517,-121)
(257,513,-169)
(276,500,-200)
(297,473,-233)
(307,443,-259)
(317,417,-277)
(317,401,-289)
(318,378,-306)
(313,351,-313)
(316,338,-308)
(320,300,-328)
(318,282,-320)
(310,264,-328)
(309,251,-331)
(306,230,-326)
(301,209,-317)
(297,205,-311)
(295,175,-301)
(287,161,-297)
(284,160,-302)
(260,140,-282)
(255,139,-267)
(238,136,-266)
(225,123,-257)
(218,110,-248)
(210,112,-244)
(199,101,-221)
(204,102,-220)
(188,90,-206)
(183,93,-189)
(174,82,-178)
(177,89,-169)
(159,79,-153)
(157,83,-151)
(163,87,-151)
(168,78,-156)
(183,75,-163)
(208,74,-180)
(224,66,-186)
(228,74,-194)
(272,70,-206)
(294,74,-220)
(333,83,-233)
(361,93,-227)
(378,96,-232)
(424,128,-236)
(461,163,-229)
(471,227,-247)
(456,280,-274)
(432,318,-276)
(430,332,-278)
(375,371,-301)
(277,405,-299)
(183,395,-271)
(110,358,-226)
(76,304,-196)
(67,293,-173)
(47,255,-147)
(50,248,-146)
(43,223,-101)
(40,228,-106)
(36,248,-16)
(43,257,11)
(76,302,82)
(75,307,83)
(73,305,59)
(64,280,50)
(59,259,45)
(61,235,27)
(56,230,26)
(60,230,40)
(67,245,39)
(62,248,42)
(61,253,37)
(60,254,48)
(59,247,41)
(63,259,47)
(69,249,41)
(70,252,56)
(65,249,49)
(58,250,58)
(71,251,55)
(69,263,67)
(69,275,67)
(74,266,70)
