(-196,248,-244)
(-192,258,-252)
(-183,253,-253)
(-186,254,-246)
(-185,243,-249)
(-194,246,-250)
(-186,240,-248)
(-190,244,-240)
(-189,249,-253)
(-186,244,-248)
(-179,243,-257)
(-178,242,-258)
(-168,208,-268)
(-147,187,-279)
(-125,175,-291)
(-123,171,-299)
(-133,175,-287)
(-138,190,-290)
(-146,212,-304)
(-152,254,-324)
(-149,287,-317)
(-148,304,-328)
(-125,365,-343)
(-98,382,-358)
(-68,402,-370)
(-28,406,-380)
(16,418,-394)
(30,412,-396)
(84,416,-392)
(121,401,-385)
(148,388,-358)
(181,383,-351)
(201,363,-341)
(216,356,-332)
(232,336,-324)
(234,336,-324)
(238,328,-304)
(246,316,-296)
(252,298,-294)
(260,294,-284)
(261,289,-283)
(269,263,-263)
(276,254,-260)
(263,233,-241)
(267,217,-245)
(273,201,-243)
(257,187,-237)
(245,165,-239)
(241,137,-233)
(223,127,-247)
(194,118,-242)
(189,97,-241)
(168,88,-242)
(145,67,-225)
(121,57,-215)
(104,50,-220)
(105,49,-219)
(124,52,-206)
(133,59,-205)
(179,81,-165)
(212,96,-148)
(235,125,-143)
(267,179,-135)
(286,242,-162)
(289,265,-171)
(295,283,-193)
(286,310,-226)
(279,323,-249)
(259,329,-275)
(249,315,-297)
(244,294,-306)
(233,277,-315)
(215,259,-333)
(199,241,-339)
(191,229,-353)
(163,221,-365)
(137,217,-377)
(127,217,-387)
(78,216,-398)
(65,207,-395)
(43,205,-399)
(30,196,-400)
(5,195,-387)
(-15,191,-385)
(-40,182,-370)
(-54,174,-344)
(-63,157,-329)
(-62,130,-308)
(-51,119,-295)
(-30,92,-268)
(-10,80,-252)
(3,71,-243)
(19,73,-239)
(61,63,-235)
(67,63,-233)
(110,70,-228)
(137,79,-237)
(156,90,-238)
(169,95,-245)
(180,110,-256)
(205,125,-257)
(204,138,-258)
(227,155,-261)
(226,172,-268)
(239,161,-275)
(232,162,-268)
(216,150,-272)
(199,127,-261)
(170,86,-252)
(113,65,-233)
(87,57,-215)
(48,54,-214)
(9,47,-209)
(-16,62,-206)
(-55,83,-213)
(-64,86,-222)
(-101,115,-237)
(-129,127,-245)
(-134,182,-280)
(-141,193,-291)
(-125,251,-337)
(-124,270,-356)
(-110,274,-370)
(-107,265,-367)
(-107,265,-355)
(-123,237,-339)
(-137,221,-317)
(-139,199,-305)
(-120,150,-266)
(-101,117,-241)
(-59,85,-229)
(-32,66,-236)
(-8,62,-220)
(24,52,-228)
(43,55,-227)
(65,59,-243)
(75,65,-247)
(106,68,-244)
(111,59,-241)
(114,72,-244)
(103,71,-245)
(66,62,-258)
(39,61,-265)
(4,72,-274)
(-14,82,-286)
(-46,112,-294)
(-68,128,-314)
(-74,142,-322)
(-86,192,-340)
(-88,216,-356)
(-83,235,-375)
(-76,248,-382)
(-56,274,-396)
(-14,296,-414)
(-2,320,-412)
(10,328,-428)
(31,347,-411)
(60,352,-414)
(81,383,-403)
(102,374,-390)
(122,372,-380)
(152,388,-366)
(167,371,-369)
(188,376,-348)
(208,364,-338)
(222,370,-330)
(223,369,-317)
(246,362,-304)
(255,349,-285)
(265,331,-265)
(267,325,-261)
(283,305,-245)
(287,277,-225)
(291,245,-209)
(289,241,-201)
(296,232,-196)
(287,215,-189)
(274,186,-168)
(270,176,-162)
(255,149,-155)
(253,131,-159)
(240,114,-150)
(236,114,-150)
(240,110,-134)
(245,129,-135)
(267,163,-133)
(276,180,-134)
(284,218,-116)
(285,245,-119)
(292,282,-136)
(294,300,-130)
(303,329,-147)
(288,352,-158)
(288,356,-190)
(282,364,-202)
(264,366,-234)
(259,367,-271)
(240,360,-298)
(230,366,-306)
(215,343,-327)
(209,349,-349)
(194,318,-364)
(174,302,-374)
(167,287,-383)
(164,272,-384)
(151,255,-383)
(140,232,-386)
(147,219,-383)
(144,208,-382)
(145,203,-373)
(142,196,-374)
(137,189,-371)
(132,178,-372)
(129,167,-371)
(110,162,-374)
(105,163,-367)
(87,153,-367)
(75,157,-367)
(80,164,-378)
(74,170,-384)
(68,180,-388)
(76,192,-390)
(68,210,-400)
(71,221,-401)
(70,232,-410)
(87,259,-409)
(94,266,-410)
(109,287,-409)
(125,309,-409)
(135,329,-397)
(167,339,-383)
(181,339,-363)
(199,353,-347)
(213,341,-339)
(212,334,-340)
(199,333,-355)
(194,334,-352)
(180,328,-370)
(170,318,-380)
(165,297,-381)
(149,301,-395)
(142,274,-400)
(126,274,-400)
(117,245,-399)
(103,231,-401)
(100,218,-402)
(102,208,-390)
(87,213,-401)
(79,217,-403)
(72,222,-404)
(72,228,-408)
(82,244,-406)
(91,265,-405)
(95,273,-407)
(109,297,-407)
(118,312,-408)
(128,334,-396)
(138,354,-396)
(158,370,-378)
(170,372,-360)
(180,364,-350)
(179,367,-361)
(183,369,-363)
(182,366,-366)
(181,361,-361)
(174,362,-360)
(175,371,-361)
(168,366,-364)
(173,375,-361)
(177,369,-361)
(177,371,-367)
(169,369,-363)
(164,364,-380)
(154,378,-376)
(136,382,-374)
(113,403,-377)
(94,428,-376)
(93,435,-365)
(76,454,-354)
(76,454,-358)
(60,466,-340)
(47,483,-341)
(49,475,-331)
(36,486,-328)
(34,492,-316)
(23,493,-307)
(19,491,-319)
(21,493,-319)
(29,497,-323)
(17,487,-315)
(30,488,-314)
(30,492,-310)
(22,494,-308)
(20,496,-314)
(19,493,-317)
(20,492,-312)
(24,494,-312)
(25,499,-307)
(20,496,-314)
(22,492,-308)
(14,500,-306)
(17,505,-309)
(15,497,-307)
(22,502,-314)
(20,490,-306)
(16,492,-304)
(16,492,-308)
(19,491,-307)
(13,497,-311)
(18,484,-312)
(18,500,-314)
(21,495,-313)
(17,497,-309)
(14,496,-316)
(19,491,-315)
(13,485,-325)
(21,481,-331)
(32,452,-356)
(28,456,-364)
(44,438,-358)
(73,443,-365)
(76,448,-360)
(76,454,-348)
(76,466,-346)
(83,465,-333)
(84,460,-340)
(79,463,-339)
(70,458,-342)
(76,466,-338)
(75,459,-341)
(61,463,-347)
(40,462,-342)
(25,463,-345)
(23,467,-343)
(4,468,-344)
(-10,464,-330)
(-20,468,-330)
(-18,472,-340)
(-18,470,-326)
(0,476,-324)
(-6,474,-326)
(-4,476,-332)
(-4,462,-330)
(9,467,-339)
(4,452,-352)
(10,442,-360)
(8,424,-382)
(16,402,-382)
(32,364,-404)
(36,290,-412)
(50,246,-404)
(71,203,-387)
(84,184,-376)
(100,146,-352)
(115,119,-329)
(114,110,-310)
(115,109,-295)
(101,103,-303)
(82,90,-290)
(79,87,-289)
(66,86,-286)
(45,83,-283)
(44,82,-274)
(35,89,-271)
(38,76,-270)
(49,63,-257)
(49,65,-255)
(59,69,-261)
(75,73,-263)
(72,82,-268)
(65,75,-263)
(53,83,-279)
(42,106,-314)
(16,124,-334)
(4,128,-348)
(0,158,-364)
(-2,178,-378)
(13,209,-397)
(47,245,-403)
(86,258,-412)
(101,275,-411)
(140,294,-398)
(156,320,-390)
(169,335,-383)
(188,326,-358)
(202,332,-350)
(240,324,-304)
(255,331,-285)
(259,319,-277)
(276,316,-264)
(271,303,-249)
(279,289,-251)
(270,290,-262)
(268,306,-266)
(246,334,-308)
(213,355,-333)
(199,355,-347)
(138,340,-388)
(126,324,-394)
(90,310,-408)
(62,284,-412)
(38,252,-410)
(34,238,-412)
(18,218,-408)
(-1,209,-397)
(-12,198,-386)
(-22,168,-364)
(-35,167,-369)
(-44,154,-342)
(-43,139,-319)
(-30,116,-304)
(-19,97,-285)
(-9,83,-281)
(35,75,-251)
(62,66,-250)
(80,72,-250)
(98,78,-254)
(146,94,-266)
(136,100,-278)
(173,129,-289)
(197,153,-307)
(216,176,-308)
(222,200,-314)
(227,241,-325)
(211,261,-333)
(231,269,-335)
(224,280,-336)
(221,305,-345)
(224,314,-338)
(214,336,-338)
(205,349,-347)
(198,350,-348)
(207,343,-351)
(203,323,-357)
(197,293,-359)
(179,245,-365)
(167,223,-367)
(132,180,-366)
(109,167,-367)
(93,127,-351)
(71,125,-353)
(58,114,-334)
(28,114,-332)
(5,115,-335)
(6,120,-346)
(-22,152,-358)
(-42,188,-384)
(-34,224,-394)
(-27,237,-399)
(-8,264,-412)
(19,289,-415)
(22,314,-420)
(43,345,-413)
(46,348,-412)
(48,372,-408)
(63,379,-391)
(76,386,-394)
(69,383,-395)
(72,390,-390)
(44,426,-382)
(-3,451,-363)
(-36,472,-326)
(-41,481,-311)
(-39,501,-279)
(-37,517,-267)
(-15,517,-239)
(-12,528,-224)
(16,540,-206)
(41,539,-199)
(57,545,-199)
(91,541,-195)
(119,537,-197)
(153,515,-207)
(162,508,-206)
(182,480,-218)
(193,487,-235)
(199,473,-239)
(196,474,-264)
(186,476,-270)
(181,469,-289)
(179,469,-289)
(164,470,-290)
(174,480,-284)
(166,482,-264)
(156,484,-260)
(160,498,-262)
(156,496,-258)
(152,496,-260)
(136,496,-272)
(132,490,-284)
(146,482,-300)
(145,457,-319)
(159,431,-339)
(181,407,-335)
(224,366,-314)
(250,320,-288)
(281,293,-245)
(290,276,-208)
(287,271,-175)
(291,253,-155)
(286,248,-140)
(290,250,-150)
(283,243,-149)
(289,257,-197)
(285,261,-221)
(255,279,-301)
(212,300,-338)
(195,307,-355)
(145,335,-391)
(96,354,-408)
(62,362,-408)
(23,391,-397)
(-1,421,-381)
(-40,444,-350)
(-57,477,-311)
(-60,486,-296)
(-48,504,-258)
(-21,519,-261)
(-7,525,-253)
(27,515,-285)
(23,501,-317)
(22,482,-336)
(37,409,-389)
(53,365,-397)
(155,261,-381)
(185,235,-357)
(232,146,-250)
(231,127,-133)
(235,149,-75)
(231,157,-57)
(232,170,-44)
(232,166,-46)
(239,175,-51)
(240,152,-114)
(234,152,-140)
(222,160,-262)
(191,179,-327)
(160,198,-356)
(93,233,-395)
(71,247,-403)
(12,296,-410)
(-62,348,-384)
(-122,382,-334)
(-124,398,-306)
(-146,390,-276)
(-150,418,-272)
(-125,409,-303)
(-104,404,-330)
(12,356,-392)
(116,264,-404)
(150,230,-378)
(185,139,-283)
(184,102,-174)
(170,84,-96)
(155,97,-47)
(151,103,-19)
(149,105,-31)
(156,96,-48)
(180,86,-182)
(170,100,-240)
(128,152,-346)
(89,179,-377)
(26,230,-396)
(-45,265,-397)
(-83,277,-375)
(-155,293,-311)
(-171,279,-275)
(-193,267,-235)
(-190,266,-218)
(-202,260,-196)
(-202,264,-178)
(-204,266,-198)
(-204,274,-202)
(-183,281,-265)
(-167,219,-281)
(-153,199,-283)
(-119,165,-297)
(-70,126,-312)
(-42,118,-312)
(-15,107,-319)
(5,99,-323)
(14,96,-310)
(24,94,-322)
(35,99,-307)
(39,91,-321)
(31,91,-327)
(34,94,-318)
(35,91,-319)
(52,86,-320)
(44,94,-324)
(49,87,-325)
(54,104,-326)
(39,89,-319)
(15,95,-329)
(-28,122,-342)
(-52,144,-344)
(-69,181,-353)
(-84,204,-358)
(-94,246,-368)
(-97,275,-357)
(-104,288,-362)
(-118,328,-356)
(-109,349,-355)
(-105,369,-355)
(-100,384,-354)
(-91,397,-355)
(-73,423,-359)
(-53,433,-349)
(-41,433,-365)
(-27,441,-367)
(-13,453,-365)
(-3,439,-361)
(28,452,-364)
(52,454,-376)
(93,445,-367)
(107,439,-371)
(115,431,-363)
(136,426,-362)
(146,424,-360)
(168,406,-360)
(172,396,-358)
(174,394,-356)
(176,398,-350)
(179,405,-357)
(182,402,-356)
(160,408,-364)
(156,408,-370)
(95,439,-379)
(80,434,-382)
(67,419,-397)
(66,364,-404)
(75,337,-409)
(106,276,-404)
(151,211,-371)
(215,147,-275)
(218,106,-160)
(210,110,-108)
(202,128,-46)
(197,147,5)
(200,180,18)
(211,163,-1)
(220,144,-66)
(220,136,-100)
(226,124,-192)
(223,123,-219)
(198,132,-264)
(172,140,-310)
(163,137,-317)
(138,140,-336)
(138,158,-348)
(122,166,-372)
(138,160,-352)
(167,157,-329)
(189,165,-321)
(219,171,-299)
(229,193,-299)
(237,225,-297)
(258,194,-248)
(267,163,-139)
(247,171,-59)
(249,185,-41)
(240,196,-18)
(236,200,-4)
(231,189,1)
(222,178,20)
(198,178,28)
(194,186,28)
(178,182,42)
(184,198,52)
(175,209,59)
(172,222,64)
(176,242,80)
(176,258,92)
(167,279,87)
(154,282,96)
(149,299,103)
(142,310,106)
(148,324,102)
(138,326,94)
(141,335,107)
(123,343,111)
(113,341,109)
(115,343,115)
(99,337,117)
(88,368,110)
(78,376,114)
(69,377,109)
(59,403,105)
(62,410,104)
(45,417,101)
(38,422,96)
(33,447,75)
(30,460,60)
(15,475,47)
(0,490,22)
(-13,505,7)
(-7,511,15)
(-32,516,-18)
(-41,519,-25)
(-44,530,-46)
(-60,522,-52)
(-57,527,-61)
(-64,530,-68)
(-77,527,-77)
(-88,514,-86)
(-86,526,-84)
(-95,515,-99)
(-103,517,-79)
(-114,504,-88)
(-112,496,-94)
(-120,502,-98)
(-116,494,-104)
(-129,489,-107)
(-140,490,-110)
(-145,485,-109)
(-141,479,-121)
(-142,486,-132)
(-153,471,-129)
(-159,475,-133)
(-158,462,-134)
(-167,457,-139)
(-176,448,-140)
(-177,445,-141)
(-167,443,-139)
(-174,440,-126)
(-168,438,-112)
(-154,464,-106)
(-149,479,-95)
(-132,484,-86)
(-107,493,-77)
(-99,503,-81)
(-98,516,-82)
(-103,511,-89)
(-112,506,-98)
(-128,494,-96)
(-142,484,-94)
(-147,475,-103)
(-130,488,-94)
(-116,496,-88)
(-85,527,-99)
(-96,522,-112)
(-117,509,-131)
(-136,498,-138)
(-146,486,-144)
(-140,494,-124)
(-107,507,-107)
(-54,542,-104)
(4,562,-114)
(23,561,-135)
(3,557,-127)
(-14,548,-100)
(-2,524,-28)
(51,515,21)
(126,470,36)
(183,435,31)
(206,414,22)
(221,423,3)
(214,434,-4)
(205,429,31)
(210,412,36)
(210,384,46)
(218,358,52)
(244,366,30)
(250,398,-16)
(237,433,-23)
(216,432,-6)
(230,404,24)
(226,354,42)
(241,337,39)
(261,381,-11)
(246,398,-46)
(242,436,-30)
(238,400,4)
(240,348,24)
(252,310,32)
(247,305,27)
(257,335,-3)
(266,378,-36)
(254,408,-46)
(257,409,-35)
(240,396,4)
(236,354,26)
(248,322,32)
(244,314,30)
(259,371,-23)
(264,388,-24)
(254,404,-14)
(249,373,-3)
(262,360,8)
(261,323,3)
(277,323,-9)
(287,347,-49)
(284,386,-66)
(277,405,-69)
(251,421,-43)
(241,415,-13)
(247,367,19)
(248,314,14)
(263,261,17)
(267,283,-3)
(277,319,-27)
(277,345,-25)
(266,312,0)
(260,264,2)
(248,218,18)
(242,220,24)
(256,238,16)
(278,296,-18)
(276,306,-24)
(275,273,-9)
(266,258,-4)
(243,223,9)
(243,209,15)
(274,268,-22)
(278,292,-28)
(277,267,-23)
(261,239,-9)
(243,201,5)
(239,199,5)
(260,210,0)
(285,277,-31)
(273,375,-45)
(274,374,-36)
(272,394,-36)
(265,403,-35)
(234,424,-16)
(214,440,-16)
(218,440,-2)
(247,411,-17)
(261,387,-19)
(275,337,-41)
(285,295,-39)
(282,274,-36)
(289,243,-51)
(272,210,-42)
(264,190,-48)
(263,167,-49)
(253,157,-47)
(223,131,-39)
(221,121,-29)
(197,117,-17)
(191,113,-11)
(185,119,-5)
(170,108,0)
(166,120,16)
(159,117,21)
(152,126,36)
(172,122,26)
(175,131,17)
(203,141,5)
(230,170,-8)
(233,177,-11)
(261,201,-27)
(255,213,-25)
(269,237,-23)
(273,261,-29)
(280,282,-16)
(270,300,-10)
(269,307,3)
(266,318,0)
(267,309,5)
(278,290,-16)
(274,272,-16)
(279,253,-21)
(270,238,-16)
(261,217,-17)
(258,204,-12)
(255,207,-9)
(251,189,1)
(244,198,-8)
(255,179,-17)
(248,182,-36)
(250,166,-24)
(243,167,-21)
(243,165,-21)
(232,156,-18)
(226,154,0)
(206,158,10)
(206,152,10)
(215,137,-5)
(219,119,-35)
(216,118,-48)
(223,115,-53)
(211,113,-59)
(215,113,-75)
(223,113,-73)
(217,109,-69)
(214,118,-64)
(212,112,-68)
(201,99,-83)
(181,83,-79)
(167,73,-81)
(152,60,-82)
(118,52,-80)
(79,37,-81)
(41,33,-83)
(12,34,-82)
(-2,42,-84)
(-3,37,-87)
(-23,35,-85)
(-16,42,-102)
(-3,35,-105)
(54,32,-136)
(134,52,-188)
(166,82,-234)
(183,97,-255)
(214,142,-280)
(230,168,-292)
(255,219,-289)
(261,239,-281)
(280,268,-262)
(278,304,-244)
(294,318,-210)
(298,346,-200)
(285,375,-179)
(289,377,-175)
(281,405,-157)
(274,420,-142)
(259,433,-111)
(248,448,-116)
(243,451,-103)
(235,465,-85)
(236,478,-88)
(230,476,-80)
(214,470,-80)
(217,487,-79)
(229,477,-89)
(235,467,-113)
(260,452,-142)
(267,425,-173)
(271,411,-199)
(286,390,-206)
(286,378,-212)
(285,367,-203)
(292,362,-206)
(287,357,-213)
(279,389,-207)
(266,416,-188)
(270,428,-180)
(248,448,-168)
(233,469,-153)
(219,489,-131)
(201,501,-119)
(183,515,-119)
(191,511,-111)
(225,499,-141)
(253,461,-145)
(272,422,-152)
(289,385,-159)
(296,352,-166)
(302,334,-170)
(305,319,-167)
(305,305,-165)
(303,315,-171)
(296,338,-168)
(289,371,-159)
(285,399,-151)
(274,434,-142)
(250,452,-126)
(229,473,-109)
(218,484,-94)
(212,492,-94)
(200,502,-86)
(203,487,-93)
(217,485,-95)
(243,469,-101)
(252,456,-108)
(271,409,-123)
(296,368,-124)
(294,352,-126)
(300,304,-138)
(294,288,-130)
(310,274,-140)
(296,268,-134)
(309,275,-137)
(298,312,-144)
(305,325,-145)
(292,366,-142)
(267,429,-137)
(239,459,-129)
(204,492,-120)
(202,506,-108)
(148,530,-86)
(94,552,-86)
(40,558,-88)
(24,554,-88)
(-38,544,-78)
(-58,530,-84)
(-98,506,-80)
(-128,478,-84)
(-150,454,-84)
(-176,428,-80)
(-185,419,-103)
(-199,389,-115)
(-204,386,-138)
(-203,367,-133)
(-205,335,-147)
(-213,323,-139)
(-220,336,-124)
(-201,351,-101)
(-167,435,-85)
(-105,475,-25)
(-35,513,1)
(30,514,-10)
(79,529,-21)
(106,510,-18)
(171,499,-9)
(197,475,-35)
(254,434,-64)
(285,387,-93)
(299,359,-121)
(296,340,-124)
(313,309,-127)
(306,296,-128)
(305,315,-135)
(296,354,-130)
(296,374,-130)
(273,415,-107)
(257,445,-81)
(234,460,-72)
(200,482,-28)
(173,493,-21)
(144,510,-4)
(96,514,0)
(57,505,21)
(48,502,36)
(38,488,44)
(8,466,54)
(-5,459,65)
(-4,470,62)
(15,479,57)
(42,504,24)
(67,509,3)
(114,526,-22)
(158,514,-64)
(204,486,-80)
(236,458,-96)
(276,410,-94)
(288,372,-96)
(293,339,-93)
(301,313,-91)
(305,299,-97)
(298,288,-98)
(304,274,-98)
(296,274,-96)
(295,269,-103)
(292,266,-88)
(296,258,-80)
(289,247,-75)
(287,241,-79)
(292,226,-86)
(279,207,-81)
(279,201,-91)
(272,182,-94)
(273,171,-81)
(274,174,-80)
(266,170,-80)
(271,181,-89)
(282,204,-94)
(280,204,-86)
(301,251,-89)
(285,267,-87)
(293,305,-85)
(287,347,-79)
(285,371,-75)
(274,406,-66)
(249,441,-57)
(215,457,-51)
(196,498,-42)
(162,506,-34)
(150,518,-24)
(131,517,-17)
(113,517,-1)
(100,520,-4)
(77,511,7)
(64,508,18)
(58,502,20)
(49,483,39)
(33,483,45)
(28,482,60)
(35,485,49)
(66,502,26)
(72,502,18)
(115,517,-11)
(147,517,-23)
(180,502,-48)
(209,483,-49)
(231,461,-47)
(241,435,-55)
(269,405,-61)
(285,369,-63)
(289,361,-63)
(290,352,-76)
(292,358,-86)
(296,368,-102)
(280,404,-98)
(267,431,-99)
(256,444,-92)
(227,469,-77)
(220,482,-64)
(197,499,-53)
(182,500,-42)
(176,498,-26)
(163,497,-23)
(161,491,-5)
(174,478,10)
(167,471,15)
(167,469,31)
(154,468,30)
(143,473,49)
(137,461,51)
(134,460,54)
(131,455,53)
(142,456,40)
(169,463,37)
(184,456,30)
(206,446,6)
(219,439,-21)
(227,435,-31)
(237,443,-43)
(245,447,-51)
(245,441,-53)
(252,436,-66)
(255,435,-71)
(252,448,-66)
(240,444,-62)
(235,459,-57)
(233,461,-35)
(208,472,-10)
(190,462,6)
(154,470,22)
(142,466,34)
(126,474,44)
(126,476,38)
(137,473,31)
(150,472,20)
(188,464,0)
(224,436,-16)
(250,428,-20)
(255,417,-29)
(272,386,-44)
(274,382,-40)
(277,353,-49)
(296,338,-62)
(296,320,-72)
(290,328,-76)
(301,321,-87)
(298,352,-100)
(276,394,-100)
(254,434,-82)
(227,471,-57)
(205,475,-47)
(172,498,-20)
(139,499,-11)
(109,505,9)
(85,501,19)
(70,502,36)
(47,495,41)
(42,484,56)
(33,477,63)
(64,442,86)
(75,429,101)
(105,395,105)
(134,358,114)
(184,314,110)
(214,284,84)
(221,271,63)
(251,241,35)
(272,226,-2)
(285,205,-53)
(288,198,-100)
(288,192,-110)
(291,187,-171)
(278,180,-176)
(281,177,-163)
(285,187,-127)
(270,198,-34)
(246,238,44)
(209,279,77)
(177,329,97)
(164,344,98)
(143,383,103)
(102,432,82)
(89,445,77)
(70,490,46)
(52,532,-8)
(39,553,-51)
(41,559,-103)
(49,567,-147)
(48,554,-186)
(57,559,-239)
(81,545,-247)
(72,542,-270)
(80,532,-284)
(81,523,-287)
(82,530,-274)
(71,541,-263)
(41,553,-225)
(33,563,-189)
(34,570,-146)
(33,563,-135)
(24,566,-142)
(13,559,-97)
(14,560,-88)
(25,551,-55)
(39,545,-47)
(39,535,-41)
(37,545,-41)
(36,552,-76)
(18,552,-92)
(8,554,-112)
(3,559,-115)
(-21,557,-137)
(-26,544,-122)
(-45,545,-125)
(-50,538,-120)
(-67,535,-101)
(-87,523,-91)
(-98,516,-82)
(-86,512,-84)
(-80,528,-82)
(-64,534,-76)
(-25,547,-81)
(12,548,-88)
(53,559,-93)
(82,558,-98)
(103,547,-103)
(111,551,-101)
(120,546,-96)
(124,542,-104)
(145,537,-103)
(165,527,-107)
(184,522,-110)
(193,517,-103)
(204,510,-114)
(207,509,-115)
(207,499,-131)
(220,504,-140)
(227,489,-149)
(226,490,-148)
(239,479,-153)
(251,467,-145)
(253,459,-155)
(275,437,-155)
(265,433,-141)
(280,422,-140)
(289,405,-151)
(282,396,-134)
(282,396,-124)
(288,388,-116)
(300,374,-110)
(290,348,-106)
(302,346,-106)
(297,339,-103)
(302,344,-108)
(301,349,-135)
(303,357,-129)
(293,361,-139)
(296,374,-126)
(292,408,-118)
(265,415,-115)
(266,446,-112)
(261,451,-131)
(254,458,-128)
(251,461,-149)
(244,472,-140)
(250,466,-138)
(248,468,-146)
(263,459,-147)
(262,454,-160)
(259,461,-167)
(248,456,-170)
(256,452,-176)
(251,459,-177)
(247,457,-183)
(248,456,-194)
(253,461,-185)
(247,455,-189)
(249,463,-187)
(252,456,-188)
(248,454,-198)
(248,464,-190)
(249,459,-191)
(252,462,-200)
(248,466,-202)
(242,468,-206)
(236,466,-208)
(248,468,-202)
(236,464,-206)
(240,464,-212)
(242,470,-214)
(238,456,-218)
(242,446,-218)
(243,447,-221)
(245,437,-221)
(260,442,-224)
(259,431,-239)
(257,433,-245)
(251,413,-249)
(257,413,-263)
(258,410,-268)
(258,402,-268)
(247,395,-281)
(247,405,-275)
(250,390,-282)
(248,384,-290)
(254,386,-306)
(250,380,-296)
(259,377,-291)
(265,381,-269)
(268,382,-260)
(260,390,-290)
(255,391,-293)
(245,389,-305)
(239,359,-313)
(240,354,-312)
(241,341,-323)
(236,328,-326)
(233,333,-339)
(241,321,-339)
(240,334,-338)
(240,324,-338)
(254,314,-308)
(274,304,-282)
(287,303,-241)
(307,303,-205)
(317,301,-161)
(310,290,-140)
(315,291,-133)
(309,297,-159)
(298,312,-218)
(288,316,-254)
(281,321,-275)
(253,329,-303)
(255,333,-309)
(258,332,-314)
(244,322,-320)
(250,320,-318)
(235,319,-331)
(239,315,-343)
(235,281,-337)
(242,234,-334)
(237,203,-325)
(226,192,-326)
(224,176,-312)
(220,156,-300)
(209,141,-301)
(209,143,-303)
(208,150,-308)
(239,183,-305)
(256,230,-304)
(268,252,-306)
(268,306,-294)
(271,319,-283)
(277,351,-285)
(270,376,-270)
(261,393,-271)
(260,406,-264)
(251,413,-251)
(250,436,-252)
(242,444,-256)
(233,451,-253)
(230,456,-256)
(231,471,-253)
(196,484,-262)
(194,478,-266)
(179,499,-265)
(177,499,-265)
(181,493,-255)
(198,480,-254)
(210,474,-264)
(229,449,-253)
(248,418,-254)
(260,418,-252)
(270,390,-256)
(282,364,-262)
(283,351,-261)
(288,336,-266)
(281,347,-271)
(265,377,-277)
(261,387,-277)
(240,414,-292)
(224,434,-298)
(209,453,-309)
(191,461,-309)
(169,473,-311)
(155,473,-311)
(144,490,-320)
(145,475,-313)
(164,476,-310)
(188,464,-300)
(218,446,-288)
(248,420,-274)
(263,397,-271)
(273,373,-255)
(278,342,-270)
(280,336,-262)
(275,333,-259)
(271,347,-269)
(265,375,-275)
(251,407,-291)
(243,411,-293)
(219,437,-309)
(200,454,-312)
(178,468,-306)
(158,472,-312)
(158,476,-312)
(133,497,-321)
(128,492,-314)
(140,494,-316)
(173,473,-309)
(192,458,-302)
(220,438,-292)
(243,399,-291)
(264,390,-288)
(257,365,-299)
(270,338,-276)
(272,328,-282)
(276,332,-286)
(262,350,-292)
(255,379,-281)
(258,400,-288)
(225,425,-287)
(218,452,-284)
(196,476,-288)
(168,494,-294)
(137,505,-287)
(133,515,-285)
(128,516,-280)
(118,524,-280)
(108,524,-274)
(103,525,-279)
(98,524,-288)
(96,532,-274)
(86,536,-268)
(91,541,-273)
(79,531,-275)
(78,532,-270)
(80,522,-292)
(86,532,-290)
(95,531,-285)
(98,522,-292)
(104,526,-292)
(105,517,-289)
(101,525,-287)
(105,523,-287)
(96,528,-282)
(95,525,-275)
(105,529,-271)
(98,528,-276)
(114,526,-282)
(120,516,-268)
(144,522,-264)
(169,503,-279)
(186,496,-270)
(202,482,-270)
(201,477,-265)
(201,473,-273)
(204,482,-280)
(205,469,-271)
(208,464,-282)
(220,466,-282)
(219,465,-263)
(219,469,-253)
(206,490,-232)
(192,510,-230)
(183,507,-227)
(153,517,-237)
(133,537,-253)
(109,537,-255)
(86,540,-254)
(84,536,-264)
(71,543,-249)
(69,553,-255)
(54,538,-256)
(70,538,-250)
(98,542,-252)
(139,525,-239)
(150,524,-248)
(180,510,-244)
(200,500,-250)
(205,481,-253)
(208,480,-248)
(197,489,-249)
(166,516,-264)
(125,531,-263)
(91,535,-265)
(90,534,-256)
(72,538,-260)
(65,543,-255)
(51,549,-253)
(43,537,-251)
(47,543,-245)
(35,539,-251)
(26,544,-254)
(32,560,-236)
(60,554,-236)
(66,540,-252)
(65,543,-263)
(76,536,-266)
(81,541,-259)
(77,533,-263)
(80,538,-266)
(84,532,-262)
(98,534,-268)
(115,529,-265)
(124,524,-262)
(129,533,-255)
(140,536,-248)
(132,524,-250)
(144,520,-248)
(154,524,-248)
(153,521,-255)
(149,515,-263)
(136,526,-250)
(133,531,-253)
(138,530,-244)
(137,531,-249)
(147,519,-249)
(145,525,-251)
(165,515,-247)
(167,513,-259)
(180,506,-250)
(191,503,-257)
(196,488,-256)
(207,487,-265)
(206,478,-264)
(211,469,-269)
(217,461,-279)
(225,453,-279)
(227,449,-273)
(241,439,-261)
(251,449,-209)
(235,469,-173)
(243,465,-133)
(223,483,-71)
(192,498,-46)
(132,520,-26)
(108,534,-24)
(87,529,-33)
(67,549,-57)
(51,561,-73)
(40,562,-78)
(37,561,-89)
(59,539,-51)
(97,527,-21)
(112,520,0)
(122,514,-8)
(128,514,-2)
(163,497,-19)
(192,482,-30)
(204,478,-50)
(226,470,-94)
(257,447,-119)
(256,450,-168)
(270,430,-184)
(263,441,-205)
(277,431,-229)
(257,427,-243)
(269,413,-227)
(263,415,-219)
(277,407,-185)
(275,415,-173)
(277,419,-183)
(281,405,-201)
(293,357,-213)
(289,337,-223)
(300,314,-218)
(302,296,-228)
(301,283,-215)
(301,261,-225)
(294,242,-228)
(291,235,-227)
(287,227,-231)
(295,267,-223)
(291,331,-225)
(286,400,-220)
(252,444,-230)
(224,472,-226)
(196,500,-226)
(175,515,-237)
(150,526,-240)
(145,529,-241)
(134,534,-230)
(128,542,-238)
(115,539,-237)
(106,548,-240)
(107,541,-233)
(121,539,-231)
(142,536,-232)
(174,522,-214)
(191,507,-211)
(210,496,-198)
(186,502,-210)
(160,530,-214)
(135,537,-207)
(126,542,-214)
(127,549,-193)
(113,555,-193)
(123,545,-183)
(130,554,-178)
(124,546,-184)
(130,558,-180)
(124,550,-186)
(140,542,-192)
(144,542,-186)
(152,534,-178)
(154,536,-196)
(158,534,-196)
(161,533,-191)
(156,526,-198)
(167,535,-191)
(160,528,-200)
(160,532,-200)
(166,532,-196)
(161,535,-193)
(169,533,-179)
(169,533,-177)
(166,528,-176)
(168,522,-168)
(171,533,-173)
(179,523,-161)
(185,523,-159)
(185,521,-153)
(191,519,-141)
(189,521,-133)
(193,519,-125)
(196,522,-142)
(185,515,-133)
(196,518,-122)
(184,524,-120)
(183,523,-121)
(181,523,-121)
(175,529,-115)
(181,523,-117)
(188,518,-130)
(207,521,-127)
(204,504,-136)
(203,509,-143)
(209,511,-157)
(215,499,-161)
(215,503,-179)
(210,500,-178)
(221,505,-179)
(220,496,-178)
(208,504,-156)
(207,503,-147)
(195,509,-135)
(188,512,-134)
(189,515,-123)
(193,529,-117)
(184,528,-110)
(172,524,-98)
(168,534,-88)
(159,531,-83)
(162,534,-86)
(163,527,-95)
(182,522,-96)
(192,516,-104)
(207,509,-113)
(214,510,-124)
(222,492,-124)
(232,488,-150)
(231,495,-163)
(229,481,-167)
(231,481,-173)
(231,479,-179)
(234,478,-180)
(240,482,-180)
(234,478,-180)
(239,477,-173)
(234,482,-160)
(229,489,-129)
(216,494,-100)
(220,484,-90)
(217,487,-63)
(215,481,-61)
(208,476,-46)
(217,473,-41)
(248,460,-56)
(265,443,-117)
(268,436,-130)
(272,434,-142)
(270,426,-154)
(268,434,-162)
(274,426,-160)
(277,425,-163)
(271,429,-167)
(261,437,-181)
(244,458,-194)
(218,478,-222)
(213,491,-245)
(190,500,-248)
(174,510,-256)
(165,503,-261)
(145,519,-271)
(143,521,-265)
(130,528,-270)
(108,528,-270)
(96,528,-278)
(100,528,-280)
(98,528,-270)
(105,535,-265)
(114,524,-254)
(128,534,-256)
(127,533,-253)
(136,528,-254)
(137,529,-255)
(146,524,-244)
(149,519,-245)
(156,522,-234)
(171,517,-229)
(172,516,-230)
(175,519,-237)
(166,516,-246)
(159,523,-241)
(158,514,-252)
(159,515,-253)
(159,515,-247)
(169,517,-251)
(173,515,-243)
(170,518,-236)
(176,516,-232)
(195,505,-233)
(199,493,-225)
(206,502,-216)
(206,496,-196)
(213,499,-187)
(221,495,-179)
(213,489,-171)
(223,499,-159)
(233,489,-157)
(239,491,-151)
(239,479,-135)
(231,483,-123)
(223,491,-107)
(211,491,-97)
(201,501,-83)
(199,503,-77)
(197,503,-79)
(180,508,-78)
(202,508,-80)
(191,503,-85)
(198,512,-94)
(186,512,-100)
(179,527,-91)
(160,526,-84)
(166,526,-78)
(150,530,-64)
(150,522,-54)
(150,524,-50)
(137,519,-39)
(119,527,-27)
(111,519,-17)
(112,518,-12)
(101,519,9)
(89,515,7)
(91,509,11)
(85,517,13)
(57,515,23)
(39,513,29)
(30,504,30)
(9,489,47)
(-25,483,41)
(-28,462,54)
(-41,475,57)
(-45,457,59)
(-52,450,64)
(-62,450,58)
(-71,439,55)
(-74,452,52)
(-76,452,56)
(-86,450,48)
(-39,449,61)
(32,460,76)
(133,475,51)
(188,468,6)
(236,436,-30)
(267,421,-69)
(279,393,-91)
(294,388,-126)
(302,380,-136)
(300,356,-176)
(308,330,-196)
(302,314,-204)
(309,283,-199)
(297,269,-209)
(289,223,-215)
(283,207,-235)
(267,183,-237)
(261,181,-241)
(253,165,-215)
(255,151,-209)
(257,155,-201)
(252,148,-208)
(233,127,-201)
(207,101,-197)
(180,86,-184)
(149,55,-185)
(118,52,-210)
(103,43,-225)
(93,53,-223)
(83,63,-267)
(76,64,-276)
(70,76,-294)
(67,91,-329)
(49,113,-343)
(47,109,-347)
(34,120,-354)
(17,119,-353)
(23,125,-347)
(20,114,-340)
(18,110,-338)
(19,113,-337)
(18,104,-332)
(32,94,-318)
(56,88,-316)
(85,89,-305)
(103,87,-305)
(114,108,-324)
(132,126,-338)
(147,141,-341)
(157,175,-351)
(164,188,-362)
(166,218,-378)
(166,232,-386)
(165,243,-395)
(151,255,-397)
(144,254,-390)
(132,240,-394)
(142,242,-402)
(142,226,-386)
(153,193,-379)
(149,157,-357)
(140,120,-340)
(116,94,-310)
(117,81,-305)
(93,75,-281)
(86,70,-274)
(63,65,-271)
(61,65,-257)
(57,65,-279)
(60,66,-264)
(73,61,-269)
(94,76,-274)
(116,82,-288)
(129,95,-295)
(143,111,-303)
(153,129,-327)
(162,136,-330)
(145,145,-335)
(154,144,-338)
(141,125,-337)
(132,120,-328)
(115,107,-319)
(105,87,-299)
(84,78,-286)
(32,68,-286)
(-5,73,-269)
(-67,111,-277)
(-119,169,-295)
(-146,224,-296)
(-176,294,-278)
(-176,340,-280)
(-160,390,-288)
(-153,409,-279)
(-107,471,-269)
(-73,505,-255)
(-29,531,-237)
(33,541,-211)
(56,544,-200)
(92,546,-184)
(124,542,-160)
(162,524,-134)
(196,506,-116)
(220,486,-112)
(215,485,-103)
(201,499,-115)
(180,522,-140)
(155,525,-143)
(107,553,-177)
(83,553,-203)
(45,545,-225)
(9,531,-249)
(-18,514,-268)
(-44,498,-302)
(-73,467,-323)
(-86,430,-332)
(-103,427,-347)
(-121,377,-351)
(-128,346,-340)
(-143,331,-337)
(-143,333,-327)
(-150,336,-330)
(-149,359,-325)
(-129,387,-321)
(-114,426,-316)
(-89,469,-297)
(-53,501,-285)
(-27,519,-281)
(-22,514,-270)
(-3,525,-253)
(6,530,-238)
(14,544,-232)
(25,543,-217)
(35,545,-203)
(43,545,-193)
(52,552,-186)
(50,554,-184)
(61,549,-171)
(78,548,-170)
(69,555,-169)
(94,548,-152)
(91,543,-159)
(98,546,-142)
(118,540,-132)
(110,546,-116)
(117,545,-121)
(125,541,-113)
(125,529,-123)
(127,535,-107)
(127,539,-113)
(130,524,-110)
(134,524,-96)
(143,523,-91)
(138,526,-100)
(135,525,-101)
(145,527,-99)
(147,523,-93)
(155,517,-85)
(173,515,-75)
(170,500,-78)
(170,506,-70)
(162,512,-84)
(151,519,-95)
(137,531,-101)
(133,537,-117)
(137,531,-117)
(135,535,-103)
(149,513,-91)
(152,516,-84)
(176,492,-64)
(168,496,-66)
(193,479,-49)
(206,478,-44)
(213,455,-35)
(202,462,-30)
(202,474,-34)
(197,473,-39)
(184,490,-50)
(168,502,-58)
(158,520,-76)
(139,535,-99)
(120,526,-114)
(109,535,-131)
(108,544,-148)
(104,544,-170)
(108,542,-178)
(105,547,-197)
(108,548,-202)
(108,546,-184)
(119,539,-159)
(128,532,-138)
(125,529,-117)
(138,524,-106)
(146,524,-104)
(149,519,-103)
(158,524,-104)
(163,517,-95)
(168,520,-88)
(159,521,-89)
(145,527,-105)
(131,533,-125)
(127,539,-143)
(114,544,-172)
(116,534,-194)
(106,542,-210)
(112,534,-238)
(123,521,-245)
(124,520,-256)
(136,516,-262)
(143,503,-275)
(142,496,-282)
(154,486,-282)
(160,480,-290)
(182,464,-292)
(177,463,-297)
(182,452,-296)
(190,446,-290)
(204,452,-300)
(203,431,-291)
(208,436,-302)
(196,448,-296)
(188,462,-298)
(169,477,-299)
(167,485,-281)
(167,487,-285)
(151,493,-275)
(146,502,-262)
(147,511,-245)
(145,535,-221)
(143,527,-185)
(155,531,-159)
(158,510,-136)
(172,512,-116)
(180,510,-98)
(184,500,-78)
(190,488,-60)
(200,472,-42)
(215,455,-25)
(212,442,-18)
(218,436,-14)
(219,413,-9)
(236,410,-6)
(233,389,3)
(246,372,8)
(250,352,4)
(264,330,0)
(277,307,-19)
(274,280,-34)
(289,257,-49)
(291,233,-77)
(287,223,-91)
(279,207,-99)
(282,198,-94)
(276,216,-54)
(281,231,-43)
(273,245,-25)
(273,265,-23)
(273,277,-25)
(268,302,-20)
(264,340,-2)
(249,345,11)
(251,327,7)
(259,323,9)
(253,293,19)
(248,288,18)
(223,303,37)
(226,316,42)
(225,347,33)
(225,361,33)
(234,364,22)
(240,372,4)
(246,384,-10)
(244,398,-20)
(244,406,-34)
(244,416,-42)
(240,428,-52)
(240,444,-74)
(230,458,-96)
(247,455,-109)
(235,465,-123)
(245,461,-145)
(236,460,-170)
(241,441,-195)
(254,434,-210)
(250,422,-214)
(251,405,-231)
(269,397,-239)
(263,385,-245)
(278,360,-250)
(266,340,-250)
(274,334,-250)
(274,308,-252)
(283,301,-263)
(278,298,-248)
(275,285,-243)
(274,254,-254)
(277,245,-253)
(270,226,-258)
(279,221,-249)
(268,212,-256)
(271,209,-257)
(262,206,-248)
(266,218,-256)
(266,222,-254)
(271,231,-255)
(267,237,-271)
(260,246,-282)
(262,248,-278)
(264,250,-262)
(275,225,-247)
(267,221,-235)
(282,214,-238)
(268,210,-240)
(267,187,-237)
(259,179,-235)
(250,172,-232)
(250,162,-248)
(235,153,-249)
(239,147,-243)
(226,140,-238)
(230,128,-232)
(212,146,-276)
(218,170,-308)
(216,214,-320)
(222,256,-334)
(229,313,-333)
(233,385,-301)
(229,411,-289)
(223,451,-243)
(219,469,-223)
(182,506,-192)
(150,530,-168)
(119,547,-121)
(97,539,-105)
(81,547,-87)
(53,551,-75)
(-10,540,-90)
(-45,535,-87)
(-74,518,-102)
(-112,512,-126)
(-139,481,-143)
(-151,463,-145)
(-166,454,-138)
(-155,449,-113)
(-162,442,-88)
(-161,427,-75)
(-171,419,-71)
(-170,406,-68)
(-183,385,-85)
(-191,363,-93)
(-193,353,-101)
(-195,357,-103)
(-205,353,-107)
(-206,352,-108)
(-205,349,-103)
(-192,356,-98)
(-168,404,-64)
(-118,462,-36)
(-35,507,-25)
(88,540,-62)
(130,528,-84)
(194,506,-148)
(218,468,-214)
(226,400,-296)
(194,328,-360)
(139,273,-397)
(74,216,-406)
(3,193,-397)
(-49,189,-375)
(-120,208,-328)
(-154,202,-282)
(-147,181,-267)
(-149,175,-269)
(-124,172,-304)
(-103,149,-315)
(-5,93,-301)
(55,57,-249)
(54,56,-226)
(18,56,-222)
(37,55,-209)
(31,61,-207)
(8,60,-200)
(-17,59,-211)
(-17,61,-229)
(-31,77,-259)
(-37,103,-299)
(-23,183,-389)
(12,312,-422)
(31,357,-421)
(112,430,-364)
(141,441,-343)
(170,474,-270)
(183,495,-185)
(191,493,-85)
(192,466,-24)
(189,409,41)
(170,370,66)
(137,335,89)
(77,335,113)
(-4,344,112)
(-29,331,105)
(-106,330,66)
(-140,324,36)
(-161,323,-7)
(-176,300,-14)
(-181,281,-27)
(-188,272,-40)
(-186,250,-50)
(-183,231,-43)
(-175,235,-35)
(-182,238,-42)
(-193,231,-61)
(-189,241,-73)
(-210,248,-108)
(-203,243,-141)
(-205,249,-205)
(-195,255,-233)
(-193,247,-259)
(-172,256,-294)
(-167,247,-299)
(-163,247,-297)
(-187,257,-269)
(-204,272,-236)
(-214,288,-198)
(-218,290,-140)
(-210,294,-98)
(-202,294,-76)
(-199,303,-49)
(-187,303,-37)
(-184,302,-22)
(-175,307,-3)
(-162,296,16)
(-178,304,-6)
(-190,310,-42)
(-200,308,-76)
(-216,318,-110)
(-217,311,-145)
(-213,317,-171)
(-210,316,-198)
(-212,316,-214)
(-204,322,-198)
(-217,313,-149)
(-213,315,-121)
(-204,306,-84)
(-193,315,-49)
(-188,312,-32)
(-183,313,-21)
(-170,310,-12)
(-171,317,-11)
(-185,327,-41)
(-200,336,-74)
(-206,326,-122)
(-216,308,-158)
(-206,278,-182)
(-216,258,-168)
(-202,234,-154)
(-208,198,-146)
(-191,183,-143)
(-189,171,-141)
(-172,162,-124)
(-176,150,-128)
(-163,147,-129)
(-160,140,-120)
(-165,137,-121)
(-173,161,-129)
(-197,195,-143)
(-211,247,-163)
(-213,301,-159)
(-214,334,-158)
(-202,368,-156)
(-202,392,-176)
(-182,420,-188)
(-172,440,-178)
(-155,461,-179)
(-141,475,-169)
(-139,473,-175)
(-146,480,-170)
(-138,474,-172)
(-149,473,-175)
(-157,461,-179)
(-167,445,-167)
(-177,435,-171)
(-173,437,-175)
(-170,436,-176)
(-171,441,-171)
(-179,429,-161)
(-172,434,-176)
(-165,451,-163)
(-157,453,-169)
(-158,444,-168)
(-174,442,-168)
(-183,425,-173)
(-183,413,-181)
(-193,397,-181)
(-188,382,-166)
(-200,374,-168)
(-201,383,-167)
(-197,389,-173)
(-180,416,-196)
(-155,457,-203)
(-139,469,-201)
(-112,488,-194)
(-89,511,-197)
(-74,510,-200)
(-64,528,-214)
(-52,530,-208)
(-36,526,-218)
(-18,542,-218)
(-9,543,-215)
(6,546,-218)
(21,537,-219)
(28,548,-226)
(39,541,-227)
(51,539,-243)
(61,537,-237)
(55,545,-235)
(51,549,-239)
(26,546,-238)
(-6,534,-228)
(-29,533,-219)
(-55,531,-213)
(-69,525,-199)
(-86,522,-200)
(-96,506,-198)
(-116,492,-170)
(-129,489,-145)
(-128,488,-144)
(-138,484,-146)
(-138,474,-150)
(-150,466,-152)
(-162,460,-156)
(-162,438,-146)
(-187,413,-151)
(-192,394,-154)
(-204,378,-158)
(-203,371,-155)
(-201,375,-151)
(-201,371,-135)
(-194,376,-136)
(-202,372,-140)
(-203,385,-153)
(-207,389,-183)
(-195,385,-173)
(-198,390,-186)
(-197,381,-199)
(-197,387,-187)
(-200,382,-200)
(-201,383,-189)
(-191,379,-179)
(-198,392,-174)
(-197,385,-163)
(-207,381,-159)
(-198,360,-160)
(-210,342,-140)
(-211,315,-147)
(-217,287,-135)
(-215,261,-131)
(-212,250,-124)
(-212,236,-116)
(-212,236,-104)
(-203,221,-93)
(-192,230,-70)
(-195,233,-69)
(-204,242,-86)
(-203,247,-93)
(-212,270,-98)
(-213,275,-109)
(-214,312,-148)
(-219,347,-209)
(-201,369,-245)
(-120,452,-274)
(-106,462,-300)
(-107,461,-313)
(-104,446,-304)
(-114,446,-294)
(-126,432,-298)
(-154,408,-286)
(-169,399,-285)
(-182,380,-246)
(-196,372,-222)
(-205,367,-203)
(-204,360,-186)
(-211,351,-181)
(-210,354,-172)
(-209,355,-145)
(-213,335,-131)
(-209,333,-113)
(-212,318,-110)
(-213,317,-105)
(-208,328,-88)
(-197,361,-93)
(-185,385,-75)
(-173,393,-61)
(-160,404,-48)
(-156,402,-30)
(-152,406,-28)
(-144,406,-12)
(-131,399,3)
(-154,396,-10)
(-156,382,-12)
(-169,363,-23)
(-176,344,-16)
(-176,328,-20)
(-182,314,-20)
(-178,290,-18)
(-183,265,-19)
(-169,255,-5)
(-163,245,-1)
(-151,227,-3)
(-160,224,8)
(-148,220,10)
(-140,218,12)
(-132,210,24)
(-131,201,25)
(-119,191,39)
(-116,192,40)
(-99,175,43)
(-84,154,38)
(-83,145,37)
(-84,138,32)
(-72,130,28)
(-56,118,20)
(-66,120,28)
(-87,129,21)
(-97,143,21)
(-114,160,18)
(-130,204,26)
(-157,253,29)
(-154,264,16)
(-155,315,23)
(-156,328,30)
(-143,349,25)
(-143,361,23)
(-147,361,25)
(-156,342,22)
(-151,313,25)
(-152,268,36)
(-142,240,42)
(-121,213,35)
(-116,172,34)
(-96,158,30)
(-96,156,32)
(-96,146,34)
(-93,143,31)
(-97,155,21)
(-108,168,30)
(-131,211,25)
(-149,237,27)
(-160,244,20)
(-160,302,28)
(-143,331,35)
(-142,330,30)
(-144,324,30)
(-159,295,25)
(-150,288,30)
(-154,224,12)
(-153,165,-29)
(-141,149,-41)
(-128,114,-58)
(-118,108,-66)
(-108,86,-72)
(-89,89,-59)
(-85,95,-53)
(-78,78,-54)
(-86,78,-58)
(-74,66,-80)
(-81,73,-75)
(-101,79,-87)
(-124,92,-94)
(-129,101,-85)
(-142,132,-76)
(-153,151,-67)
(-163,151,-61)
(-169,177,-53)
(-179,191,-51)
(-182,212,-46)
(-186,210,-58)
(-194,212,-74)
(-198,196,-120)
(-198,196,-134)
(-171,167,-217)
(-142,154,-262)
(-120,144,-274)
(-105,139,-299)
(-114,144,-290)
(-121,149,-293)
(-164,166,-234)
(-182,184,-192)
(-201,189,-135)
(-200,202,-114)
(-188,204,-74)
(-185,209,-65)
(-168,218,-16)
(-172,228,-6)
(-162,226,-16)
(-187,219,-35)
(-197,213,-77)
(-199,201,-115)
(-186,190,-182)
(-182,190,-216)
(-168,186,-236)
(-147,175,-273)
(-153,179,-283)
(-166,182,-256)
(-178,186,-216)
(-192,188,-202)
(-199,205,-139)
(-202,204,-126)
(-186,210,-92)
(-189,211,-91)
(-197,207,-93)
(-196,192,-86)
(-177,171,-93)
(-164,150,-74)
(-161,161,-65)
(-175,163,-83)
(-190,178,-146)
(-189,179,-183)
(-186,178,-202)
(-182,194,-222)
(-186,190,-206)
(-188,190,-184)
(-202,196,-150)
(-197,211,-121)
(-198,196,-106)
(-196,202,-114)
(-194,194,-202)
(-175,189,-255)
(-161,197,-283)
(-137,189,-293)
(-142,184,-308)
(-159,187,-289)
(-174,190,-232)
(-189,193,-199)
(-187,185,-175)
(-195,203,-125)
(-188,194,-92)
(-189,205,-65)
(-191,201,-99)
(-198,202,-118)
(-197,205,-185)
(-188,214,-240)
(-184,234,-254)
(-184,240,-272)
(-185,249,-269)
(-213,247,-183)
(-213,231,-163)
(-204,226,-128)
(-201,215,-115)
(-189,207,-77)
(-187,201,-61)
(-182,210,-58)
(-183,205,-41)
(-165,195,-29)
(-172,190,-24)
(-158,192,-18)
(-188,212,-60)
(-199,207,-139)
(-194,212,-204)
(-180,202,-208)
(-176,188,-266)
(-155,191,-291)
(-150,182,-296)
(-115,183,-329)
(-100,182,-332)
(-98,178,-342)
(-86,168,-350)
(-99,171,-333)
(-122,148,-300)
(-131,135,-281)
(-132,120,-238)
(-137,109,-215)
(-138,106,-194)
(-124,108,-168)
(-113,89,-145)
(-114,84,-124)
(-120,86,-126)
(-119,95,-117)
(-133,99,-131)
(-121,97,-129)
(-111,89,-107)
(-107,83,-97)
(-96,78,-74)
(-85,79,-71)
(-76,78,-54)
(-78,86,-58)
(-104,88,-70)
(-137,115,-89)
(-176,152,-118)
(-188,190,-116)
(-205,231,-117)
(-200,276,-110)
(-209,287,-103)
(-205,309,-103)
(-203,341,-105)
(-203,349,-103)
(-192,372,-110)
(-183,381,-107)
(-183,399,-99)
(-179,415,-121)
(-176,424,-124)
(-180,420,-132)
(-198,372,-156)
(-204,360,-154)
(-212,332,-148)
(-209,321,-165)
(-212,310,-164)
(-217,309,-169)
(-218,306,-166)
(-215,293,-175)
(-215,295,-177)
(-219,291,-183)
(-224,296,-178)
(-213,293,-171)
(-215,293,-163)
(-222,292,-162)
(-215,287,-137)
(-213,289,-133)
(-213,289,-107)
(-217,291,-105)
(-215,289,-99)
(-210,288,-86)
(-209,285,-95)
(-207,273,-117)
(-216,274,-134)
(-219,287,-173)
(-216,280,-180)
(-218,304,-208)
(-213,327,-233)
(-213,337,-233)
(-192,346,-242)
(-197,357,-237)
(-186,362,-244)
(-194,362,-248)
(-197,357,-241)
(-200,352,-242)
(-200,346,-246)
(-205,349,-223)
(-201,343,-207)
(-206,336,-216)
(-213,319,-209)
(-214,322,-208)
(-207,317,-207)
(-215,317,-205)
(-216,314,-202)
(-206,336,-216)
(-204,338,-224)
(-204,348,-230)
(-200,344,-214)
(-203,335,-213)
(-218,316,-194)
(-220,316,-174)
(-210,314,-170)
(-217,307,-155)
(-219,303,-175)
(-216,310,-178)
(-216,314,-184)
(-212,334,-208)
(-208,348,-220)
(-197,359,-235)
(-202,362,-234)
(-190,380,-244)
(-184,382,-258)
(-187,379,-265)
(-179,391,-259)
(-183,377,-261)
(-188,372,-252)
(-187,365,-253)
(-189,375,-247)
(-190,364,-250)
(-200,354,-242)
(-193,355,-249)
(-198,344,-248)
(-202,324,-240)
(-204,306,-238)
(-198,306,-242)
(-202,288,-220)
(-207,277,-225)
(-205,269,-223)
(-207,257,-221)
(-210,266,-218)
(-189,265,-223)
(-208,268,-228)
(-213,285,-227)
(-202,276,-232)
(-197,289,-231)
(-198,304,-248)
(-204,302,-250)
(-191,323,-261)
(-184,346,-288)
(-184,342,-292)
(-172,340,-294)
(-170,342,-298)
(-171,339,-299)
(-176,328,-288)
(-184,326,-274)
(-188,332,-274)
(-198,320,-264)
(-192,304,-256)
(-199,293,-241)
(-200,294,-246)
(-210,284,-228)
(-208,276,-214)
(-205,283,-199)
(-212,266,-200)
(-208,272,-204)
(-206,272,-208)
(-210,278,-208)
(-203,301,-223)
(-204,312,-234)
(-198,324,-244)
(-195,337,-261)
(-177,345,-281)
(-175,349,-291)
(-170,352,-294)
(-171,349,-299)
(-185,339,-283)
(-185,337,-271)
(-207,317,-223)
(-203,297,-205)
(-207,287,-189)
(-210,274,-174)
(-214,262,-172)
(-215,263,-155)
(-217,257,-159)
(-212,252,-152)
(-214,246,-144)
(-210,232,-140)
(-212,228,-134)
(-211,223,-125)
(-200,214,-116)
(-202,208,-90)
(-199,203,-83)
(-192,194,-76)
(-182,180,-64)
(-172,168,-56)
(-160,150,-52)
(-147,149,-51)
(-139,141,-37)
(-134,138,-30)
(-116,126,-12)
(-101,113,-17)
(-93,117,-11)
(-91,113,-7)
(-71,121,-1)
(-73,109,1)
(-62,106,8)
(-53,111,7)
(-56,116,18)
(-50,110,16)
(-37,111,25)
(-18,112,36)
(-13,117,41)
(-11,123,45)
(-7,139,67)
(-8,154,64)
(-15,189,91)
(-13,201,87)
(-19,219,99)
(-21,241,103)
(-37,259,103)
(-33,281,103)
(-25,297,101)
(-37,329,99)
(-36,334,102)
(-46,342,108)
(-43,329,101)
(-52,310,102)
(-46,296,98)
(-51,271,95)
(-61,243,99)
(-57,231,89)
(-71,219,81)
(-65,213,79)
(-71,199,69)
(-74,192,64)
(-72,190,62)
(-75,187,55)
(-75,197,61)
(-74,208,72)
(-68,220,84)
(-72,242,82)
(-73,239,81)
(-69,273,91)
(-70,280,104)
(-65,291,95)
(-74,304,98)
(-71,311,89)
(-75,301,89)
(-78,288,88)
(-75,293,91)
(-80,268,86)
(-78,266,88)
(-78,256,74)
(-79,243,87)
(-92,230,68)
(-104,220,60)
(-107,203,55)
(-103,197,47)
(-98,196,30)
(-110,192,34)
(-105,197,41)
(-101,199,49)
(-98,224,60)
(-96,232,70)
(-91,237,71)
(-94,256,72)
(-88,254,80)
(-102,278,80)
(-92,280,80)
(-90,288,82)
(-100,286,80)
(-99,287,75)
(-93,283,79)
(-102,266,78)
(-106,246,68)
(-101,245,59)
(-108,240,60)
(-108,230,50)
(-116,204,38)
(-119,199,29)
(-126,184,12)
(-130,164,2)
(-135,151,-25)
(-142,148,-36)
(-146,142,-50)
(-144,142,-50)
(-141,153,-43)
(-137,153,-25)
(-127,155,-9)
(-123,183,13)
(-111,193,43)
(-113,203,41)
(-99,225,63)
(-99,233,65)
(-93,241,71)
(-99,247,79)
(-99,257,85)
(-101,259,75)
(-89,255,77)
(-94,242,76)
(-78,204,66)
(-70,188,64)
(-63,169,51)
(-58,160,64)
(-53,151,51)
(-48,144,62)
(-44,148,62)
(-35,145,57)
(-40,146,62)
(-55,153,61)
(-74,186,58)
(-91,219,67)
(-101,229,67)
(-110,262,76)
(-104,288,72)
(-108,298,72)
(-104,334,66)
(-95,339,67)
(-81,375,61)
(-80,374,70)
(-72,392,56)
(-75,401,61)
(-68,402,64)
(-73,409,61)
(-86,396,50)
(-79,405,59)
(-67,415,55)
(-52,434,60)
(-21,435,57)
(-14,450,52)
(-2,454,46)
(12,450,52)
(17,447,41)
(37,461,37)
(45,457,51)
(68,466,42)
(93,475,27)
(95,479,21)
(126,484,-6)
(114,494,-14)
(145,493,-43)
(170,504,-70)
(162,500,-94)
(188,500,-126)
(201,489,-161)
(205,481,-179)
(205,473,-211)
(214,458,-250)
(220,424,-302)
(217,389,-325)
(224,340,-336)
(220,328,-342)
(219,263,-349)
(217,251,-349)
(178,166,-340)
(169,171,-331)
(161,203,-377)
(130,266,-412)
(85,321,-423)
(78,336,-426)
(66,382,-408)
(52,410,-398)
(39,415,-403)
(-27,405,-397)
(-50,404,-390)
(-117,389,-339)
(-133,381,-321)
(-188,360,-228)
(-197,351,-207)
(-214,316,-108)
(-199,277,-37)
(-192,272,-26)
(-168,226,12)
(-153,197,19)
(-147,189,25)
(-126,180,34)
(-123,191,39)
(-116,190,52)
(-103,203,53)
(-107,205,69)
(-91,213,69)
(-100,214,70)
(-105,221,69)
(-122,222,54)
(-178,218,-14)
(-189,211,-29)
(-196,192,-88)
(-201,181,-141)
(-189,173,-151)
(-172,170,-224)
(-165,167,-243)
(-181,179,-259)
(-188,198,-234)
(-213,225,-157)
(-218,242,-136)
(-208,274,-54)
(-196,302,-34)
(-191,317,-33)
(-174,360,-52)
(-186,386,-74)
(-196,408,-130)
(-194,394,-156)
(-189,381,-237)
(-176,372,-270)
(-64,340,-396)
(37,321,-427)
(70,326,-420)
(205,313,-357)
(242,306,-304)
(265,291,-287)
(287,249,-205)
(277,227,-153)
(279,221,-121)
(257,169,-81)
(219,143,-35)
(200,128,-30)
(137,115,3)
(141,121,15)
(128,108,6)
(159,87,-45)
(180,96,-72)
(237,165,-247)
(230,178,-282)
(177,245,-359)
(141,277,-383)
(134,264,-390)
(116,244,-392)
(90,204,-392)
(62,186,-388)
(51,175,-391)
(-11,153,-377)
(-54,138,-326)
(-59,115,-293)
(-53,113,-289)
(-19,69,-239)
(46,58,-218)
(90,56,-182)
(104,60,-174)
(137,59,-167)
(145,71,-177)
(188,98,-196)
(231,143,-223)
(254,184,-244)
(251,187,-257)
(228,198,-292)
(216,184,-300)
(153,137,-321)
(87,115,-333)
(19,91,-301)
(-6,74,-278)
(-52,86,-236)
(-116,126,-254)
(-127,169,-269)
(-148,284,-324)
(-125,397,-321)
(-114,436,-312)
(-23,519,-257)
(49,549,-183)
(110,534,-130)
(137,527,-117)
(201,469,-61)
(226,450,-48)
(266,362,-30)
(269,287,-21)
(271,261,-29)
(257,185,-63)
(230,134,-96)
(222,120,-102)
(181,85,-143)
(178,76,-152)
(153,59,-153)
(146,60,-152)
(155,55,-151)
(200,100,-128)
(214,102,-124)
(254,174,-76)
(262,222,-44)
(255,261,-13)
(262,276,-2)
(258,304,-4)
(255,305,1)
(235,329,37)
(227,341,47)
(194,346,74)
(184,354,84)
(189,353,77)
(173,357,87)
(163,349,87)
(162,360,90)
(164,370,88)
(169,345,83)
(160,344,82)
(182,324,88)
(177,303,87)
(183,289,85)
(198,290,80)
(195,275,77)
(207,257,63)
(197,247,69)
(209,261,61)
(199,265,67)
(207,245,69)
(198,234,60)
(194,210,52)
(195,197,53)
(190,180,38)
(192,176,46)
(186,178,46)
(173,183,51)
(168,192,58)
(170,192,64)
(167,183,61)
(159,179,61)
(155,181,67)
(157,171,53)
(155,169,55)
(157,157,55)
(161,151,47)
(145,143,49)
(156,154,44)
(169,155,47)
(178,168,50)
(185,177,47)
(176,186,64)
(167,193,61)
(175,185,59)
(177,183,57)
(191,179,49)
(220,198,32)
(236,222,24)
(247,227,19)
(246,244,8)
(257,243,-5)
(261,253,-5)
(261,269,3)
(267,283,-3)
(277,287,-11)
(276,306,-10)
(279,319,-15)
(284,320,-22)
(268,344,-16)
(259,361,-17)
(259,373,-5)
(237,379,11)
(226,368,32)
(187,371,77)
(162,374,76)
(190,348,76)
(244,298,34)
(285,277,-17)
(294,270,-90)
(307,269,-107)
(307,275,-107)
(282,274,-26)
(269,279,-13)
(199,341,59)
(193,349,61)
(184,362,68)
(177,381,65)
(167,383,73)
(170,388,72)
(215,335,63)
(265,263,-7)
(293,259,-41)
(295,243,-81)
(297,241,-85)
(287,239,-51)
(276,240,-38)
(217,287,59)
(169,333,87)
(149,375,87)
(143,395,79)
(148,402,72)
(147,395,73)
(153,391,83)
(200,330,78)
(217,311,55)
(252,252,20)
(260,242,18)
(257,229,-7)
(260,222,-2)
(226,240,54)
(191,263,73)
(138,336,102)
(131,345,107)
(114,386,94)
(117,395,87)
(109,435,63)
(102,438,62)
(110,464,46)
(105,463,43)
(110,486,24)
(105,493,13)
(104,496,22)
(119,471,31)
(115,459,53)
(107,441,61)
(128,404,86)
(167,363,91)
(185,349,89)
(216,294,70)
(210,296,70)
(171,337,97)
(120,392,90)
(105,427,85)
(92,450,62)
(87,471,43)
(83,497,23)
(78,504,16)
(79,509,3)
(82,522,-22)
(88,520,-24)
(93,531,-43)
(91,537,-47)
(93,541,-69)
(92,544,-70)
(98,544,-92)
(97,555,-105)
(103,547,-111)
(106,550,-128)
(111,555,-143)
(105,557,-149)
(115,549,-151)
(117,541,-153)
(125,547,-147)
(123,547,-145)
(119,535,-151)
(126,542,-144)
(133,541,-153)
(124,540,-152)
(126,550,-154)
(97,549,-129)
(84,548,-94)
(80,540,-68)
(66,526,-4)
(56,504,24)
(58,488,42)
(57,489,35)
(54,502,16)
(40,510,2)
(60,534,-28)
(70,530,-44)
(89,541,-49)
(100,540,-76)
(110,540,-88)
(109,537,-93)
(131,543,-97)
(143,533,-97)
(141,535,-101)
(147,527,-95)
(145,527,-85)
(143,523,-89)
(141,527,-59)
(105,509,5)
(97,475,47)
(104,476,50)
(92,470,52)
(103,469,57)
(94,480,38)
(100,502,12)
(103,497,13)
(119,477,31)
(116,464,52)
(98,500,6)
(91,517,-5)
(70,536,-44)
(77,549,-75)
(80,554,-118)
(87,565,-159)
(91,559,-187)
(87,547,-193)
(82,550,-192)
(97,543,-209)
(101,549,-197)
(116,540,-202)
(87,555,-195)
(86,554,-188)
(61,557,-187)
(40,546,-102)
(33,519,-11)
(38,510,6)
(33,507,19)
(28,498,18)
(35,505,25)
(25,513,11)
(28,512,10)
(40,474,56)
(86,436,88)
(126,416,92)
(145,377,105)
(157,367,95)
(191,349,93)
(191,333,87)
(203,327,83)
(220,314,80)
(233,301,49)
(248,284,36)
(264,264,6)
(256,284,40)
(229,309,61)
(208,318,72)
(199,333,77)
(182,390,68)
(165,403,73)
(173,401,61)
(173,417,67)
(169,413,67)
(163,413,61)
(172,424,64)
(159,419,67)
(166,428,50)
(169,445,39)
(163,443,29)
(170,454,34)
(170,456,24)
(177,461,9)
(179,461,5)
(176,474,-16)
(174,476,-22)
(180,480,-26)
(161,465,17)
(171,423,55)
(175,379,83)
(193,357,79)
(199,343,77)
(220,314,66)
(240,276,40)
(261,247,11)
(266,224,-8)
(280,204,-52)
(282,200,-100)
(292,190,-138)
(281,183,-153)
(284,174,-176)
(275,171,-201)
(267,165,-211)
(257,153,-235)
(260,130,-168)
(246,138,-48)
(210,172,24)
(173,259,99)
(128,374,102)
(99,433,81)
(151,427,69)
(208,384,52)
(245,345,25)
(251,359,7)
(265,353,-11)
(278,384,-70)
(278,416,-134)
(274,424,-174)
(262,422,-216)
(266,402,-256)
(256,372,-276)
(226,278,-334)
(235,261,-339)
(138,172,-360)
(97,135,-345)
(31,109,-335)
(38,92,-320)
(37,71,-289)
(67,51,-265)
(105,55,-227)
(153,61,-213)
(197,81,-193)
(218,106,-200)
(230,118,-216)
(232,126,-226)
(214,102,-224)
(167,67,-197)
(115,51,-189)
(50,36,-182)
(-1,33,-175)
(-35,55,-177)
(-72,72,-180)
(-81,71,-181)
(-93,73,-177)
(-45,55,-153)
(5,41,-147)
(45,33,-157)
(88,38,-164)
(127,47,-171)
(156,58,-180)
(147,47,-175)
(88,46,-170)
(21,37,-159)
(-20,52,-174)
(-62,72,-180)
(-103,99,-203)
(-120,130,-246)
(-126,138,-268)
(-105,219,-357)
(-55,289,-407)
(9,347,-417)
(78,434,-372)
(125,489,-307)
(210,486,-176)
(267,419,-101)
(287,347,-69)
(278,262,-58)
(261,197,-69)
(251,161,-79)
(214,100,-148)
(208,96,-164)
(163,75,-183)
(140,56,-178)
(122,44,-172)
(122,52,-162)
(132,50,-166)
(165,63,-161)
(184,80,-150)
(231,119,-137)
(244,134,-132)
(284,196,-92)
(282,210,-92)
(287,237,-71)
(286,238,-48)
(282,248,-42)
(281,247,-35)
(271,263,-19)
(264,290,2)
(253,267,27)
(244,246,36)
(240,230,34)
(224,192,16)
(220,170,8)
(209,159,13)
(204,156,26)
(200,162,20)
(205,163,23)
(195,175,41)
(189,181,49)
(187,191,53)
(195,237,65)
(184,294,78)
(173,341,77)
(157,385,71)
(153,409,69)
(160,450,44)
(152,454,32)
(160,418,54)
(177,385,73)
(196,316,88)
(220,250,44)
(240,208,8)
(243,185,-11)
(241,169,-21)
(256,144,-92)
(261,135,-171)
(259,143,-185)
(250,154,-232)
(245,153,-245)
(235,159,-281)
(230,152,-288)
(232,150,-270)
(227,115,-211)
(218,92,-112)
(211,105,-77)
(223,107,-91)
(236,118,-142)
(231,97,-131)
(221,103,-73)
(241,145,-49)
(255,155,-67)
(278,206,-62)
(281,213,-67)
(284,212,-56)
(262,168,-58)
(249,143,-65)
(238,138,-50)
(262,188,-58)
(281,237,-53)
(291,277,-35)
(284,282,-4)
(259,261,-3)
(252,212,0)
(257,201,-7)
(273,235,-21)
(285,275,-37)
(282,340,-22)
(258,352,0)
(258,340,6)
(247,265,39)
(238,220,32)
(230,212,26)
(221,209,47)
(225,227,43)
(228,260,38)
(243,287,35)
(241,291,39)
(230,248,40)
(232,214,44)
(216,196,40)
(211,229,53)
(234,212,36)
(214,184,32)
(208,168,32)
(169,139,39)
(159,141,45)
(156,134,48)
(152,126,40)
(145,117,35)
(143,119,35)
(143,119,33)
(138,126,38)
(141,131,57)
(144,150,56)
(149,157,51)
(167,153,37)
(182,174,38)
(193,169,37)
(204,178,28)
(219,175,-3)
(239,169,-23)
(232,158,-44)
(239,155,-65)
(253,147,-129)
(238,146,-172)
(207,111,-223)
(181,97,-249)
(145,79,-277)
(105,89,-293)
(107,81,-303)
(71,85,-305)
(68,90,-320)
(59,101,-319)
(65,91,-313)
(45,71,-283)
(34,76,-292)
(17,77,-291)
(13,75,-287)
(12,76,-296)
(-6,76,-284)
(-14,66,-270)
(-21,75,-269)
(-35,81,-277)
(-47,91,-291)
(-59,91,-301)
(-69,111,-307)
(-73,137,-321)
(-71,147,-337)
(-42,166,-358)
(-49,165,-373)
(-34,146,-360)
(-36,150,-356)
(-37,139,-345)
(-38,124,-340)
(-43,119,-329)
(-68,112,-316)
(-63,103,-305)
(-73,107,-301)
(-78,110,-292)
(-82,110,-280)
(-86,106,-290)
(-80,106,-292)
(-68,104,-292)
(-41,109,-319)
(-8,100,-318)
(9,91,-319)
(60,80,-312)
(90,88,-314)
(96,94,-320)
(120,110,-320)
(129,109,-331)
(142,126,-332)
(142,130,-332)
(136,128,-340)
(130,124,-338)
(134,124,-330)
(133,123,-331)
(126,116,-324)
(124,106,-318)
(132,108,-328)
(125,113,-331)
(118,116,-340)
(110,120,-354)
(109,125,-365)
(102,152,-380)
(128,196,-394)
(145,245,-399)
(173,277,-379)
(183,287,-373)
(206,324,-356)
(214,336,-346)
(227,395,-309)
(247,411,-267)
(244,426,-254)
(257,441,-195)
(260,432,-148)
(266,424,-100)
(263,411,-93)
(257,401,-47)
(256,376,-30)
(264,344,-6)
(261,325,11)
(259,295,5)
(255,263,7)
(254,236,-2)
(263,189,-41)
(257,159,-85)
(245,129,-103)
(222,110,-110)
(211,101,-119)
(213,87,-121)
(191,75,-125)
(175,65,-137)
(186,66,-130)
(191,71,-109)
(194,80,-82)
(200,88,-96)
(198,82,-108)
(192,80,-100)
(178,68,-84)
(181,69,-75)
(188,70,-84)
(179,71,-77)
(188,82,-82)
(189,77,-79)
(198,98,-60)
(225,105,-63)
(237,143,-51)
(253,175,-35)
(251,193,-27)
(264,216,-18)
(270,222,-16)
(260,236,-8)
(262,240,2)
(254,242,4)
(259,237,1)
(257,219,3)
(250,188,-10)
(236,172,10)
(222,150,-2)
(207,149,1)
(207,143,9)
(191,139,-1)
(193,131,5)
(193,147,13)
(194,148,30)
(187,153,23)
(193,155,33)
(182,152,28)
(192,146,30)
(183,149,25)
(187,147,25)
(188,140,30)
(189,151,29)
(188,162,38)
(195,171,37)
(203,175,39)
(213,191,27)
(213,193,33)
(202,184,32)
(212,178,34)
(208,174,24)
(214,182,22)
(243,227,13)
(274,264,-16)
(281,263,-59)
(293,257,-85)
(294,256,-98)
(293,221,-119)
(279,185,-159)
(253,165,-211)
(227,139,-253)
(204,128,-274)
(166,108,-292)
(131,81,-283)
(116,80,-280)
(113,67,-283)
(108,76,-282)
(111,73,-285)
(135,93,-315)
(164,140,-338)
(171,161,-353)
(202,234,-352)
(229,275,-335)
(237,275,-313)
(235,233,-299)
(245,211,-285)
(225,169,-291)
(191,135,-295)
(172,116,-306)
(155,117,-305)
(135,115,-317)
(137,161,-355)
(155,217,-383)
(192,248,-368)
(178,194,-354)
(163,169,-339)
(148,146,-346)
(140,150,-352)
(115,187,-385)
(121,243,-409)
(144,284,-408)
(169,277,-385)
(178,256,-368)
(168,204,-366)
(144,170,-358)
(123,167,-377)
(99,201,-401)
(66,272,-428)
(97,315,-417)
(114,330,-416)
(166,318,-390)
(173,257,-381)
(157,235,-375)
(143,225,-395)
(90,238,-410)
(53,281,-427)
(74,326,-424)
(118,354,-400)
(154,312,-392)
(138,254,-390)
(99,221,-397)
(73,249,-419)
(74,294,-412)
(81,309,-425)
(139,313,-399)
(137,259,-397)
(108,236,-408)
(89,225,-415)
(48,246,-416)
(56,310,-422)
(99,311,-411)
(122,254,-400)
(102,168,-380)
(85,103,-329)
(82,80,-296)
(83,145,-373)
(88,184,-390)
(101,223,-397)
(107,175,-381)
(90,122,-352)
(88,106,-326)
(89,161,-385)
(119,203,-399)
(142,170,-366)
(190,174,-332)
(201,243,-353)
(181,295,-371)
(182,350,-370)
(200,386,-332)
(221,369,-319)
(212,334,-340)
(201,363,-345)
(173,437,-327)
(175,459,-305)
(218,458,-246)
(221,427,-283)
(196,432,-312)
(172,466,-290)
(192,494,-228)
(204,484,-172)
(228,466,-174)
(224,464,-188)
(198,484,-216)
(178,510,-192)
(188,508,-134)
(219,481,-105)
(238,476,-128)
(211,491,-161)
(181,511,-141)
(161,523,-101)
(195,501,-77)
(205,487,-77)
(213,501,-147)
(191,513,-137)
(163,517,-77)
(163,507,-59)
(206,468,-50)
(224,462,-90)
(220,482,-128)
(187,515,-117)
(171,517,-101)
(186,484,-38)
(221,465,-75)
(227,491,-123)
(176,518,-134)
(128,546,-120)
(109,549,-117)
(87,533,-69)
(140,512,-30)
(159,499,-27)
(164,514,-90)
(96,548,-122)
(31,559,-117)
(22,556,-94)
(53,555,-93)
(103,547,-97)
(93,555,-133)
(19,559,-171)
(-5,557,-151)
(9,555,-115)
(59,561,-121)
(117,553,-125)
(76,558,-150)
(15,559,-159)
(4,560,-152)
(66,556,-94)
(116,544,-106)
(107,555,-153)
(46,558,-242)
(16,518,-300)
(-2,500,-326)
(-11,483,-353)
(-13,479,-355)
(-21,463,-361)
(-38,456,-370)
(-41,439,-369)
(-42,428,-378)
(-47,439,-379)
(-59,443,-381)
(-57,453,-353)
(-66,478,-314)
(-65,485,-297)
(-77,509,-269)
(-78,504,-276)
(-80,504,-284)
(-88,498,-292)
(-87,497,-297)
(-98,470,-308)
(-95,449,-343)
(-89,445,-345)
(-102,444,-332)
(-116,454,-308)
(-114,470,-302)
(-99,479,-301)
(-89,489,-295)
(-65,501,-305)
(-61,493,-313)
(-21,503,-321)
(25,511,-313)
(54,518,-310)
(77,523,-299)
(107,519,-289)
(132,520,-278)
(132,520,-278)
(146,516,-270)
(131,523,-273)
(118,524,-284)
(104,528,-274)
(66,530,-266)
(49,543,-261)
(33,537,-257)
(33,545,-257)
(29,545,-255)
(29,539,-257)
(28,540,-254)
(26,550,-250)
(16,544,-250)
(10,546,-252)
(2,548,-234)
(5,551,-223)
(-7,551,-219)
(-2,556,-212)
(2,546,-212)
(-18,548,-200)
(-13,555,-189)
(-8,548,-190)
(-13,549,-189)
(-9,553,-195)
(-16,556,-182)
(-14,552,-178)
(-11,547,-151)
(2,556,-136)
(-7,551,-117)
(-14,548,-102)
(-4,546,-94)
(-25,549,-89)
(-16,544,-98)
(-16,550,-74)
(-17,545,-57)
(-10,546,-74)
(-6,550,-88)
(-3,559,-107)
(-7,557,-119)
(2,562,-132)
(-4,560,-170)
(12,556,-204)
(1,557,-219)
(37,553,-221)
(76,554,-210)
(80,556,-206)
(112,544,-212)
(107,543,-221)
(114,538,-242)
(116,534,-248)
(118,532,-256)
(126,518,-256)
(117,515,-275)
(127,517,-279)
(121,509,-291)
(102,502,-316)
(96,482,-340)
(106,470,-342)
(127,435,-369)
(168,404,-364)
(188,366,-364)
(182,328,-374)
(179,289,-383)
(173,279,-381)
(174,254,-382)
(170,254,-386)
(173,277,-385)
(167,313,-383)
(175,351,-383)
(186,362,-370)
(196,388,-354)
(194,410,-328)
(213,425,-305)
(217,445,-283)
(217,445,-267)
(209,459,-265)
(218,468,-246)
(216,476,-232)
(205,495,-213)
(190,504,-202)
(187,511,-179)
(183,511,-163)
(184,512,-112)
(194,506,-86)
(179,503,-81)
(179,501,-53)
(183,485,-33)
(183,455,5)
(197,433,19)
(205,401,35)
(214,372,36)
(222,370,38)
(220,386,30)
(226,378,28)
(207,389,37)
(167,467,13)
(149,513,-27)
(125,537,-71)
(118,544,-114)
(100,552,-154)
(105,551,-185)
(138,524,-218)
(147,517,-241)
(147,521,-249)
(141,503,-283)
(146,494,-292)
(154,488,-310)
(157,471,-309)
(159,475,-319)
(160,474,-322)
(162,466,-332)
(162,464,-328)
(166,458,-324)
(171,449,-331)
(176,450,-334)
(176,440,-342)
(176,434,-348)
(180,428,-348)
(177,421,-343)
(174,428,-342)
(178,428,-346)
(161,429,-353)
(131,477,-329)
(120,490,-324)
(83,537,-263)
(55,557,-163)
(73,551,-81)
(83,523,-29)
(99,505,11)
(105,487,31)
(111,483,37)
(88,524,-22)
(82,548,-82)
(103,559,-147)
(131,547,-199)
(143,527,-233)
(148,512,-258)
(157,493,-297)
(162,466,-322)
(162,436,-344)
(166,428,-358)
(168,406,-372)
(161,401,-381)
(146,420,-384)
(137,419,-379)
(69,473,-361)
(37,503,-337)
(-26,530,-272)
(-41,541,-195)
(-60,546,-164)
(-63,541,-151)
(-59,541,-145)
(-66,540,-148)
(-57,545,-205)
(-25,525,-273)
(2,518,-304)
(31,519,-309)
(-9,549,-229)
(-15,549,-139)
(9,533,-37)
(53,489,45)
(109,441,85)
(163,389,81)
(220,338,72)
(256,296,24)
(276,258,-16)
(291,247,-57)
(300,240,-110)
(301,243,-145)
(298,240,-160)
(299,247,-209)
(292,244,-224)
(283,229,-247)
(269,223,-269)
(271,221,-267)
(257,229,-283)
(257,221,-305)
(252,216,-292)
(269,225,-279)
(268,216,-268)
(288,212,-232)
(291,215,-203)
(289,205,-171)
(287,205,-137)
(301,207,-109)
(293,213,-89)
(284,214,-82)
(279,219,-61)
(296,218,-82)
(296,210,-128)
(295,213,-183)
(281,207,-201)
(277,195,-205)
(291,201,-207)
(278,198,-198)
(292,198,-190)
(282,192,-96)
(273,199,-69)
(280,198,-64)
(285,209,-73)
(293,207,-105)
(294,210,-152)
(291,213,-191)
(283,215,-203)
(284,212,-210)
(291,215,-185)
(289,211,-149)
(294,204,-122)
(288,204,-100)
(288,210,-64)
(282,218,-34)
(270,238,-24)
(287,249,-39)
(302,260,-108)
(307,293,-147)
(316,320,-162)
(300,340,-160)
(305,345,-169)
(298,368,-172)
(280,372,-170)
(292,384,-174)
(298,378,-178)
(303,371,-149)
(301,345,-97)
(300,320,-60)
(280,292,-42)
(277,277,1)
(252,292,18)
(251,311,29)
(254,310,22)
(273,291,3)
(289,283,-41)
(288,258,-64)
(305,253,-89)
(299,243,-93)
(301,231,-113)
(302,234,-122)
(293,239,-131)
(303,233,-141)
(303,241,-101)
(289,251,-77)
(288,254,-46)
(286,266,-32)
(279,283,-25)
(282,302,-6)
(270,310,0)
(262,320,2)
(269,311,-9)
(279,301,-17)
(289,271,-45)
(297,257,-71)
(296,250,-82)
(301,253,-95)
(308,242,-114)
(300,226,-130)
(306,232,-142)
(304,230,-138)
(295,239,-131)
(302,238,-110)
(298,256,-92)
(285,261,-41)
(287,279,-27)
(272,284,-10)
(265,305,9)
(263,335,7)
(247,361,15)
(250,374,12)
(240,394,6)
(240,410,-2)
(237,409,-7)
(244,398,-8)
(240,406,-6)
(231,435,-19)
(229,443,-25)
(219,443,-29)
(217,455,-39)
(230,460,-34)
(219,461,-41)
(220,464,-48)
(225,461,-43)
(214,466,-46)
(220,462,-50)
(227,467,-69)
(216,468,-78)
(224,480,-92)
(225,473,-87)
(223,473,-87)
(229,459,-65)
(236,440,-40)
(241,419,-23)
(250,388,-8)
(259,317,9)
(266,266,-6)
(269,215,-27)
(271,191,-37)
(243,157,-57)
(233,119,-93)
(227,101,-155)
(240,110,-184)
(240,120,-210)
(251,143,-221)
(261,171,-239)
(264,192,-244)
(267,219,-253)
(277,239,-257)
(282,238,-260)
(285,291,-269)
(281,293,-263)
(284,278,-260)
(288,246,-238)
(294,236,-204)
(298,210,-122)
(293,207,-107)
(288,206,-96)
(296,234,-140)
(299,261,-195)
(291,269,-205)
(303,267,-201)
(295,263,-191)
(306,258,-116)
(305,285,-111)
(303,307,-103)
(292,326,-84)
(289,357,-69)
(278,398,-100)
(262,420,-128)
(257,423,-207)
(249,399,-269)
(240,364,-312)
(214,354,-336)
(216,318,-348)
(210,280,-358)
(201,279,-351)
(204,298,-352)
(209,305,-359)
(208,310,-352)
(209,305,-355)
(203,305,-355)
(206,312,-358)
(203,317,-361)
(197,309,-359)
(195,313,-371)
(185,309,-371)
(179,303,-377)
(-125,273,-75)
(-129,275,-83)
(-127,273,-81)
(-124,276,-72)
(-120,272,-80)
(-126,272,-78)
(-119,269,-77)
(-123,277,-85)
(-129,283,-83)
(-127,281,-87)
(-126,294,-94)
(-115,303,-97)
(-122,306,-96)
(-116,328,-98)
(-114,348,-88)
(-109,365,-77)
(-110,384,-74)
(-105,409,-61)
(-96,426,-74)
(-75,445,-75)
(-69,453,-81)
(-53,469,-85)
(-34,496,-76)
(-21,497,-75)
(-14,508,-76)
(10,508,-88)
(11,507,-87)
(15,515,-103)
(32,522,-108)
(44,522,-114)
(48,508,-126)
(57,513,-127)
(58,500,-138)
(68,500,-148)
(73,495,-157)
(81,485,-161)
(88,486,-174)
(108,476,-188)
(107,455,-197)
(101,439,-219)
(99,419,-227)
(107,415,-227)
(95,395,-235)
(94,380,-244)
(94,380,-244)
(90,388,-240)
(88,396,-236)
(87,415,-219)
(80,430,-210)
(68,472,-194)
(68,474,-166)
(55,493,-153)
(34,516,-122)
(35,523,-111)
(24,526,-80)
(6,522,-50)
(-13,515,-31)
(-41,509,-7)
(-58,492,4)
(-65,477,25)
(-79,457,41)
(-89,439,45)
(-108,416,22)
(-113,379,-37)
(-118,366,-70)
(-110,354,-104)
(-92,348,-122)
(-79,345,-135)
(-60,336,-168)
(-43,329,-179)
(-39,323,-187)
(-37,327,-195)
(-35,313,-197)
(-32,318,-198)
(-35,307,-189)
(-46,316,-186)
(-47,315,-181)
(-56,308,-184)
(-46,310,-178)
(-59,309,-175)
(-54,304,-170)
(-64,300,-164)
(-69,303,-159)
(-76,292,-168)
(-68,294,-162)
(-67,291,-161)
(-75,281,-169)
(-74,286,-158)
(-74,280,-158)
(-79,281,-149)
(-84,288,-134)
(-93,299,-125)
(-93,307,-119)
(-96,316,-112)
(-95,315,-117)
(-101,329,-107)
(-107,321,-97)
(-108,336,-84)
(-119,337,-55)
(-123,337,-51)
(-121,329,-15)
(-130,326,4)
(-124,340,24)
(-129,345,43)
(-117,351,59)
(-116,354,68)
(-105,355,63)
(-108,364,56)
(-120,350,60)
(-112,360,66)
(-111,361,81)
(-110,368,74)
(-104,360,74)
(-118,352,78)
(-114,354,80)
(-117,359,69)
(-125,351,59)
(-120,360,60)
(-124,360,42)
(-131,355,37)
(-124,346,48)
(-121,351,45)
(-125,353,37)
(-126,342,36)
(-131,345,37)
(-130,348,14)
(-142,342,-10)
(-132,348,-18)
(-127,365,-17)
(-131,353,-45)
(-127,361,-51)
(-130,340,-54)
(-136,328,-54)
(-130,326,-50)
(-138,302,-26)
(-138,292,-6)
(-128,284,2)
(-134,282,18)
(-134,274,30)
(-134,254,58)
(-116,232,76)
(-115,231,69)
(-119,213,79)
(-100,184,66)
(-85,169,53)
(-94,158,50)
(-83,149,33)
(-81,145,35)
(-86,132,12)
(-78,138,-22)
(-68,134,-44)
(-72,132,-62)
(-71,159,-95)
(-67,177,-117)
(-62,200,-144)
(-56,208,-156)
(-52,232,-174)
(-53,251,-179)
(-48,264,-186)
(-47,295,-191)
(-52,294,-192)
(-39,309,-199)
(-43,325,-203)
(-47,341,-203)
(-40,362,-208)
(-37,379,-199)
(-33,387,-191)
(-26,414,-192)
(-15,429,-189)
(-21,433,-183)
(-12,442,-176)
(-10,446,-176)
(-16,448,-164)
(-6,442,-178)
(-9,425,-185)
(-20,404,-188)
(-34,368,-194)
(-27,341,-209)
(-17,309,-213)
(-19,283,-217)
(-12,242,-208)
(-9,209,-209)
(-6,184,-174)
(-17,153,-151)
(-21,123,-123)
(-24,108,-88)
(-31,95,-57)
(-50,98,-22)
(-62,114,4)
(-79,135,37)
(-97,163,55)
(-110,192,72)
(-118,224,84)
(-125,273,89)
(-130,310,94)
(-113,361,109)
(-109,389,87)
(-100,418,74)
(-88,446,52)
(-87,469,21)
(-70,482,-8)
(-57,501,-23)
(-28,508,-34)
(-8,520,-48)
(3,523,-59)
(8,520,-80)
(31,529,-83)
(46,526,-102)
(55,521,-101)
(56,522,-118)
(54,522,-106)
(31,525,-97)
(25,525,-89)
(8,532,-68)
(3,527,-59)
(-30,508,-24)
(-63,485,-1)
(-94,452,10)
(-114,422,4)
(-115,407,7)
(-135,365,-13)
(-135,327,-17)
(-145,295,-25)
(-131,275,-21)
(-131,221,-11)
(-117,203,-17)
(-116,196,-12)
(-96,162,-18)
(-94,156,-22)
(-72,142,-16)
(-59,125,-15)
(-46,108,-28)
(-42,102,-26)
(-19,91,-31)
(-14,90,-44)
(-7,103,-55)
(-1,107,-103)
(9,133,-135)
(15,143,-155)
(23,171,-173)
(29,183,-193)
(29,189,-193)
(26,196,-198)
(20,216,-208)
(21,231,-219)
(26,252,-226)
(23,275,-219)
(31,289,-237)
(35,311,-239)
(35,313,-245)
(51,339,-241)
(48,366,-242)
(53,379,-225)
(56,394,-232)
(56,410,-212)
(45,411,-225)
(40,422,-214)
(34,412,-214)
(28,374,-228)
(28,330,-232)
(31,313,-233)
(37,265,-229)
(43,225,-213)
(35,179,-189)
(22,142,-152)
(-3,109,-115)
(-11,103,-75)
(-31,95,-23)
(-37,97,15)
(-67,117,47)
(-77,137,77)
(-81,173,109)
(-92,214,140)
(-76,264,164)
(-78,312,170)
(-61,347,189)
(-44,398,180)
(-17,439,177)
(21,483,159)
(30,502,136)
(36,528,114)
(38,530,100)
(38,544,62)
(44,542,34)
(41,553,1)
(45,547,-17)
(44,542,-48)
(44,540,-74)
(73,529,-101)
(81,519,-127)
(92,510,-152)
(110,484,-174)
(128,474,-182)
(124,470,-190)
(128,468,-186)
(127,461,-189)
(121,479,-183)
(127,487,-171)
(121,515,-159)
(117,513,-135)
(119,529,-123)
(113,533,-103)
(97,541,-81)
(103,541,-59)
(97,549,-51)
(94,542,-36)
(84,556,-30)
(82,554,-32)
(80,556,-26)
(69,551,-11)
(66,552,-16)
(58,556,-2)
(51,553,1)
(50,540,10)
(47,541,27)
(46,546,22)
(46,546,24)
(46,546,38)
(39,541,37)
(42,540,44)
(34,538,68)
(38,532,80)
(56,526,96)
(48,516,104)
(50,520,110)
(73,521,109)
(72,520,112)
(84,516,124)
(87,517,129)
(101,519,129)
(93,511,133)
(88,504,136)
(98,508,144)
(106,500,146)
(109,491,159)
(112,492,160)
(98,494,172)
(70,486,152)
(56,488,160)
(56,494,148)
(43,489,155)
(41,479,149)
(31,487,153)
(29,485,145)
(27,481,157)
(64,478,172)
(57,473,167)
(72,476,176)
(68,464,180)
(69,469,183)
(72,470,196)
(78,460,190)
(68,452,196)
(70,456,190)
(63,451,189)
(64,454,188)
(54,442,198)
(45,435,199)
(40,432,206)
(36,432,206)
(40,418,210)
(27,415,209)
(25,405,215)
(24,408,214)
(22,406,202)
(20,402,218)
(7,391,213)
(0,388,216)
(2,388,206)
(-22,372,208)
(3,399,213)
(-4,402,206)
(13,409,201)
(18,424,204)
(23,423,193)
(28,442,190)
(29,441,189)
(29,455,185)
(41,457,179)
(41,469,175)
(43,471,181)
(39,471,173)
(54,472,180)
(51,475,173)
(48,476,166)
(49,479,167)
(47,487,163)
(50,492,158)
(49,483,167)
(51,489,159)
(37,481,169)
(47,497,151)
(53,485,173)
(60,480,184)
(60,488,168)
(66,498,152)
(86,508,144)
(87,511,137)
(81,513,139)
(86,512,132)
(92,512,140)
(83,507,137)
(82,514,146)
(97,513,141)
(102,506,144)
(101,509,147)
(111,505,149)
(107,503,157)
(131,489,161)
(136,484,168)
(146,482,176)
(143,469,195)
(142,476,186)
(155,465,183)
(139,477,181)
(132,488,168)
(136,484,168)
(138,496,164)
(139,495,157)
(147,503,159)
(133,507,151)
(138,502,152)
(138,496,156)
(136,498,160)
(135,495,153)
(137,487,163)
(143,487,167)
(136,480,172)
(140,472,182)
(131,469,183)
(129,461,189)
(113,461,201)
(103,453,209)
(89,449,215)
(80,440,210)
(79,437,217)
(79,429,219)
(77,427,215)
(86,430,216)
(73,437,221)
(79,437,215)
(78,432,218)
(86,434,210)
(77,439,211)
(76,430,214)
(83,435,217)
(77,435,217)
(71,431,217)
(76,434,216)
(70,430,212)
(61,425,205)
(64,434,212)
(64,432,210)
(65,431,213)
(75,429,215)
(62,436,216)
(74,428,210)
(65,433,209)
(68,438,210)
(65,439,207)
(59,441,205)
(61,441,209)
(64,438,210)
(57,439,201)
(62,444,206)
(59,439,201)
(63,443,211)
(58,440,208)
(58,438,206)
(48,440,196)
(38,420,214)
(45,389,223)
(21,371,233)
(1,333,231)
(-22,292,216)
(-45,271,201)
(-59,259,193)
(-61,241,161)
(-67,221,143)
(-68,198,134)
(-69,191,105)
(-69,169,91)
(-75,165,71)
(-85,159,45)
(-81,149,21)
(-94,156,0)
(-92,168,-28)
(-97,175,-61)
(-98,200,-88)
(-91,225,-113)
(-90,240,-128)
(-69,247,-163)
(-79,257,-149)
(-98,242,-120)
(-97,209,-85)
(-111,205,-39)
(-123,199,7)
(-117,207,43)
(-106,242,98)
(-90,292,144)
(-87,315,143)
(-73,375,141)
(-73,403,133)
(-80,414,112)
(-84,426,108)
(-79,443,81)
(-77,459,53)
(-68,478,18)
(-68,484,-10)
(-62,480,-16)
(-60,490,-52)
(-49,485,-71)
(-47,481,-85)
(-51,479,-91)
(-48,472,-98)
(-39,479,-105)
(-29,479,-115)
(-20,468,-152)
(-9,463,-169)
(-2,452,-166)
(3,441,-179)
(-4,440,-182)
(9,437,-199)
(26,426,-208)
(21,417,-215)
(30,412,-220)
(30,404,-228)
(38,404,-232)
(45,405,-235)
(60,404,-234)
(76,404,-242)
(109,387,-251)
(124,388,-254)
(133,361,-257)
(136,346,-250)
(139,335,-259)
(149,313,-261)
(145,293,-267)
(156,284,-260)
(163,281,-265)
(166,262,-266)
(164,258,-270)
(161,239,-255)
(162,236,-256)
(169,251,-263)
(178,266,-250)
(193,293,-257)
(191,315,-255)
(193,339,-245)
(217,359,-237)
(205,365,-233)
(194,406,-224)
(186,418,-230)
(160,436,-224)
(126,440,-216)
(111,435,-221)
(94,436,-224)
(93,435,-219)
(82,440,-222)
(77,433,-219)
(81,435,-211)
(75,435,-221)
(67,427,-225)
(68,418,-220)
(73,421,-217)
(64,414,-222)
(64,408,-232)
(60,408,-220)
(51,401,-229)
(50,406,-226)
(39,411,-227)
(36,404,-222)
(39,403,-223)
(23,411,-215)
(25,411,-209)
(18,410,-202)
(2,426,-204)
(2,422,-202)
(4,414,-202)
(8,410,-206)
(-6,398,-202)
(-3,377,-209)
(-26,366,-216)
(-13,347,-225)
(-18,316,-224)
(-44,312,-204)
(-53,313,-197)
(-61,301,-191)
(-72,308,-184)
(-70,290,-180)
(-69,293,-171)
(-73,289,-171)
(-89,301,-165)
(-89,299,-159)
(-96,304,-148)
(-92,300,-162)
(-96,296,-150)
(-112,292,-126)
(-138,298,-84)
(-151,291,-21)
(-152,302,28)
(-132,310,100)
(-105,327,149)
(-75,297,187)
(-44,274,220)
(-35,261,225)
(-10,246,252)
(25,257,247)
(42,254,260)
(57,273,269)
(59,279,271)
(69,279,273)
(70,294,280)
(71,303,283)
(65,315,277)
(69,311,273)
(63,313,277)
(62,298,280)
(62,300,278)
(60,288,272)
(60,284,272)
(57,279,271)
(61,277,277)
(49,273,275)
(61,261,283)
(55,265,271)
(60,266,278)
(55,267,269)
(65,263,275)
(56,260,276)
(57,265,271)
(63,255,269)
(53,263,275)
(56,264,272)
(60,264,270)
(53,269,273)
(55,265,279)
(51,263,277)
(60,260,270)
(53,263,273)
(53,261,265)
(51,259,271)
(56,260,274)
(53,257,273)
(56,266,278)
(57,261,275)
(50,264,278)
(46,264,270)
(53,259,271)
(54,260,276)
(58,254,280)
(47,263,275)
(46,264,272)
(54,262,270)
(55,263,271)
(52,270,278)
(64,274,272)
(63,277,279)
(71,263,279)
(66,268,280)
(67,267,279)
(62,270,276)
(55,275,275)
(65,277,273)
(55,275,273)
(69,277,275)
(62,268,278)
(65,271,277)
(59,275,275)
(74,272,272)
(72,270,274)
(69,271,279)
(63,267,277)
(67,269,279)
(60,264,278)
(60,268,274)
(69,271,279)
(64,274,278)
(65,273,281)
(65,269,281)
(74,266,280)
(67,269,285)
(73,267,277)
(69,267,279)
(74,266,278)
(74,252,276)
(70,256,270)
(65,251,271)
(69,251,275)
(76,246,276)
(64,250,276)
(70,248,276)
(76,244,274)
(70,248,272)
(70,250,280)
(63,245,279)
(71,243,271)
(70,250,278)
(75,237,269)
(72,248,276)
(74,240,274)
(74,238,276)
(73,237,269)
(75,243,277)
(70,238,274)
(75,235,271)
