(114,78,286)
(120,76,288)
(117,71,285)
(121,71,285)
(122,80,290)
(118,74,282)
(116,78,290)
(113,75,289)
(110,82,290)
(117,87,283)
(99,87,295)
(91,81,283)
(79,91,285)
(75,115,289)
(65,143,289)
(51,177,273)
(42,186,274)
(36,216,254)
(18,218,258)
(0,240,238)
(-10,256,222)
(-38,270,196)
(-54,268,170)
(-72,278,148)
(-87,279,123)
(-94,280,106)
(-106,280,64)
(-115,283,53)
(-116,266,34)
(-118,252,8)
(-133,247,-9)
(-146,234,-30)
(-145,227,-39)
(-154,198,-54)
(-140,194,-62)
(-136,168,-76)
(-141,157,-77)
(-149,151,-87)
(-147,127,-97)
(-144,102,-100)
(-129,69,-107)
(-128,38,-108)
(-118,18,-94)
(-114,-6,-78)
(-112,-20,-76)
(-100,-34,-66)
(-100,-36,-62)
(-100,-40,-60)
(-101,-41,-53)
(-111,-43,-59)
(-103,-47,-51)
(-107,-29,-63)
(-113,-11,-75)
(-119,-3,-77)
(-135,35,-99)
(-139,57,-93)
(-142,76,-86)
(-160,102,-66)
(-156,120,-60)
(-163,139,-37)
(-162,154,-18)
(-164,158,-6)
(-162,170,12)
(-156,180,24)
(-157,187,45)
(-147,199,61)
(-136,212,94)
(-127,223,107)
(-121,229,131)
(-102,236,158)
(-79,233,171)
(-74,246,174)
(-51,227,209)
(-42,210,228)
(-22,194,238)
(-23,177,251)
(-5,153,265)
(9,137,265)
(11,103,271)
(10,82,276)
(3,67,265)
(-6,48,262)
(-10,36,252)
(-21,27,235)
(-28,14,230)
(-53,5,209)
(-60,-8,188)
(-69,-21,187)
(-88,-24,158)
(-93,-21,155)
(-100,-26,152)
(-107,-21,139)
(-115,-9,131)
(-114,-6,114)
(-120,-6,102)
(-135,-5,89)
(-142,10,82)
(-146,18,82)
(-148,26,80)
(-147,31,77)
(-160,56,72)
(-162,58,72)
(-163,71,65)
(-165,79,59)
(-167,89,59)
(-171,97,49)
(-174,102,38)
(-166,110,40)
(-172,126,36)
(-178,136,30)
(-172,146,28)
(-174,158,24)
(-165,147,17)
(-173,177,19)
(-166,194,12)
(-165,201,5)
(-155,203,1)
(-166,200,-2)
(-167,201,9)
(-164,202,6)
(-170,198,8)
(-166,190,-4)
(-166,198,6)
(-165,199,-11)
(-153,195,-19)
(-161,201,-23)
(-164,188,-12)
(-170,178,-8)
(-170,158,14)
(-172,128,52)
(-161,93,79)
(-160,68,126)
(-134,56,156)
(-125,41,175)
(-105,51,193)
(-82,84,224)
(-59,139,241)
(-39,165,237)
(-24,174,254)
(-15,187,255)
(-23,189,255)
(-23,175,255)
(-30,134,258)
(-21,107,257)
(-23,145,255)
(-11,203,245)
(17,233,237)
(16,254,234)
(-11,235,229)
(-33,203,241)
(-38,188,238)
(-32,188,240)
(-16,216,240)
(5,265,219)
(17,283,203)
(12,294,204)
(-40,280,182)
(-55,271,173)
(-46,280,162)
(17,331,141)
(28,340,122)
(-18,324,118)
(-68,290,108)
(-99,281,91)
(-104,276,92)
(-44,324,42)
(-3,353,19)
(-55,331,15)
(-93,301,1)
(-138,236,12)
(-127,263,1)
(-52,326,-34)
(-29,341,-33)
(-56,332,-22)
(-52,328,-28)
(-19,347,-39)
(-9,347,-47)
(15,347,-109)
(26,336,-118)
(62,304,-176)
(94,288,-190)
(109,253,-213)
(138,248,-220)
(161,217,-225)
(184,168,-230)
(198,162,-226)
(188,168,-230)
(139,187,-233)
(94,200,-238)
(62,198,-240)
(37,177,-229)
(18,146,-234)
(11,119,-237)
(29,83,-243)
(31,69,-231)
(54,50,-240)
(64,14,-230)
(103,13,-229)
(123,5,-223)
(147,-7,-211)
(153,-19,-205)
(134,-54,-192)
(130,-72,-172)
(110,-94,-136)
(96,-110,-128)
(100,-114,-112)
(65,-105,-111)
(-13,-97,-99)
(-87,-39,-93)
(-112,2,-86)
(-130,80,-94)
(-135,113,-97)
(-139,113,-103)
(-145,89,-103)
(-127,81,-105)
(-122,62,-122)
(-122,60,-116)
(-125,69,-107)
(-125,57,-109)
(-111,25,-123)
(-84,-14,-142)
(-34,-40,-146)
(20,-62,-170)
(47,-55,-171)
(92,-54,-196)
(138,-48,-198)
(162,-24,-202)
(174,-22,-206)
(167,-7,-211)
(143,-9,-221)
(120,-28,-208)
(94,-52,-194)
(36,-82,-158)
(-3,-81,-127)
(-42,-76,-98)
(-65,-59,-71)
(-102,-36,-46)
(-127,3,-23)
(-155,57,1)
(-162,120,18)
(-147,207,51)
(-119,245,75)
(-93,277,109)
(-86,266,120)
(-75,259,143)
(-93,253,167)
(-122,194,150)
(-147,95,87)
(-139,11,-23)
(-102,-24,-62)
(-40,-46,-138)
(54,-48,-194)
(132,2,-224)
(159,31,-219)
(189,59,-227)
(184,72,-236)
(179,81,-231)
(147,53,-221)
(89,-3,-217)
(-1,-41,-181)
(-70,-22,-122)
(-113,1,-87)
(-127,17,-43)
(-143,21,-9)
(-156,30,40)
(-149,27,75)
(-138,28,94)
(-128,32,128)
(-126,36,144)
(-104,22,166)
(-79,47,213)
(-40,62,236)
(-13,81,259)
(5,81,265)
(53,113,289)
(91,137,297)
(118,120,290)
(133,107,289)
(134,96,284)
(149,67,267)
(143,51,265)
(145,41,265)
(133,25,255)
(102,-14,240)
(61,-65,207)
(43,-87,163)
(36,-120,110)
(47,-117,57)
(57,-121,-1)
(70,-128,-44)
(87,-123,-73)
(108,-110,-92)
(124,-94,-114)
(156,-84,-128)
(138,-80,-136)
(123,-95,-117)
(100,-126,-70)
(88,-126,-50)
(57,-137,21)
(41,-131,65)
(24,-102,110)
(22,-94,150)
(22,-66,194)
(20,-18,232)
(28,2,250)
(48,46,272)
(55,71,267)
(89,119,281)
(91,127,281)
(89,157,283)
(103,157,277)
(116,192,272)
(126,210,264)
(120,222,256)
(105,231,249)
(115,241,247)
(106,264,228)
(96,284,206)
(90,314,188)
(81,329,165)
(69,345,129)
(47,351,105)
(51,355,109)
(47,347,123)
(47,333,155)
(45,305,191)
(33,267,227)
(35,247,241)
(33,189,265)
(32,138,270)
(31,89,269)
(27,19,261)
(22,-32,224)
(30,-72,184)
(28,-90,152)
(34,-112,120)
(31,-123,87)
(26,-124,54)
(25,-129,39)
(27,-117,3)
(24,-120,-38)
(19,-115,-63)
(25,-99,-91)
(9,-99,-105)
(9,-77,-141)
(3,-65,-145)
(-10,-60,-158)
(-9,-47,-173)
(-17,-29,-187)
(-22,-6,-186)
(-29,5,-191)
(-27,13,-205)
(-25,25,-203)
(-24,36,-212)
(-35,45,-209)
(-30,56,-216)
(-26,44,-214)
(-37,17,-207)
(-21,3,-187)
(-20,-30,-170)
(-10,-48,-158)
(14,-98,-112)
(20,-106,-92)
(45,-125,-41)
(63,-133,3)
(81,-137,45)
(87,-127,99)
(79,-117,135)
(61,-97,173)
(45,-69,197)
(22,-44,208)
(-11,-25,219)
(-36,2,222)
(-71,21,205)
(-96,26,186)
(-111,35,175)
(-138,48,120)
(-149,49,101)
(-161,57,75)
(-156,66,50)
(-155,55,33)
(-156,64,16)
(-156,72,20)
(-163,73,11)
(-158,62,-2)
(-155,65,-3)
(-161,77,-13)
(-154,76,-14)
(-155,73,-15)
(-163,67,-17)
(-155,83,-23)
(-148,60,-32)
(-150,66,-40)
(-146,58,-44)
(-148,50,-48)
(-136,50,-58)
(-139,39,-63)
(-126,20,-64)
(-127,15,-69)
(-122,16,-72)
(-124,24,-66)
(-129,21,-63)
(-136,18,-64)
(-138,20,-60)
(-133,13,-55)
(-131,9,-53)
(-131,11,-41)
(-130,4,-40)
(-134,10,-38)
(-129,3,-43)
(-122,-4,-44)
(-109,-11,-53)
(-95,-39,-73)
(-66,-52,-84)
(-46,-68,-98)
(-5,-75,-125)
(25,-83,-143)
(61,-61,-173)
(96,-32,-204)
(111,-21,-211)
(138,22,-228)
(166,68,-230)
(196,130,-226)
(195,197,-203)
(190,220,-200)
(168,272,-176)
(174,276,-172)
(175,265,-181)
(184,244,-194)
(176,198,-230)
(162,144,-238)
(149,109,-241)
(106,58,-244)
(50,24,-228)
(4,8,-204)
(-18,4,-184)
(-63,-3,-159)
(-105,19,-115)
(-130,34,-66)
(-151,53,-7)
(-154,64,30)
(-151,95,83)
(-150,102,108)
(-138,118,104)
(-136,112,128)
(-133,129,131)
(-125,133,159)
(-119,123,169)
(-112,126,176)
(-116,138,176)
(-116,140,156)
(-129,147,141)
(-131,155,131)
(-141,175,113)
(-141,177,113)
(-143,177,97)
(-141,187,93)
(-144,192,76)
(-148,184,78)
(-152,172,62)
(-161,153,61)
(-156,154,52)
(-149,179,61)
(-146,188,60)
(-146,198,56)
(-146,208,66)
(-137,205,67)
(-140,202,58)
(-134,196,68)
(-138,194,76)
(-142,204,84)
(-131,201,79)
(-135,207,81)
(-132,206,96)
(-129,211,89)
(-135,207,95)
(-127,211,93)
(-124,218,86)
(-130,216,92)
(-116,212,94)
(-119,217,95)
(-128,226,94)
(-114,212,98)
(-122,214,90)
(-123,213,95)
(-127,207,97)
(-139,207,87)
(-126,208,84)
(-125,201,81)
(-127,203,83)
(-125,211,89)
(-119,227,77)
(-122,224,72)
(-122,234,76)
(-131,239,79)
(-125,233,69)
(-124,238,76)
(-119,235,75)
(-115,239,85)
(-111,239,87)
(-109,243,93)
(-107,243,85)
(-107,241,93)
(-105,243,99)
(-116,236,96)
(-107,233,103)
(-113,243,95)
(-115,231,95)
(-115,233,83)
(-120,236,78)
(-125,231,85)
(-120,232,86)
(-125,231,81)
(-127,227,81)
(-122,234,86)
(-123,225,79)
(-114,238,80)
(-122,234,78)
(-122,224,94)
(-119,225,85)
(-123,231,91)
(-118,234,82)
(-116,234,92)
(-122,238,90)
(-112,238,88)
(-118,234,82)
(-120,228,82)
(-114,222,84)
(-124,220,82)
(-121,229,79)
(-125,225,91)
(-122,222,88)
(-120,220,92)
(-118,218,88)
(-118,212,80)
(-129,199,75)
(-144,186,72)
(-154,148,42)
(-153,115,25)
(-156,112,22)
(-143,59,-25)
(-118,26,-66)
(-83,-7,-105)
(-47,-27,-137)
(-15,-37,-145)
(46,-36,-190)
(81,-25,-205)
(119,-17,-207)
(162,14,-214)
(187,33,-213)
(204,46,-202)
(226,94,-206)
(229,107,-205)
(223,121,-201)
(221,119,-211)
(211,117,-215)
(209,117,-213)
(203,97,-217)
(182,90,-230)
(170,74,-228)
(127,43,-239)
(108,38,-228)
(32,8,-218)
(-33,1,-165)
(-81,7,-127)
(-126,32,-72)
(-131,37,-53)
(-148,80,2)
(-159,99,29)
(-152,100,46)
(-147,95,71)
(-146,70,78)
(-149,59,59)
(-145,31,43)
(-143,17,35)
(-138,0,20)
(-119,-15,-13)
(-89,-49,-47)
(-80,-50,-68)
(-45,-73,-101)
(-29,-69,-119)
(0,-74,-134)
(20,-74,-148)
(32,-70,-162)
(35,-75,-159)
(69,-57,-189)
(94,-36,-206)
(107,-31,-209)
(94,-28,-210)
(105,-37,-217)
(98,-34,-212)
(99,-39,-201)
(97,-47,-201)
(82,-60,-188)
(80,-58,-190)
(54,-80,-166)
(42,-94,-134)
(39,-99,-135)
(23,-101,-105)
(26,-116,-98)
(24,-122,-70)
(24,-124,-54)
(38,-120,-46)
(43,-127,-39)
(44,-126,-20)
(58,-122,-18)
(57,-127,-23)
(70,-126,-18)
(86,-130,-16)
(73,-121,-5)
(91,-131,-19)
(99,-129,-9)
(112,-128,-22)
(108,-124,-32)
(138,-128,-40)
(148,-114,-48)
(169,-105,-69)
(168,-94,-82)
(179,-101,-89)
(182,-96,-108)
(186,-74,-124)
(185,-77,-123)
(186,-56,-146)
(186,-50,-168)
(176,-38,-172)
(190,-28,-172)
(191,-23,-183)
(188,-6,-188)
(195,-5,-191)
(181,13,-209)
(168,18,-216)
(172,24,-224)
(158,48,-234)
(154,48,-234)
(148,68,-236)
(127,81,-253)
(113,83,-251)
(92,96,-250)
(84,114,-256)
(71,105,-259)
(65,97,-261)
(59,107,-253)
(59,109,-259)
(77,95,-255)
(76,82,-258)
(100,72,-246)
(108,72,-246)
(125,57,-251)
(140,-4,-214)
(136,-22,-190)
(161,-45,-173)
(170,-74,-140)
(164,-104,-94)
(166,-104,-78)
(156,-112,-34)
(154,-130,-12)
(140,-138,12)
(129,-135,25)
(105,-135,57)
(88,-128,64)
(78,-124,74)
(46,-122,84)
(21,-115,85)
(-4,-104,88)
(-19,-101,87)
(-53,-79,65)
(-93,-63,39)
(-116,-38,28)
(-121,-11,5)
(-137,-1,-5)
(-129,9,-17)
(-142,24,-32)
(-134,28,-34)
(-150,34,-50)
(-139,41,-53)
(-150,44,-62)
(-140,42,-64)
(-147,73,-79)
(-145,77,-73)
(-151,131,-75)
(-145,181,-59)
(-151,191,-63)
(-139,189,-45)
(-152,188,-2)
(-153,193,9)
(-144,206,46)
(-139,213,71)
(-142,216,84)
(-142,212,96)
(-127,205,111)
(-130,198,112)
(-137,209,105)
(-148,204,56)
(-147,203,31)
(-150,208,30)
(-151,215,29)
(-151,201,37)
(-143,211,41)
(-145,217,43)
(-146,214,52)
(-134,220,68)
(-129,237,99)
(-132,232,114)
(-103,247,127)
(-94,264,124)
(-93,265,109)
(-102,274,68)
(-110,270,48)
(-121,257,41)
(-130,238,32)
(-136,240,44)
(-142,216,62)
(-131,211,81)
(-125,213,119)
(-123,217,121)
(-100,232,146)
(-87,249,143)
(-101,257,133)
(-93,267,115)
(-107,275,89)
(-120,268,68)
(-125,247,55)
(-133,221,59)
(-126,226,74)
(-129,217,101)
(-123,217,119)
(-103,215,149)
(-92,222,154)
(-89,237,161)
(-91,245,137)
(-101,257,107)
(-120,268,86)
(-121,265,63)
(-129,247,29)
(-137,241,7)
(-146,220,20)
(-130,220,44)
(-135,225,65)
(-126,224,92)
(-111,231,121)
(-101,243,131)
(-97,247,133)
(-84,262,144)
(-75,279,125)
(-74,282,120)
(-67,303,111)
(-61,297,117)
(-57,297,125)
(-43,295,147)
(-38,290,154)
(-23,289,159)
(-18,292,172)
(-17,295,175)
(-2,292,186)
(6,282,190)
(8,288,196)
(-2,292,190)
(-3,299,181)
(-17,299,171)
(-21,291,169)
(-34,292,158)
(-55,291,149)
(-52,288,148)
(-70,274,146)
(-80,286,148)
(-79,277,131)
(-89,269,123)
(-96,260,124)
(-92,270,110)
(-107,259,107)
(-108,258,88)
(-114,256,94)
(-114,258,84)
(-121,253,87)
(-124,244,84)
(-126,242,80)
(-119,245,71)
(-130,238,60)
(-142,220,48)
(-156,200,38)
(-164,184,42)
(-164,172,18)
(-157,155,9)
(-166,134,0)
(-162,132,-4)
(-158,120,-16)
(-146,114,-26)
(-157,97,-45)
(-152,84,-60)
(-143,71,-81)
(-138,62,-106)
(-121,57,-117)
(-115,53,-133)
(-82,40,-158)
(-56,28,-178)
(-39,13,-193)
(-3,-1,-207)
(5,3,-205)
(63,-9,-215)
(84,-20,-210)
(105,-21,-207)
(118,-22,-210)
(148,-20,-200)
(150,-28,-198)
(177,-35,-189)
(196,-28,-180)
(210,-34,-156)
(240,-40,-142)
(231,-49,-127)
(235,-57,-121)
(231,-61,-113)
(225,-71,-105)
(227,-73,-73)
(231,-85,-69)
(226,-88,-64)
(233,-97,-49)
(226,-96,-44)
(235,-93,-35)
(224,-100,-36)
(222,-100,-30)
(222,-98,-40)
(217,-115,-45)
(195,-105,-61)
(177,-109,-65)
(168,-114,-90)
(144,-112,-94)
(139,-105,-103)
(114,-110,-108)
(106,-104,-126)
(78,-96,-142)
(56,-84,-148)
(35,-77,-159)
(31,-63,-147)
(5,-53,-159)
(-10,-40,-166)
(-13,-31,-173)
(-39,1,-171)
(-47,19,-179)
(-80,58,-170)
(-108,72,-148)
(-122,92,-138)
(-133,113,-113)
(-136,142,-90)
(-146,152,-76)
(-156,170,-16)
(-150,180,6)
(-152,184,34)
(-137,199,81)
(-120,212,110)
(-116,212,128)
(-92,210,162)
(-89,215,165)
(-75,219,201)
(-45,211,221)
(-38,204,230)
(-24,190,246)
(-7,173,247)
(-3,171,259)
(9,153,263)
(10,148,260)
(14,136,260)
(18,136,274)
(39,123,269)
(46,98,274)
(53,97,281)
(58,98,270)
(57,91,269)
(56,74,282)
(47,63,279)
(50,66,276)
(56,52,262)
(69,51,277)
(64,30,262)
(55,19,249)
(47,5,239)
(48,-18,230)
(36,-22,220)
(31,-29,223)
(22,-32,208)
(15,-41,209)
(8,-48,202)
(1,-37,195)
(1,-49,183)
(0,-56,178)
(-14,-60,164)
(-25,-65,139)
(-16,-78,140)
(-42,-72,122)
(-41,-69,115)
(-52,-68,100)
(-56,-80,88)
(-60,-72,80)
(-71,-79,55)
(-70,-72,60)
(-77,-73,51)
(-69,-63,43)
(-76,-70,24)
(-81,-67,21)
(-85,-67,19)
(-80,-60,28)
(-90,-56,14)
(-77,-55,9)
(-91,-59,9)
(-87,-59,1)
(-93,-55,3)
(-88,-68,2)
(-79,-69,25)
(-72,-72,26)
(-68,-78,54)
(-57,-81,75)
(-55,-77,83)
(-34,-86,112)
(-30,-80,142)
(-9,-67,151)
(-13,-63,167)
(-2,-46,196)
(4,-42,204)
(10,-8,236)
(12,24,234)
(13,25,257)
(18,40,252)
(21,51,263)
(27,59,259)
(28,54,262)
(30,54,268)
(32,42,258)
(16,16,246)
(13,7,239)
(-1,-25,211)
(-5,-43,197)
(-8,-74,150)
(-23,-89,95)
(-15,-91,79)
(-26,-100,36)
(-22,-100,30)
(-22,-92,-4)
(-35,-89,-13)
(-29,-91,-65)
(-23,-79,-99)
(-20,-68,-102)
(-21,-53,-133)
(-22,-40,-140)
(-20,-32,-152)
(-30,-8,-170)
(-21,-5,-183)
(-22,10,-190)
(-31,21,-195)
(-28,36,-200)
(-34,36,-204)
(-32,56,-208)
(-47,73,-223)
(-34,86,-216)
(-39,87,-217)
(-44,100,-220)
(-33,111,-217)
(-39,117,-223)
(-35,127,-211)
(-37,131,-217)
(-46,142,-216)
(-38,160,-218)
(-51,177,-209)
(-37,179,-205)
(-54,180,-202)
(-49,197,-185)
(-52,200,-196)
(-60,196,-206)
(-56,204,-196)
(-61,197,-189)
(-61,207,-169)
(-72,212,-172)
(-76,212,-174)
(-81,219,-161)
(-81,215,-159)
(-91,207,-161)
(-89,217,-157)
(-92,206,-144)
(-95,205,-155)
(-95,209,-151)
(-93,211,-151)
(-103,209,-147)
(-101,219,-133)
(-100,222,-132)
(-99,219,-131)
(-97,223,-123)
(-102,242,-132)
(-95,237,-127)
(-96,244,-116)
(-90,246,-114)
(-97,251,-109)
(-101,251,-111)
(-97,265,-105)
(-105,253,-105)
(-104,254,-94)
(-105,251,-103)
(-104,252,-94)
(-116,252,-96)
(-117,249,-89)
(-111,241,-97)
(-113,253,-105)
(-111,249,-99)
(-121,239,-99)
(-112,238,-96)
(-113,245,-101)
(-115,245,-95)
(-108,240,-106)
(-114,240,-104)
(-113,241,-103)
(-111,243,-103)
(-116,240,-100)
(-108,236,-106)
(-119,243,-103)
(-119,235,-115)
(-109,237,-109)
(-117,233,-109)
(-113,233,-119)
(-117,229,-117)
(-114,214,-124)
(-101,211,-137)
(-97,163,-159)
(-86,156,-178)
(-42,82,-198)
(-30,42,-208)
(-1,7,-195)
(29,-9,-199)
(44,-26,-192)
(58,-52,-178)
(53,-87,-145)
(62,-98,-116)
(72,-104,-100)
(71,-99,-105)
(67,-117,-85)
(58,-120,-38)
(54,-122,-14)
(33,-125,51)
(18,-114,76)
(-6,-98,114)
(-32,-74,132)
(-61,-33,155)
(-103,7,149)
(-124,42,138)
(-122,54,134)
(-150,102,108)
(-147,109,113)
(-149,115,93)
(-151,121,91)
(-142,132,84)
(-149,135,93)
(-152,140,88)
(-149,161,97)
(-147,161,103)
(-144,172,102)
(-140,160,100)
(-148,170,92)
(-153,163,77)
(-156,160,74)
(-156,174,74)
(-153,165,69)
(-161,177,41)
(-161,163,39)
(-159,173,19)
(-154,176,16)
(-161,177,5)
(-160,164,4)
(-160,156,-38)
(-145,141,-85)
(-143,125,-105)
(-127,103,-129)
(-118,108,-126)
(-111,85,-141)
(-119,93,-143)
(-116,88,-142)
(-112,82,-142)
(-116,76,-142)
(-107,61,-149)
(-100,58,-148)
(-91,39,-153)
(-93,45,-153)
(-100,50,-144)
(-122,64,-126)
(-115,63,-111)
(-112,50,-118)
(-101,49,-127)
(-74,34,-174)
(-14,42,-202)
(28,38,-232)
(76,76,-252)
(121,97,-249)
(131,115,-245)
(170,158,-238)
(169,205,-213)
(171,233,-201)
(168,240,-192)
(134,256,-196)
(130,262,-196)
(97,285,-185)
(72,302,-170)
(41,305,-155)
(26,312,-148)
(1,321,-123)
(-21,329,-83)
(-33,337,-81)
(-39,335,-61)
(-37,335,-59)
(-38,340,-48)
(-45,333,-59)
(-43,337,-69)
(-34,328,-60)
(-44,324,-58)
(-50,334,-36)
(-64,334,-10)
(-60,328,6)
(-65,331,25)
(-66,326,42)
(-64,332,64)
(-70,324,68)
(-61,331,79)
(-67,321,97)
(-58,316,114)
(-52,318,122)
(-47,307,131)
(-56,318,134)
(-59,305,151)
(-52,292,164)
(-61,291,171)
(-61,283,183)
(-66,270,180)
(-58,268,188)
(-62,268,190)
(-67,257,189)
(-75,265,183)
(-75,259,177)
(-75,275,165)
(-73,283,157)
(-71,297,137)
(-84,308,106)
(-87,305,91)
(-84,312,80)
(-87,313,73)
(-86,320,74)
(-86,318,64)
(-76,328,46)
(-71,327,27)
(-65,323,25)
(-57,325,1)
(-44,328,-22)
(-47,343,-33)
(-35,341,-47)
(-36,332,-72)
(-26,332,-76)
(-19,329,-97)
(-14,322,-104)
(9,327,-129)
(43,325,-137)
(60,320,-150)
(68,310,-170)
(79,311,-169)
(95,299,-183)
(103,287,-185)
(121,269,-199)
(129,257,-207)
(152,236,-216)
(160,230,-226)
(162,212,-214)
(170,210,-226)
(170,210,-228)
(177,207,-235)
(165,203,-229)
(151,213,-221)
(133,229,-221)
(114,242,-220)
(91,261,-207)
(75,269,-203)
(47,303,-173)
(31,315,-151)
(35,321,-149)
(23,323,-127)
(-4,334,-106)
(-14,346,-68)
(-21,345,-47)
(-27,355,-19)
(-33,355,15)
(-46,352,36)
(-44,342,42)
(-53,345,61)
(-47,345,73)
(-43,339,87)
(-45,339,95)
(-58,330,114)
(-54,320,142)
(-45,311,171)
(-37,297,173)
(-32,282,186)
(-25,279,207)
(-33,287,207)
(-18,266,216)
(-14,272,230)
(-7,253,237)
(-5,259,249)
(-10,248,242)
(-7,259,251)
(3,237,257)
(8,240,250)
(-1,239,255)
(-1,251,247)
(-6,264,230)
(-3,289,219)
(3,301,199)
(0,336,148)
(-2,350,126)
(9,369,77)
(16,370,38)
(18,374,24)
(19,373,-15)
(21,363,-53)
(29,345,-99)
(28,334,-112)
(36,316,-152)
(47,291,-165)
(51,291,-173)
(68,274,-208)
(71,263,-213)
(84,232,-230)
(91,205,-241)
(102,190,-246)
(111,163,-251)
(130,136,-256)
(128,130,-256)
(145,101,-249)
(157,95,-243)
(182,64,-234)
(198,52,-220)
(221,43,-217)
(244,40,-190)
(254,48,-178)
(267,53,-169)
(278,42,-158)
(293,37,-141)
(304,32,-116)
(310,12,-108)
(313,13,-89)
(304,-6,-58)
(311,3,-53)
(320,-10,-28)
(305,-11,-19)
(310,-10,-6)
(317,-17,-5)
(319,-9,5)
(318,-16,4)
(315,-27,1)
(317,-27,1)
(309,-27,-17)
(291,-35,-47)
(287,-19,-93)
(263,1,-145)
(246,24,-178)
(240,36,-194)
(213,69,-221)
(196,90,-236)
(175,139,-233)
(165,149,-249)
(131,181,-249)
(99,203,-241)
(85,235,-235)
(72,242,-216)
(48,270,-198)
(35,285,-193)
(29,293,-169)
(11,315,-145)
(11,321,-125)
(-2,328,-106)
(-29,329,-85)
(-41,335,-49)
(-46,342,-20)
(-48,340,-6)
(-53,337,31)
(-61,341,29)
(-50,338,42)
(-50,340,42)
(-42,340,38)
(-38,348,-4)
(-29,349,-19)
(-20,330,-92)
(-24,304,-130)
(-53,281,-129)
(-63,277,-117)
(-60,284,-118)
(-45,307,-107)
(-14,326,-106)
(-4,330,-110)
(23,319,-137)
(46,308,-166)
(77,283,-193)
(70,274,-204)
(74,260,-218)
(122,228,-222)
(142,208,-228)
(191,189,-213)
(205,185,-219)
(259,147,-189)
(274,132,-172)
(295,123,-157)
(302,132,-136)
(302,128,-134)
(310,118,-116)
(323,111,-113)
(319,105,-119)
(317,93,-89)
(323,73,-81)
(334,68,-72)
(331,61,-55)
(334,56,-44)
(322,50,-64)
(315,31,-87)
(291,33,-131)
(262,32,-164)
(244,38,-182)
(213,25,-209)
(156,16,-218)
(138,10,-220)
(108,4,-224)
(96,2,-230)
(66,2,-224)
(26,-4,-202)
(27,-19,-205)
(32,-18,-192)
(24,-32,-196)
(15,-39,-189)
(21,-43,-181)
(14,-46,-174)
(4,-52,-164)
(-6,-54,-156)
(-14,-48,-154)
(-19,-69,-151)
(-29,-65,-131)
(-34,-70,-120)
(-44,-82,-82)
(-47,-79,-53)
(-52,-100,-42)
(-50,-98,-34)
(-48,-96,-18)
(-33,-103,5)
(-26,-114,16)
(-17,-115,21)
(-5,-125,31)
(17,-117,37)
(12,-118,40)
(39,-127,39)
(61,-131,15)
(81,-135,-9)
(87,-127,-19)
(110,-134,-56)
(113,-125,-65)
(117,-115,-91)
(123,-113,-91)
(123,-107,-119)
(116,-104,-126)
(120,-86,-142)
(120,-86,-150)
(120,-88,-156)
(123,-87,-153)
(113,-89,-143)
(110,-94,-144)
(111,-97,-127)
(103,-107,-127)
(103,-119,-81)
(93,-127,-67)
(94,-132,-60)
(103,-129,-61)
(118,-128,-54)
(123,-129,-53)
(94,-134,-18)
(63,-127,15)
(17,-117,37)
(-4,-110,50)
(-60,-82,48)
(-87,-65,41)
(-127,-11,15)
(-146,42,-18)
(-158,120,-44)
(-150,146,-68)
(-130,210,-102)
(-97,253,-109)
(-59,291,-113)
(-39,301,-113)
(7,323,-109)
(58,330,-120)
(140,338,-122)
(200,316,-114)
(243,291,-93)
(271,275,-77)
(279,265,-51)
(283,273,-17)
(277,285,35)
(251,289,103)
(211,265,189)
(183,233,227)
(154,206,258)
(151,189,259)
(132,176,272)
(134,172,268)
(125,177,275)
(118,194,268)
(95,219,269)
(97,245,247)
(87,279,227)
(86,292,214)
(100,322,182)
(95,335,165)
(90,332,160)
(89,341,147)
(94,346,130)
(95,359,117)
(101,363,105)
(100,368,102)
(86,352,130)
(56,332,158)
(-14,292,196)
(-68,234,200)
(-87,205,213)
(-93,181,209)
(-107,141,181)
(-132,124,180)
(-130,106,162)
(-130,100,162)
(-137,93,163)
(-129,91,173)
(-131,87,161)
(-146,64,138)
(-146,56,130)
(-147,73,135)
(-151,89,139)
(-144,100,154)
(-126,82,162)
(-112,42,170)
(-96,22,174)
(-101,5,175)
(-113,7,159)
(-119,13,155)
(-138,40,134)
(-136,54,124)
(-145,73,125)
(-141,37,133)
(-117,25,157)
(-119,17,161)
(-98,-6,168)
(-80,-26,162)
(-82,-24,150)
(-106,-6,150)
(-120,20,134)
(-144,56,128)
(-146,60,124)
(-142,54,124)
(-132,26,138)
(-127,19,143)
(-106,-6,152)
(-90,-30,140)
(-95,-25,139)
(-102,-26,138)
(-124,16,140)
(-141,45,133)
(-139,55,137)
(-147,69,109)
(-150,74,112)
(-148,54,116)
(-132,16,130)
(-120,-2,118)
(-122,-8,114)
(-131,-3,101)
(-132,-6,98)
(-139,-3,111)
(-128,0,108)
(-127,3,117)
(-134,8,114)
(-131,13,111)
(-129,7,111)
(-126,14,124)
(-123,11,117)
(-126,8,124)
(-128,8,126)
(-132,8,128)
(-136,12,108)
(-129,7,95)
(-131,-3,89)
(-127,-17,73)
(-115,-41,67)
(-112,-38,60)
(-116,-48,50)
(-113,-43,37)
(-124,-44,12)
(-115,-39,5)
(-124,-32,4)
(-123,-27,-7)
(-130,-18,6)
(-122,-12,-6)
(-161,33,21)
(-159,65,31)
(-167,113,31)
(-160,160,24)
(-154,182,-2)
(-160,190,-8)
(-144,192,-42)
(-145,197,-61)
(-137,187,-91)
(-132,182,-106)
(-122,180,-114)
(-127,151,-119)
(-124,122,-132)
(-124,104,-138)
(-121,117,-133)
(-128,116,-126)
(-141,141,-115)
(-145,147,-101)
(-150,148,-82)
(-161,149,-59)
(-160,152,-24)
(-168,140,4)
(-172,144,16)
(-161,145,29)
(-169,127,37)
(-166,134,46)
(-165,119,61)
(-162,114,62)
(-164,110,66)
(-166,94,72)
(-160,96,76)
(-167,97,81)
(-159,91,83)
(-166,92,84)
(-164,82,90)
(-152,78,94)
(-146,64,106)
(-146,56,134)
(-133,59,151)
(-125,77,163)
(-91,105,207)
(-61,149,235)
(-27,199,243)
(0,212,250)
(19,231,249)
(43,249,255)
(57,247,245)
(73,261,245)
(74,258,252)
(45,235,247)
(8,202,248)
(-34,170,244)
(-45,165,243)
(-56,146,232)
(-66,140,230)
(-83,123,221)
(-97,109,211)
(-99,103,195)
(-118,94,190)
(-117,63,165)
(-114,82,184)
(-111,89,189)
(-97,111,205)
(-71,141,233)
(-45,171,239)
(-19,195,249)
(-15,203,245)
(-16,194,246)
(-47,175,243)
(-63,157,237)
(-88,120,218)
(-107,105,199)
(-114,102,184)
(-127,79,163)
(-137,75,151)
(-126,88,158)
(-104,112,192)
(-100,134,200)
(-72,164,218)
(-63,177,235)
(-42,196,238)
(-37,197,233)
(-55,161,235)
(-72,142,220)
(-82,146,224)
(-67,145,227)
(-77,161,215)
(-86,178,204)
(-96,188,192)
(-97,179,191)
(-113,139,199)
(-103,121,203)
(-106,100,210)
(-105,115,201)
(-97,133,199)
(-106,132,194)
(-108,160,190)
(-109,167,187)
(-109,163,179)
(-106,140,182)
(-107,119,189)
(-109,109,195)
(-106,96,200)
(-110,120,182)
(-117,137,183)
(-117,161,181)
(-132,160,166)
(-126,138,170)
(-120,106,178)
(-112,100,176)
(-110,92,192)
(-112,92,204)
(-110,112,182)
(-125,131,185)
(-131,147,163)
(-130,160,160)
(-132,124,164)
(-132,110,156)
(-131,99,181)
(-120,86,186)
(-120,96,180)
(-128,104,168)
(-126,118,172)
(-137,125,157)
(-144,130,138)
(-138,116,156)
(-139,93,161)
(-128,84,174)
(-124,88,182)
(-117,93,187)
(-127,113,165)
(-137,119,151)
(-133,117,147)
(-137,105,151)
(-132,84,166)
(-128,74,166)
(-130,66,178)
(-125,63,179)
(-111,61,175)
(-125,81,173)
(-131,105,167)
(-136,100,160)
(-132,100,150)
(-139,85,163)
(-116,76,176)
(-99,53,193)
(-110,68,192)
(-114,80,180)
(-133,91,165)
(-138,94,162)
(-125,79,161)
(-126,72,162)
(-111,51,177)
(-105,35,183)
(-106,40,178)
(-108,52,178)
(-122,76,176)
(-129,81,163)
(-128,76,170)
(-127,59,165)
(-116,42,174)
(-112,28,176)
(-101,35,173)
(-114,34,176)
(-121,59,171)
(-135,81,143)
(-139,77,143)
(-137,67,149)
(-129,47,161)
(-119,47,163)
(-108,26,174)
(-96,20,180)
(-101,23,181)
(-116,38,174)
(-121,57,161)
(-129,59,159)
(-125,57,155)
(-121,37,171)
(-103,19,165)
(-96,12,178)
(-87,-7,179)
(-75,-19,179)
(-82,-18,174)
(-73,-33,159)
(-73,-27,163)
(-84,-20,160)
(-70,-42,154)
(-81,-37,147)
(-90,-30,152)
(-98,-10,152)
(-99,-9,159)
(-106,2,156)
(-120,36,170)
(-134,74,160)
(-135,101,157)
(-129,127,145)
(-144,150,136)
(-148,150,116)
(-151,175,117)
(-149,177,105)
(-148,182,104)
(-143,181,101)
(-153,181,105)
(-149,183,97)
(-146,176,92)
(-149,173,111)
(-141,151,147)
(-126,130,154)
(-133,115,167)
(-121,93,175)
(-118,80,174)
(-120,82,174)
(-126,94,168)
(-141,89,165)
(-141,111,151)
(-154,126,118)
(-152,138,114)
(-156,156,100)
(-157,157,87)
(-162,158,86)
(-158,148,82)
(-157,147,99)
(-154,136,104)
(-139,127,131)
(-136,120,162)
(-129,113,167)
(-130,104,172)
(-119,95,175)
(-131,111,177)
(-132,112,158)
(-137,125,141)
(-143,137,119)
(-159,147,95)
(-166,150,94)
(-155,147,89)
(-162,146,86)
(-152,140,106)
(-149,129,125)
(-139,111,153)
(-128,108,166)
(-117,99,171)
(-122,86,188)
(-112,86,186)
(-113,79,191)
(-116,80,194)
(-113,85,193)
(-125,95,171)
(-132,96,152)
(-138,98,150)
(-146,94,132)
(-162,94,110)
(-151,101,95)
(-157,101,87)
(-159,111,101)
(-160,100,90)
(-157,117,95)
(-153,119,111)
(-147,119,131)
(-130,112,156)
(-120,98,182)
(-103,101,189)
(-97,91,205)
(-88,86,216)
(-85,91,217)
(-69,81,227)
(-57,83,233)
(-58,86,246)
(-53,79,249)
(-45,77,237)
(-39,77,249)
(-40,80,242)
(-41,83,247)
(-41,75,247)
(-41,71,243)
(-51,87,231)
(-60,76,222)
(-75,89,225)
(-81,89,225)
(-87,101,219)
(-84,110,216)
(-90,108,220)
(-82,96,222)
(-78,98,222)
(-80,94,222)
(-72,68,226)
(-73,61,221)
(-73,59,225)
(-63,47,221)
(-64,44,222)
(-67,35,225)
(-60,36,220)
(-65,41,215)
(-62,32,224)
(-64,38,222)
(-58,34,224)
(-66,30,216)
(-53,21,213)
(-56,34,216)
(-61,19,221)
(-65,19,217)
(-60,28,216)
(-54,24,218)
(-50,26,224)
(-58,34,214)
(-63,23,215)
(-54,24,220)
(-55,29,221)
(-57,25,213)
(-56,22,218)
(-60,30,210)
(-63,33,209)
(-69,21,213)
(-58,20,208)
(-54,28,204)
(-61,11,201)
(-53,9,213)
(-60,4,206)
(-49,9,201)
(-50,0,208)
(-48,-2,208)
(-37,-9,209)
(-37,-15,199)
(-38,-12,212)
(-30,-16,212)
(-31,-15,211)
(-28,-16,210)
(-32,-12,200)
(-38,-16,204)
(-36,-14,204)
(-37,3,205)
(-34,-4,210)
(-38,-10,212)
(-44,-6,208)
(-40,-4,216)
(-37,-7,211)
(-40,2,210)
(-48,-2,208)
(-39,7,213)
(-50,8,204)
(-55,11,213)
(-49,9,201)
(-59,21,209)
(-63,19,209)
(-81,31,207)
(-86,42,200)
(-87,51,201)
(-89,59,199)
(-97,55,195)
(-105,69,189)
(-113,75,189)
(-113,75,183)
(-117,83,179)
(-123,93,175)
(-128,92,166)
(-129,95,165)
(-122,98,164)
(-138,90,150)
(-138,104,146)
(-135,105,137)
(-135,113,141)
(-149,125,133)
(-151,127,121)
(-150,130,118)
(-152,130,114)
(-152,148,104)
(-151,147,97)
(-160,162,86)
(-148,166,92)
(-146,170,86)
(-149,167,83)
(-158,172,84)
(-159,165,85)
(-160,150,84)
(-148,132,90)
(-158,132,88)
(-157,121,89)
(-165,125,85)
(-157,111,97)
(-155,101,101)
(-157,111,87)
(-160,120,98)
(-146,124,106)
(-143,135,127)
(-141,139,133)
(-148,130,140)
(-143,141,137)
(-134,144,138)
(-138,148,142)
(-138,138,142)
(-144,154,146)
(-135,153,141)
(-123,151,147)
(-136,168,142)
(-128,156,144)
(-131,159,143)
(-139,161,151)
(-132,164,144)
(-132,164,160)
(-129,161,153)
(-119,157,149)
(-131,167,161)
(-122,162,152)
(-132,160,160)
(-125,159,151)
(-124,168,160)
(-118,154,158)
(-121,159,167)
(-123,165,161)
(-122,162,164)
(-116,166,162)
(-126,168,168)
(-113,163,167)
(-117,169,165)
(-114,176,168)
(-109,181,181)
(-116,180,168)
(-113,187,181)
(-108,194,176)
(-106,184,176)
(-114,186,176)
(-110,162,180)
(-101,163,189)
(-113,159,179)
(-103,149,195)
(-108,142,194)
(-102,136,202)
(-99,145,197)
(-108,134,194)
(-100,146,186)
(-100,150,198)
(-105,155,191)
(-101,161,191)
(-100,170,196)
(-99,157,195)
(-104,160,192)
(-92,166,194)
(-86,162,194)
(-99,175,195)
(-94,162,190)
(-85,169,193)
(-95,185,197)
(-84,196,200)
(-65,197,207)
(-74,196,214)
(-74,196,212)
(-63,197,207)
(-50,202,220)
(-51,197,215)
(-53,193,223)
(-42,190,230)
(-49,187,231)
(-44,188,238)
(-49,189,231)
(-43,195,237)
(-45,195,233)
(-28,198,228)
(-43,201,225)
(-40,202,230)
(-46,206,226)
(-47,201,241)
(-39,207,229)
(-39,205,227)
(-40,208,232)
(-42,206,228)
(-36,214,222)
(-33,213,229)
(-34,208,228)
(-39,203,235)
(-42,200,230)
(-43,203,231)
(-55,203,225)
(-56,190,226)
(-68,186,226)
(-73,165,227)
(-74,164,210)
(-96,142,210)
(-102,130,202)
(-99,113,193)
(-99,101,191)
(-105,91,187)
(-102,92,192)
(-100,98,190)
(-106,106,196)
(-103,119,203)
(-96,132,200)
(-91,149,201)
(-92,170,206)
(-77,187,201)
(-73,209,205)
(-65,213,203)
(-56,224,206)
(-51,237,199)
(-53,237,205)
(-35,245,197)
(-31,257,195)
(-26,274,202)
(-11,281,207)
(-11,267,209)
(-16,248,228)
(-37,223,225)
(-34,210,238)
(-31,209,241)
(-31,205,243)
(-25,179,251)
(-19,145,253)
(-8,136,254)
(-15,139,255)
(-5,129,265)
(-15,121,259)
(-15,119,263)
(-13,109,259)
(-7,113,263)
(-13,111,261)
(-11,107,261)
(-14,100,258)
(-18,104,260)
(-9,85,267)
(-14,98,256)
(-1,85,261)
(-14,92,262)
(-17,93,257)
(-15,91,259)
(-19,91,263)
(-21,97,259)
(-14,102,256)
(-22,104,264)
(-29,91,247)
(-16,80,250)
(-30,70,252)
(-14,72,252)
(-14,66,244)
(-23,69,251)
(-21,57,255)
(-5,51,253)
(-14,48,254)
(-10,44,262)
(-2,44,254)
(1,37,255)
(4,38,254)
(10,46,252)
(3,47,259)
(-8,48,252)
(-16,54,252)
(-31,73,241)
(-41,81,245)
(-48,102,236)
(-52,106,232)
(-52,122,238)
(-67,129,229)
(-64,136,230)
(-68,134,226)
(-50,112,232)
(-50,108,242)
(-35,101,243)
(-45,115,239)
(-52,118,232)
(-65,137,235)
(-67,135,227)
(-62,124,238)
(-51,105,243)
(-41,103,253)
(-60,112,242)
(-72,132,234)
(-74,144,214)
(-73,143,219)
(-55,123,243)
(-43,99,257)
(-28,78,258)
(-35,79,257)
(-54,98,242)
(-71,117,225)
(-78,118,220)
(-64,98,218)
(-76,52,208)
(-80,68,210)
(-89,133,223)
(-74,158,218)
(-80,134,222)
(-76,88,226)
(-70,46,218)
(-82,28,206)
(-75,71,203)
(-75,109,219)
(-84,88,224)
(-79,81,217)
(-76,28,198)
(-79,17,201)
(-80,12,186)
(-87,65,199)
(-98,82,210)
(-89,83,203)
(-92,60,194)
(-93,53,183)
(-98,38,196)
(-89,21,171)
(-108,-10,150)
(-105,-15,123)
(-101,-25,111)
(-103,-33,85)
(-115,-33,61)
(-111,-33,51)
(-118,-30,12)
(-116,-22,2)
(-138,-4,-14)
(-133,19,-27)
(-165,87,-19)
(-168,138,16)
(-158,192,40)
(-128,266,58)
(-118,274,58)
(-77,303,81)
(-48,318,106)
(-8,336,108)
(2,344,116)
(-15,335,115)
(-70,290,122)
(-124,240,118)
(-140,208,112)
(-142,210,116)
(-136,216,118)
(-102,292,98)
(-41,325,97)
(27,349,107)
(43,355,95)
(37,363,97)
(-54,312,92)
(-87,301,93)
(-85,307,87)
(-83,299,83)
(-67,313,91)
(-59,323,81)
(-25,335,89)
(-14,344,86)
(-13,343,99)
(0,346,100)
(14,358,100)
(19,343,101)
(33,353,117)
(33,353,111)
(54,350,128)
(82,354,126)
(93,359,135)
(99,347,139)
(62,352,136)
(-4,320,150)
(-64,290,150)
(-100,258,140)
(-111,247,133)
(-136,212,118)
(-147,197,87)
(-160,182,76)
(-172,164,52)
(-171,151,41)
(-168,132,30)
(-173,129,17)
(-171,111,7)
(-168,114,6)
(-170,128,16)
(-169,117,17)
(-164,118,34)
(-174,124,78)
(-158,124,108)
(-143,93,125)
(-150,90,134)
(-136,86,140)
(-125,77,151)
(-129,79,155)
(-126,80,162)
(-124,92,164)
(-141,117,149)
(-140,148,142)
(-139,167,131)
(-146,196,114)
(-146,222,84)
(-128,252,78)
(-117,263,71)
(-112,272,68)
(-106,276,50)
(-107,293,49)
(-102,290,48)
(-101,295,39)
(-99,307,39)
(-101,303,25)
(-100,294,20)
(-98,306,20)
(-88,306,2)
(-94,310,-2)
(-81,313,-1)
(-83,309,-11)
(-77,323,7)
(-72,324,2)
(-54,338,16)
(-57,337,15)
(-41,341,13)
(-36,344,16)
(-33,345,19)
(-31,335,23)
(-42,346,20)
(-45,347,17)
(-63,331,27)
(-72,328,26)
(-63,329,25)
(-58,334,36)
(-38,346,44)
(-21,349,61)
(3,367,59)
(8,354,62)
(20,370,60)
(23,369,63)
(19,365,63)
(11,361,61)
(-11,355,63)
(-44,344,68)
(-48,334,60)
(-91,305,55)
(-106,286,40)
(-106,276,42)
(-124,264,32)
(-131,257,21)
(-150,250,18)
(-143,239,3)
(-147,235,7)
(-143,227,5)
(-149,231,-1)
(-162,220,-12)
(-153,215,-13)
(-157,207,-9)
(-163,193,-11)
(-160,192,-14)
(-162,182,-16)
(-170,182,-12)
(-162,184,-20)
(-168,190,-14)
(-156,208,-22)
(-145,219,-3)
(-142,244,0)
(-145,245,15)
(-135,253,17)
(-133,261,21)
(-136,260,24)
(-125,263,31)
(-128,260,34)
(-124,264,34)
(-119,277,47)
(-117,271,55)
(-119,273,67)
(-129,279,51)
(-119,279,55)
(-125,271,47)
(-133,261,43)
(-140,244,38)
(-142,238,36)
(-149,213,35)
(-148,216,42)
(-151,205,31)
(-163,201,31)
(-157,211,27)
(-158,210,32)
(-139,237,35)
(-144,260,38)
(-134,270,44)
(-122,278,48)
(-111,275,65)
(-116,278,82)
(-115,273,87)
(-114,284,84)
(-108,280,90)
(-101,291,89)
(-86,304,88)
(-103,299,75)
(-95,309,55)
(-99,305,27)
(-89,307,-1)
(-80,318,-22)
(-82,324,-32)
(-76,322,-26)
(-72,314,-22)
(-68,318,-38)
(-65,325,-49)
(-67,319,-59)
(-65,331,-67)
(-59,321,-57)
(-60,322,-70)
(-61,313,-81)
(-64,312,-62)
(-78,312,-40)
(-83,309,-23)
(-93,311,7)
(-93,313,11)
(-84,310,24)
(-89,311,17)
(-79,307,27)
(-88,310,20)
(-88,314,2)
(-97,299,-11)
(-93,301,-27)
(-94,292,-38)
(-102,292,-52)
(-100,282,-62)
(-109,283,-59)
(-113,269,-53)
(-125,265,-41)
(-122,280,-22)
(-113,285,-1)
(-118,294,8)
(-112,288,10)
(-112,290,36)
(-100,298,40)
(-88,302,36)
(-94,302,18)
(-96,296,-12)
(-110,288,-18)
(-134,254,-16)
(-141,247,7)
(-138,256,48)
(-105,303,57)
(-62,330,44)
(-71,329,29)
(-116,284,34)
(-129,269,51)
(-117,271,59)
(-66,324,54)
(-73,331,41)
(-109,289,25)
(-136,252,46)
(-135,255,59)
(-85,295,103)
(-78,312,88)
(-56,332,62)
(-105,293,61)
(-129,251,73)
(-111,269,95)
(-73,311,103)
(-25,345,85)
(-66,326,52)
(-115,287,35)
(-125,267,61)
(-116,268,90)
(-85,309,87)
(-46,342,60)
(-40,346,52)
(-5,355,47)
(6,358,74)
(42,364,72)
(68,370,80)
(44,366,86)
(-28,346,90)
(-63,313,117)
(0,346,112)
(75,361,89)
(107,369,77)
(29,363,77)
(-63,325,71)
(-114,290,64)
(-153,229,61)
(-167,187,69)
(-167,161,61)
(-172,138,52)
(-172,128,58)
(-178,120,54)
(-174,146,32)
(-153,223,25)
(-142,250,28)
(-152,222,32)
(-166,138,44)
(-164,96,52)
(-173,129,41)
(-166,188,48)
(-137,249,39)
(-148,230,34)
(-171,167,39)
(-169,151,39)
(-150,226,38)
(-105,307,35)
(-104,294,18)
(-118,266,30)
(-160,202,22)
(-165,173,47)
(-170,190,52)
(-142,230,38)
(-124,274,40)
(-149,225,31)
(-171,151,43)
(-167,131,37)
(-172,168,34)
(-165,157,37)
(-169,103,47)
(-164,76,48)
(-167,123,39)
(-167,153,35)
(-169,145,43)
(-149,41,57)
(-143,13,61)
(-166,44,44)
(-167,95,23)
(-163,91,37)
(-133,-1,43)
(-122,-30,20)
(-144,6,-2)
(-157,49,-3)
(-136,6,6)
(-93,-61,3)
(-77,-73,-7)
(-99,-47,-27)
(-114,-18,-32)
(-130,0,-38)
(-85,-61,-33)
(-67,-85,-31)
(-77,-59,-55)
(-98,-38,-60)
(-86,-46,-62)
(-23,-105,-59)
(46,-118,-66)
(82,-126,-72)
(101,-125,-73)
(122,-124,-68)
(138,-128,-74)
(150,-114,-64)
(163,-103,-85)
(173,-95,-91)
(135,-117,-77)
(94,-126,-58)
(52,-120,-50)
(42,-130,-34)
(-7,-111,13)
(-60,-80,52)
(-108,-24,104)
(-123,71,153)
(-112,140,168)
(-86,222,178)
(-69,273,155)
(-58,314,106)
(-44,332,48)
(-25,341,-11)
(-34,340,-52)
(-54,300,-82)
(-93,245,-113)
(-107,203,-131)
(-104,134,-144)
(-104,78,-164)
(-71,13,-159)
(-42,-24,-154)
(-14,-56,-156)
(21,-87,-139)
(55,-101,-127)
(98,-120,-102)
(100,-122,-96)
(142,-114,-70)
(152,-118,-66)
(177,-121,-55)
(182,-110,-52)
(198,-114,-36)
(208,-106,-42)
(213,-99,-35)
(220,-96,-42)
(207,-107,-29)
(199,-111,-23)
(228,-84,-38)
(249,-61,-49)
(260,-48,-54)
(265,-35,-69)
(274,-20,-84)
(273,-7,-101)
(272,6,-106)
(253,-21,-117)
(235,-43,-103)
(214,-74,-98)
(176,-98,-76)
(135,-119,-53)
(102,-136,-26)
(69,-139,-1)
(44,-128,14)
(19,-113,39)
(-10,-106,72)
(-29,-79,95)
(-56,-72,108)
(-97,-19,139)
(-120,22,134)
(-136,62,134)
(-133,87,133)
(-137,131,129)
(-134,166,128)
(-124,204,132)
(-92,246,140)
(-75,275,145)
(-63,287,131)
(-45,309,115)
(-32,318,106)
(-29,329,103)
(-30,324,92)
(-40,322,102)
(-62,300,134)
(-74,260,144)
(-93,225,159)
(-107,187,171)
(-116,156,170)
(-108,122,172)
(-126,100,162)
(-120,76,156)
(-127,73,149)
(-130,60,146)
(-143,45,133)
(-134,38,134)
(-131,9,101)
(-133,5,99)
(-119,-7,73)
(-124,-24,60)
(-120,-38,40)
(-110,-46,24)
(-106,-48,8)
(-96,-50,-6)
(-91,-55,-21)
(-82,-64,-46)
(-90,-62,-50)
(-85,-57,-55)
(-75,-61,-69)
(-50,-68,-94)
(-41,-61,-105)
(-23,-67,-135)
(0,-64,-150)
(12,-60,-160)
(22,-56,-166)
(15,-53,-175)
(16,-66,-166)
(-11,-71,-139)
(-21,-69,-117)
(-43,-71,-107)
(-64,-72,-84)
(-67,-67,-55)
(-82,-50,-40)
(-96,-58,-26)
(-99,-61,-27)
(-91,-59,-37)
(-80,-60,-52)
(-62,-74,-70)
(-58,-72,-72)
(-35,-79,-89)
(-18,-98,-94)
(-1,-97,-91)
(7,-107,-77)
(-1,-109,-69)
(4,-104,-56)
(6,-108,-54)
(-3,-105,-53)
(-18,-108,-46)
(-13,-107,-41)
(-11,-103,-41)
(-12,-106,-42)
(-7,-113,-47)
(1,-111,-55)
(15,-111,-69)
(23,-99,-91)
(20,-96,-114)
(10,-78,-126)
(-4,-72,-142)
(-8,-60,-158)
(-17,-53,-145)
(-20,-50,-154)
(-26,-46,-150)
(-26,-48,-148)
(-24,-52,-158)
(-31,-45,-147)
(-33,-35,-155)
(-32,-36,-152)
(-26,-38,-160)
(-34,-36,-164)
(-36,-32,-156)
(-35,-33,-151)
(-42,-24,-158)
(-41,-25,-155)
(-47,-15,-155)
(-45,-9,-161)
(-34,-26,-158)
(-32,-52,-136)
(-14,-76,-118)
(-33,-69,-107)
(-40,-76,-98)
(-61,-61,-87)
(-106,-12,-88)
(-128,42,-88)
(-142,104,-112)
(-134,170,-112)
(-106,210,-130)
(-77,253,-129)
(-74,280,-120)
(-46,306,-94)
(-37,317,-83)
(-43,327,-61)
(-44,332,-36)
(-50,326,-12)
(-70,314,14)
(-95,291,15)
(-120,266,22)
(-146,246,-2)
(-159,211,-19)
(-159,213,-21)
(-162,178,-28)
(-162,176,-26)
(-158,152,-40)
(-170,134,-54)
(-163,127,-73)
(-169,121,-61)
(-172,126,-60)
(-169,113,-55)
(-167,97,-47)
(-166,100,-26)
(-163,97,-25)
(-174,104,-10)
(-166,122,34)
(-164,170,54)
(-167,185,47)
(-164,194,28)
(-169,159,-13)
(-172,98,-38)
(-163,89,-35)
(-154,60,-42)
(-164,54,-26)
(-159,53,-21)
(-149,47,-7)
(-158,32,22)
(-149,25,41)
(-152,18,52)
(-138,14,58)
(-140,-4,82)
(-128,6,102)
(-120,0,122)
(-111,-3,141)
(-107,-5,137)
(-105,-7,143)
(-102,-16,130)
(-100,-28,116)
(-100,-24,114)
(-99,-25,113)
(-97,-21,127)
(-101,-17,137)
(-106,2,140)
(-131,59,159)
(-132,158,170)
(-107,233,157)
(-79,293,129)
(-50,344,70)
(-21,359,17)
(-14,350,-40)
(-23,335,-57)
(-29,323,-93)
(-44,298,-120)
(-42,284,-134)
(-61,245,-155)
(-68,224,-170)
(-80,206,-162)
(-78,216,-160)
(-71,233,-151)
(-75,263,-115)
(-86,288,-80)
(-74,304,-52)
(-75,315,-7)
(-84,314,24)
(-55,327,73)
(-37,331,113)
(-22,318,148)
(-15,311,163)
(-26,304,156)
(-41,303,153)
(-64,306,122)
(-96,286,86)
(-102,290,70)
(-123,279,-23)
(-110,268,-78)
(-99,257,-115)
(-96,242,-136)
(-81,245,-139)
(-84,238,-134)
(-90,226,-150)
(-92,204,-166)
(-86,184,-172)
(-65,169,-175)
(-82,178,-174)
(-81,177,-169)
(-113,209,-131)
(-112,218,-116)
(-114,258,-74)
(-113,267,-45)
(-103,295,25)
(-111,281,49)
(-107,287,51)
(-89,293,69)
(-66,324,80)
(-61,321,87)
(-78,310,64)
(-94,292,30)
(-127,273,15)
(-134,256,10)
(-140,238,2)
(-156,222,-16)
(-160,196,-34)
(-158,182,-58)
(-154,152,-76)
(-158,144,-92)
(-141,179,-85)
(-143,211,-75)
(-130,238,-68)
(-147,215,-73)
(-157,175,-61)
(-156,160,-64)
(-153,181,-51)
(-152,214,-38)
(-136,250,-40)
(-111,277,-39)
(-114,264,-32)
(-166,190,-36)
(-160,194,-34)
(-128,252,-40)
(-117,281,-51)
(-134,238,-36)
(-156,184,-30)
(-159,175,-33)
(-165,169,-43)
(-169,175,-37)
(-163,191,-35)
(-159,209,-17)
(-149,227,11)
(-143,235,55)
(-136,240,60)
(-138,232,82)
(-143,219,85)
(-138,214,90)
(-137,207,101)
(-145,201,121)
(-133,189,133)
(-127,187,149)
(-127,179,153)
(-126,178,166)
(-119,177,169)
(-124,180,162)
(-115,167,193)
(-105,145,199)
(-99,129,207)
(-94,128,216)
(-94,98,210)
(-87,79,207)
(-83,83,219)
(-83,87,223)
(-84,94,218)
(-71,95,229)
(-68,110,232)
(-82,130,224)
(-87,135,217)
(-113,133,183)
(-127,133,161)
(-141,155,147)
(-150,182,126)
(-147,177,113)
(-153,189,91)
(-155,175,81)
(-152,194,98)
(-136,196,128)
(-138,184,136)
(-111,227,157)
(-87,265,149)
(-81,283,141)
(-71,313,87)
(-51,327,35)
(-58,324,-12)
(-68,316,-54)
(-64,292,-110)
(-62,294,-116)
(-76,240,-142)
(-86,200,-158)
(-91,163,-177)
(-80,116,-190)
(-69,61,-185)
(-42,22,-182)
(-6,-30,-178)
(22,-58,-168)
(66,-86,-152)
(107,-97,-143)
(121,-113,-107)
(129,-109,-105)
(168,-126,-46)
(162,-146,-12)
(157,-133,7)
(143,-141,49)
(137,-143,59)
(117,-139,73)
(121,-129,95)
(120,-134,100)
(118,-122,106)
(109,-125,115)
(117,-121,111)
(123,-123,121)
(118,-122,116)
(129,-113,133)
(127,-107,139)
(135,-97,147)
(134,-96,150)
(135,-87,169)
(133,-83,177)
(128,-68,196)
(133,-57,217)
(140,-46,206)
(136,-34,224)
(129,-37,225)
(126,-28,232)
(129,-23,235)
(115,-17,239)
(120,-8,240)
(121,-13,235)
(129,-21,231)
(129,-35,233)
(148,-24,228)
(160,-34,216)
(186,-44,208)
(196,-40,198)
(203,-57,177)
(207,-59,179)
(208,-70,160)
(221,-75,155)
(224,-80,136)
(231,-89,107)
(233,-95,93)
(229,-101,85)
(231,-103,71)
(224,-96,78)
(217,-105,63)
(201,-123,63)
(202,-122,78)
(210,-108,86)
(220,-106,58)
(197,-133,35)
(158,-140,20)
(124,-148,24)
(123,-147,37)
(157,-135,65)
(182,-128,44)
(165,-135,13)
(161,-139,3)
(104,-148,0)
(95,-147,15)
(157,-135,33)
(180,-138,32)
(122,-148,14)
(16,-132,6)
(-17,-121,7)
(59,-145,33)
(112,-142,6)
(109,-147,-17)
(28,-134,-16)
(-30,-116,-22)
(-20,-124,-2)
(76,-146,8)
(111,-139,-27)
(108,-138,-36)
(76,-130,-48)
(80,-142,-26)
(159,-145,17)
(210,-124,38)
(235,-109,39)
(240,-104,52)
(260,-84,78)
(256,-68,98)
(259,-67,81)
(249,-87,57)
(212,-112,34)
(148,-132,78)
(164,-124,100)
(214,-102,82)
(229,-105,61)
(224,-110,48)
(178,-122,16)
(158,-136,8)
(150,-142,-8)
(172,-140,-20)
(174,-136,-24)
(197,-119,-43)
(197,-107,-45)
(201,-113,-71)
(192,-100,-88)
(162,-136,-40)
(147,-135,-9)
(144,-142,18)
(144,-146,28)
(147,-129,65)
(160,-134,78)
(165,-125,81)
(168,-122,88)
(201,-111,99)
(206,-100,110)
(215,-95,115)
(230,-72,124)
(227,-75,131)
(219,-73,139)
(211,-75,141)
(201,-69,137)
(208,-78,156)
(185,-87,155)
(155,-103,151)
(58,-100,156)
(85,-111,153)
(167,-87,151)
(182,-94,140)
(194,-96,142)
(159,-111,125)
(101,-119,125)
(96,-124,124)
(171,-105,129)
(231,-91,107)
(251,-73,91)
(264,-80,70)
(276,-62,74)
(281,-53,63)
(274,-68,60)
(256,-78,50)
(267,-75,47)
(277,-69,41)
(293,-47,37)
(302,-28,48)
(308,-26,40)
(318,-12,40)
(323,5,37)
(328,-4,40)
(327,-1,39)
(319,-17,35)
(308,-28,38)
(266,-76,50)
(254,-98,50)
(226,-104,52)
(230,-108,48)
(217,-127,29)
(214,-122,38)
(210,-114,32)
(242,-106,30)
(276,-74,26)
(280,-52,32)
(309,-35,21)
(306,-38,38)
(323,-9,31)
(338,-2,28)
(334,18,24)
(329,25,21)
(340,14,22)
(331,7,11)
(324,-2,-2)
(298,-42,-8)
(276,-70,-20)
(268,-92,-22)
(195,-133,-13)
(106,-134,-30)
(83,-139,-43)
(75,-139,-35)
(207,-107,-73)
(212,-90,-96)
(174,-100,-106)
(148,-122,-98)
(100,-122,-104)
(86,-114,-122)
(55,-95,-135)
(8,-76,-154)
(-9,-39,-165)
(-21,-17,-183)
(-22,20,-200)
(-5,35,-223)
(-8,68,-228)
(-3,81,-219)
(-11,131,-231)
(-16,162,-230)
(-2,174,-220)
(2,194,-212)
(0,234,-206)
(5,239,-201)
(16,258,-186)
(36,292,-166)
(30,300,-154)
(34,320,-130)
(58,338,-120)
(67,341,-101)
(90,346,-92)
(101,355,-99)
(103,341,-95)
(125,341,-107)
(139,345,-103)
(172,346,-86)
(189,339,-79)
(207,333,-63)
(234,312,-70)
(253,301,-63)
(247,301,-67)
(256,292,-68)
(270,280,-70)
(274,276,-68)
(285,253,-75)
(288,238,-84)
(299,209,-95)
(300,198,-104)
(304,194,-110)
(303,173,-111)
(319,177,-89)
(322,164,-80)
(322,152,-72)
(324,168,-64)
(326,192,-48)
(322,190,-46)
(326,184,-34)
(331,171,-41)
(334,156,-34)
(343,149,-21)
(340,146,-20)
(335,149,-21)
(333,159,-29)
(325,161,-35)
(304,222,-60)
(283,253,-79)
(251,277,-95)
(226,296,-108)
(209,293,-121)
(179,301,-151)
(139,291,-175)
(128,276,-196)
(96,230,-230)
(93,187,-241)
(93,167,-249)
(120,102,-258)
(137,67,-245)
(154,54,-238)
(181,19,-213)
(197,-3,-197)
(209,-31,-175)
(215,-39,-171)
(219,-81,-121)
(218,-88,-112)
(215,-109,-71)
(205,-121,-41)
(194,-124,-36)
(157,-133,-51)
(117,-123,-91)
(104,-118,-106)
(21,-63,-157)
(-14,-32,-182)
(-23,9,-185)
(-30,58,-208)
(-23,69,-221)
(-14,90,-234)
(-15,101,-227)
(-10,104,-234)
(-45,101,-207)
(-44,104,-216)
(-42,102,-216)
(-43,97,-207)
(-44,88,-214)
(-44,78,-204)
(-52,78,-206)
(-56,64,-186)
(-66,56,-178)
(-73,43,-175)
(-70,34,-166)
(-62,32,-172)
(-70,26,-156)
(-82,22,-148)
(-87,23,-141)
(-85,29,-145)
(-82,10,-142)
(-87,-11,-101)
(-113,-25,-53)
(-110,-26,-14)
(-115,-33,-3)
(-125,-17,63)
(-118,-18,78)
(-107,-7,111)
(-107,-3,139)
(-105,31,167)
(-106,48,182)
(-107,53,189)
(-95,67,199)
(-87,81,205)
(-82,72,212)
(-83,75,213)
(-69,75,231)
(-58,66,224)
(-22,56,248)
(3,29,263)
(18,4,264)
(47,-5,259)
(72,-10,256)
(77,-5,253)
(102,-14,248)
(102,-16,250)
(102,-10,250)
(67,-17,255)
(34,-8,240)
(18,-12,246)
(-35,-7,221)
(-46,8,218)
(-49,17,223)
(-64,24,218)
(-45,25,225)
(-37,21,231)
(-7,1,245)
(18,-4,258)
(31,-17,245)
(62,-28,244)
(66,-40,238)
(81,-43,233)
(75,-47,239)
(25,-15,247)
(-24,-2,222)
(-43,5,215)
(-52,4,206)
(-56,4,202)
(-78,-10,180)
(-78,-14,166)
(-51,-19,189)
(-50,-12,200)
(17,-25,231)
(24,-36,224)
(18,-26,230)
(3,-17,239)
(-10,-4,242)
(-26,12,236)
(-31,11,233)
(-57,11,225)
(-52,14,214)
(-49,5,221)
(24,-48,214)
(55,-71,207)
(78,-88,192)
(84,-88,188)
(99,-111,161)
(103,-117,135)
(112,-128,136)
(107,-135,97)
(97,-139,73)
(107,-141,73)
(96,-142,54)
(87,-147,57)
(77,-147,67)
(75,-139,85)
(66,-134,116)
(62,-126,144)
(51,-109,165)
(33,-95,171)
(38,-84,178)
(6,-70,192)
(1,-61,185)
(-43,-51,175)
(-56,-54,154)
(-69,-49,145)
(-94,-34,124)
(-103,-29,107)
(-102,-32,94)
(-111,-15,87)
(-114,-26,84)
(-111,-35,63)
(-114,-32,50)
(-123,-29,33)
(-122,-32,12)
(-101,-43,-61)
(22,-84,-140)
(103,-79,-167)
(132,-64,-176)
(223,-25,-175)
(262,10,-154)
(304,58,-128)
(309,79,-121)
(320,136,-102)
(318,144,-98)
(318,170,-94)
(311,197,-81)
(307,223,-77)
(300,234,-70)
(306,226,-80)
(299,217,-85)
(306,154,-122)
(259,65,-181)
(189,-19,-191)
(161,-41,-185)
(48,-96,-132)
(-22,-108,-60)
(-35,-103,-33)
(-75,-81,59)
(-81,-51,119)
(-75,-41,141)
(-66,-20,178)
(-66,44,214)
(-73,89,227)
(-67,115,233)
(-74,120,226)
(-99,107,201)
(-125,61,165)
(-119,69,159)
(-117,73,173)
(-106,94,186)
(-87,89,221)
(-38,64,246)
(-19,55,257)
(42,16,272)
(64,20,270)
(74,20,270)
(83,29,273)
(86,34,274)
(83,37,275)
(90,40,276)
(77,43,281)
(52,48,276)
(49,51,269)
(38,64,276)
(28,66,276)
(22,74,276)
(34,80,276)
(30,74,272)
(58,46,282)
(64,36,276)
(81,27,273)
(82,10,262)
(98,8,264)
(115,-3,251)
(120,-10,254)
(131,-25,241)
(134,-36,236)
(126,-30,238)
(127,-27,245)
(98,-8,262)
(72,6,258)
(65,11,265)
(34,26,272)
(22,26,256)
(0,42,254)
(-22,36,254)
(-26,40,246)
(-39,47,235)
(-55,43,237)
(-66,48,224)
(-69,55,209)
(-80,50,210)
(-89,59,207)
(-71,53,213)
(-69,45,225)
(-6,12,250)
(25,-5,253)
(63,-47,233)
(86,-76,206)
(101,-95,187)
(102,-92,190)
(98,-100,174)
(106,-100,184)
(86,-94,180)
(83,-101,171)
(82,-104,156)
(68,-110,166)
(73,-103,165)
(47,-103,173)
(36,-114,140)
(33,-125,131)
(35,-131,105)
(36,-132,96)
(42,-136,76)
(46,-138,68)
(49,-135,47)
(56,-138,36)
(48,-148,54)
(33,-127,103)
(18,-102,166)
(21,-91,181)
(1,-35,213)
(2,-22,226)
(1,-9,237)
(-1,29,257)
(1,45,257)
(-4,78,262)
(1,111,265)
(-4,154,258)
(-2,158,250)
(-1,181,255)
(-6,208,250)
(-1,223,237)
(-9,239,237)
(-16,250,226)
(-16,256,210)
(-16,246,214)
(-24,236,224)
(-34,216,220)
(-40,224,214)
(-63,207,203)
(-77,199,189)
(-96,190,172)
(-104,184,174)
(-111,165,147)
(-113,161,163)
(-95,179,183)
(-77,201,205)
(-70,194,212)
(-39,191,231)
(-18,198,242)
(-6,178,256)
(19,149,271)
(30,144,280)
(29,139,273)
(39,139,277)
(29,145,275)
(57,123,281)
(54,112,288)
(62,104,282)
(64,104,286)
(54,108,278)
(47,107,281)
(42,106,266)
(45,99,289)
(43,107,273)
(35,103,275)
(6,114,270)
(1,121,259)
(-11,131,257)
(-25,127,255)
(-43,119,247)
(-31,117,251)
(-39,105,243)
(-40,108,250)
(-43,95,243)
(-45,95,237)
(-36,106,252)
(-8,130,264)
(-3,133,265)
(13,141,263)
(12,156,268)
(11,165,265)
(-5,185,255)
(-11,187,245)
(-25,185,237)
(-39,157,243)
(-61,139,241)
(-71,121,231)
(-72,116,212)
(-88,98,208)
(-80,96,210)
(-62,118,224)
(-49,117,243)
(-30,124,248)
(-41,121,251)
(-67,97,233)
(-77,83,219)
(-73,71,213)
(-88,66,208)
(-88,66,198)
(-68,102,228)
(-39,117,249)
(-11,125,255)
(-6,134,264)
(5,129,263)
(5,131,269)
(11,129,281)
(12,142,272)
(11,133,275)
(13,121,259)
(-27,97,253)
(-45,77,243)
(-52,72,236)
(-70,42,214)
(-77,37,211)
(-95,1,169)
(-98,-10,154)
(-83,-53,89)
(-91,-67,43)
(-86,-84,26)
(-64,-82,-28)
(-46,-82,-72)
(-33,-89,-91)
(5,-87,-135)
(39,-87,-153)
(53,-77,-165)
(91,-57,-195)
(105,-47,-197)
(144,-14,-204)
(160,16,-220)
(181,35,-229)
(182,50,-224)
(174,64,-238)
(93,21,-227)
(32,-14,-210)
(12,-24,-198)
(8,-22,-178)
(11,-25,-201)
(123,11,-227)
(154,38,-236)
(189,125,-233)
(183,133,-237)
(141,163,-243)
(125,153,-255)
(76,92,-256)
(60,94,-258)
(14,86,-234)
(-3,99,-237)
(17,91,-237)
(78,118,-250)
(97,125,-255)
(99,85,-251)
(122,60,-240)
(83,21,-223)
(-4,12,-204)
(-44,40,-188)
(-42,72,-204)
(-59,139,-201)
(-46,194,-198)
(-43,211,-193)
(-7,289,-161)
(7,301,-149)
(58,348,-86)
(90,354,-78)
(194,350,-4)
(237,325,47)
(230,308,80)
(218,298,152)
(182,272,208)
(149,219,257)
(157,181,265)
(139,199,257)
(120,280,232)
(99,303,199)
(43,371,45)
(22,368,6)
(-49,303,-97)
(-68,272,-118)
(-78,110,-180)
(-25,-41,-159)
(52,-120,-102)
(134,-132,-30)
(153,-131,-29)
(203,-115,-1)
(238,-84,0)
(257,-63,-7)
(288,-18,-48)
(275,13,-107)
(263,17,-139)
(238,18,-160)
(227,7,-175)
(215,1,-177)
(196,-22,-170)
(204,-28,-170)
(182,-76,-112)
(166,-104,-82)
(105,-137,11)
(43,-109,99)
(24,-102,122)
(-25,-65,163)
(50,-128,68)
(148,-130,-8)
(195,-101,-33)
(227,-83,-47)
(269,-51,-63)
(272,-40,-78)
(251,-59,-65)
(161,-121,-35)
(96,-124,0)
(57,-133,35)
(76,-128,36)
(87,-127,29)
(154,-114,-24)
(187,-111,-49)
(170,-102,-48)
(147,-123,-45)
(140,-120,-28)
(81,-123,-23)
(16,-108,-4)
(82,-126,-8)
(139,-123,-33)
(160,-114,-38)
(216,-78,-72)
(232,-56,-84)
(239,-45,-97)
(242,-26,-106)
(222,-20,-130)
(178,-54,-136)
(47,-89,-111)
(39,-93,-99)
(76,-106,-92)
(167,-97,-79)
(197,-67,-97)
(195,-61,-105)
(139,-95,-119)
(-2,-76,-104)
(-16,-88,-84)
(33,-117,-69)
(179,-97,-79)
(218,-50,-106)
(202,-48,-124)
(117,-87,-131)
(82,-86,-120)
(5,-87,-95)
(77,-107,-89)
(187,-85,-93)
(207,-65,-101)
(206,-62,-116)
(200,-68,-118)
(33,-97,-105)
(-1,-79,-93)
(-84,-48,-46)
(-92,-38,-34)
(-93,-47,43)
(-83,-47,47)
(-27,-99,31)
(-22,-100,20)
(-62,-72,18)
(-133,7,29)
(-162,172,12)
(-116,264,6)
(-104,282,14)
(-58,330,6)
(-65,327,-5)
(-105,285,-15)
(-146,104,-72)
(-114,20,-106)
(-96,8,-126)
(-128,82,-120)
(-136,104,-108)
(-142,224,-50)
(-151,207,-31)
(-159,73,-41)
(-134,32,-80)
(-147,45,-67)
(-154,92,-62)
(-120,246,-62)
(-134,222,-60)
(-142,50,-76)
(-128,40,-86)
(-144,138,-74)
(-157,137,-69)
(-146,94,-78)
(-160,94,-64)
(-158,80,-44)
(-159,79,-33)
(-159,93,-19)
(-163,75,-13)
(-164,88,-10)
