(-88,146,-28)
(-91,141,-23)
(-88,150,-40)
(-87,147,-33)
(-89,147,-39)
(-83,145,-27)
(-88,146,-28)
(-90,148,-38)
(-84,158,-32)
(-89,149,-31)
(-84,148,-30)
(-80,150,-32)
(-99,147,-27)
(-90,142,-34)
(-95,143,-25)
(-85,157,-35)
(-93,149,-23)
(-92,164,-24)
(-101,165,-17)
(-104,168,-10)
(-109,179,1)
(-120,192,6)
(-123,207,17)
(-122,238,28)
(-133,265,53)
(-141,301,59)
(-126,332,70)
(-121,365,63)
(-105,399,53)
(-98,428,50)
(-84,448,42)
(-73,473,35)
(-46,494,12)
(-33,513,5)
(-8,524,-20)
(20,526,-32)
(41,541,-59)
(69,543,-75)
(92,538,-90)
(116,540,-92)
(135,531,-113)
(165,515,-139)
(177,479,-163)
(182,444,-184)
(177,423,-213)
(179,397,-231)
(175,369,-233)
(168,344,-236)
(165,343,-245)
(165,341,-239)
(173,335,-233)
(172,372,-236)
(174,412,-222)
(169,463,-187)
(160,502,-148)
(141,523,-131)
(101,555,-61)
(73,559,-29)
(44,546,16)
(11,533,43)
(-3,507,79)
(-12,492,112)
(-26,476,124)
(-34,458,130)
(-40,444,136)
(-42,440,146)
(-48,430,156)
(-53,411,163)
(-59,403,163)
(-54,406,166)
(-48,392,158)
(-56,394,158)
(-59,387,169)
(-59,391,167)
(-51,381,165)
(-55,397,169)
(-43,407,165)
(-46,412,168)
(-57,409,159)
(-47,415,157)
(-59,421,149)
(-49,419,149)
(-55,415,147)
(-55,417,153)
(-47,415,155)
(-56,424,148)
(-51,411,147)
(-54,410,152)
(-53,409,155)
(-52,400,162)
(-50,408,170)
(-48,396,174)
(-33,395,169)
(-48,384,186)
(-37,375,189)
(-35,371,191)
(-38,370,196)
(-45,381,195)
(-39,385,187)
(-47,377,179)
(-40,392,180)
(-41,389,181)
(-45,383,179)
(-49,381,171)
(-47,381,179)
(-38,386,178)
(-33,381,173)
(-27,377,191)
(-39,375,189)
(-30,382,194)
(-34,382,194)
(-26,382,196)
(-24,376,190)
(-20,382,196)
(-24,380,198)
(-27,389,199)
(-16,392,200)
(-12,380,202)
(-26,392,190)
(-25,409,183)
(-33,423,169)
(-27,421,171)
(-34,426,170)
(-26,410,180)
(-27,401,195)
(-7,389,193)
(0,364,210)
(-1,339,223)
(0,310,230)
(10,286,236)
(10,260,230)
(15,237,223)
(16,210,224)
(21,191,213)
(33,169,205)
(33,149,179)
(30,120,166)
(37,121,151)
(35,99,119)
(23,85,83)
(12,78,52)
(-3,79,31)
(-15,85,-1)
(-14,82,-10)
(-19,87,-29)
(-18,88,-38)
(-27,103,-61)
(-28,106,-84)
(-33,111,-81)
(-35,121,-87)
(-33,125,-95)
(-50,132,-94)
(-54,144,-94)
(-63,157,-99)
(-69,177,-117)
(-80,190,-130)
(-79,199,-131)
(-74,214,-134)
(-71,205,-137)
(-82,224,-136)
(-84,228,-144)
(-83,255,-149)
(-82,260,-152)
(-91,269,-151)
(-102,282,-154)
(-96,290,-146)
(-103,305,-135)
(-105,309,-135)
(-103,323,-139)
(-99,333,-135)
(-101,337,-135)
(-102,348,-136)
(-107,361,-131)
(-107,363,-123)
(-107,361,-113)
(-108,368,-110)
(-101,357,-103)
(-112,374,-94)
(-108,376,-94)
(-115,383,-91)
(-117,389,-81)
(-114,386,-74)
(-116,396,-84)
(-120,380,-72)
(-110,386,-66)
(-124,384,-60)
(-117,389,-53)
(-125,391,-47)
(-120,400,-52)
(-128,402,-46)
(-117,389,-53)
(-127,385,-47)
(-136,366,-48)
(-130,360,-58)
(-127,347,-77)
(-127,331,-81)
(-135,307,-79)
(-131,269,-87)
(-125,267,-91)
(-123,225,-91)
(-114,204,-88)
(-107,185,-69)
(-99,175,-69)
(-93,153,-79)
(-87,141,-69)
(-73,137,-57)
(-67,129,-51)
(-66,108,-28)
(-60,110,0)
(-57,103,23)
(-58,100,42)
(-49,111,61)
(-48,108,94)
(-55,129,115)
(-42,150,144)
(-41,173,163)
(-38,186,166)
(-44,230,190)
(-31,265,205)
(-33,293,213)
(-32,318,198)
(-43,347,203)
(-43,359,187)
(-51,385,177)
(-49,401,163)
(-58,408,150)
(-57,421,141)
(-49,423,135)
(-53,439,123)
(-54,444,106)
(-55,471,91)
(-50,480,74)
(-45,489,51)
(-50,502,32)
(-46,496,30)
(-46,500,14)
(-49,507,9)
(-36,500,0)
(-46,508,-18)
(-39,501,-25)
(-41,499,-39)
(-46,494,-54)
(-46,490,-64)
(-39,489,-81)
(-37,487,-85)
(-33,495,-87)
(-30,490,-94)
(-10,488,-116)
(-20,496,-114)
(-10,498,-122)
(1,491,-135)
(4,484,-142)
(18,476,-156)
(22,484,-160)
(23,473,-165)
(34,466,-180)
(33,471,-183)
(34,450,-198)
(49,453,-205)
(57,447,-201)
(61,449,-205)
(64,442,-212)
(68,440,-224)
(68,432,-220)
(75,423,-231)
(81,419,-223)
(76,406,-244)
(77,403,-237)
(78,398,-234)
(82,398,-238)
(84,386,-242)
(85,383,-241)
(86,378,-244)
(89,375,-249)
(88,384,-244)
(85,385,-245)
(93,389,-249)
(97,407,-239)
(99,431,-235)
(96,448,-214)
(85,471,-199)
(73,475,-189)
(66,490,-176)
(55,507,-159)
(52,508,-148)
(34,512,-130)
(17,511,-115)
(15,517,-99)
(4,516,-82)
(3,517,-71)
(-7,531,-71)
(-2,522,-80)
(5,521,-81)
(9,525,-95)
(17,521,-117)
(25,503,-127)
(37,499,-151)
(50,494,-170)
(61,493,-173)
(89,485,-191)
(122,452,-210)
(119,453,-219)
(134,424,-226)
(150,408,-236)
(154,380,-242)
(149,351,-249)
(145,351,-245)
(158,316,-248)
(169,301,-253)
(167,295,-253)
(166,290,-244)
(169,287,-251)
(168,288,-250)
(174,290,-248)
(179,291,-247)
(186,320,-240)
(191,345,-245)
(191,351,-239)
(194,394,-220)
(190,408,-220)
(174,446,-220)
(144,462,-206)
(130,484,-194)
(118,486,-180)
(114,498,-174)
(101,503,-165)
(92,504,-164)
(89,511,-157)
(102,508,-156)
(95,511,-151)
(97,503,-157)
(97,501,-169)
(93,499,-161)
(72,492,-168)
(57,495,-161)
(53,497,-151)
(33,489,-149)
(22,500,-140)
(10,496,-120)
(-11,491,-113)
(-12,494,-102)
(-35,497,-83)
(-48,490,-66)
(-62,478,-50)
(-74,468,-34)
(-93,459,-17)
(-102,442,10)
(-101,441,11)
(-122,418,28)
(-119,399,59)
(-131,377,69)
(-128,362,72)
(-127,349,75)
(-130,344,86)
(-124,328,94)
(-129,315,99)
(-127,303,107)
(-116,282,110)
(-121,277,111)
(-119,263,125)
(-115,259,127)
(-111,261,121)
(-119,279,123)
(-119,317,121)
(-118,332,106)
(-113,381,101)
(-109,389,77)
(-101,415,65)
(-104,434,44)
(-95,449,19)
(-97,451,1)
(-103,435,-19)
(-100,438,-24)
(-119,423,-21)
(-126,402,8)
(-123,391,17)
(-138,352,44)
(-136,346,76)
(-130,336,92)
(-97,349,119)
(-93,405,111)
(-91,441,87)
(-79,463,75)
(-77,475,49)
(-83,465,39)
(-89,451,15)
(-109,433,13)
(-122,408,22)
(-124,384,30)
(-134,362,54)
(-130,354,86)
(-124,350,102)
(-100,366,110)
(-111,377,107)
(-98,412,92)
(-93,447,71)
(-88,448,46)
(-102,448,6)
(-108,434,8)
(-108,400,36)
(-127,375,53)
(-135,367,65)
(-131,347,105)
(-109,349,129)
(-96,386,138)
(-76,422,124)
(-73,435,105)
(-71,465,69)
(-73,457,51)
(-78,456,40)
(-107,431,25)
(-114,412,48)
(-114,376,78)
(-121,353,97)
(-125,347,109)
(-106,354,118)
(-89,401,131)
(-90,412,114)
(-78,444,86)
(-82,462,46)
(-90,456,42)
(-93,445,27)
(-99,431,29)
(-113,409,41)
(-128,372,56)
(-124,346,74)
(-124,330,94)
(-124,318,122)
(-107,329,135)
(-103,347,139)
(-98,372,138)
(-92,410,122)
(-79,415,109)
(-98,418,90)
(-101,427,69)
(-105,417,69)
(-117,397,49)
(-125,377,55)
(-130,346,72)
(-121,333,79)
(-131,327,89)
(-127,321,101)
(-123,311,105)
(-124,302,100)
(-124,300,108)
(-121,281,105)
(-123,261,103)
(-120,254,108)
(-111,227,107)
(-112,212,106)
(-110,196,98)
(-99,181,103)
(-94,172,92)
(-83,165,107)
(-82,162,104)
(-83,141,87)
(-78,148,78)
(-76,134,80)
(-74,140,72)
(-62,132,62)
(-63,127,67)
(-59,119,57)
(-63,117,49)
(-47,121,47)
(-46,110,38)
(-45,107,39)
(-54,114,40)
(-62,110,26)
(-64,108,26)
(-56,118,24)
(-61,113,17)
(-49,103,5)
(-46,100,4)
(-48,102,-2)
(-46,104,4)
(-47,95,-9)
(-35,97,-15)
(-50,104,-22)
(-43,115,-45)
(-46,112,-64)
(-43,123,-71)
(-33,93,-35)
(-23,87,-7)
(-19,77,-1)
(-20,82,8)
(-7,71,31)
(-5,77,45)
(0,78,76)
(15,83,113)
(22,94,120)
(44,114,170)
(60,136,194)
(74,160,208)
(88,182,236)
(91,227,243)
(95,237,251)
(107,273,259)
(105,285,255)
(105,301,245)
(107,303,261)
(115,301,261)
(105,279,261)
(111,265,247)
(103,231,253)
(102,210,246)
(97,193,245)
(79,173,225)
(61,153,205)
(39,133,185)
(33,109,159)
(25,109,153)
(9,99,115)
(-14,90,102)
(-8,90,88)
(1,81,109)
(21,99,135)
(61,107,161)
(61,111,165)
(96,156,208)
(113,193,237)
(126,232,236)
(126,256,252)
(129,319,247)
(120,368,252)
(107,405,233)
(100,442,212)
(103,465,187)
(80,496,162)
(68,526,126)
(59,527,95)
(60,538,70)
(41,547,27)
(33,541,-3)
(30,546,-14)
(28,544,-24)
(27,539,-19)
(31,545,-9)
(45,549,13)
(57,547,39)
(69,539,73)
(79,527,113)
(81,515,137)
(80,502,146)
(100,490,168)
(102,486,184)
(110,458,194)
(116,452,204)
(126,430,222)
(134,422,228)
(132,378,238)
(141,343,249)
(134,306,250)
(126,284,256)
(136,260,254)
(125,241,235)
(118,210,236)
(119,193,225)
(108,184,236)
(97,163,211)
(79,141,203)
(64,132,190)
(63,121,179)
(41,111,171)
(34,110,158)
(15,107,141)
(7,111,139)
(-8,106,116)
(-33,109,111)
(-50,114,92)
(-59,123,83)
(-77,141,65)
(-92,150,64)
(-94,160,56)
(-101,171,55)
(-108,168,44)
(-112,174,38)
(-112,176,36)
(-118,180,40)
(-101,179,45)
(-110,168,48)
(-87,157,59)
(-83,143,79)
(-62,128,94)
(-33,107,103)
(-18,108,122)
(6,102,128)
(12,110,138)
(40,112,172)
(49,139,193)
(63,145,205)
(77,187,227)
(79,233,245)
(71,263,261)
(42,284,248)
(28,298,242)
(9,305,239)
(-7,283,239)
(-19,257,217)
(-29,227,203)
(-35,215,197)
(-53,185,155)
(-69,157,127)
(-83,151,85)
(-83,155,63)
(-93,159,51)
(-100,158,30)
(-111,183,27)
(-116,186,22)
(-107,179,41)
(-92,164,86)
(-82,160,104)
(-55,177,163)
(-33,195,189)
(-8,232,226)
(20,260,236)
(35,289,247)
(43,325,249)
(60,340,248)
(56,346,250)
(56,342,252)
(35,315,249)
(19,289,239)
(-19,247,229)
(-28,236,214)
(-69,209,155)
(-102,192,106)
(-105,201,81)
(-128,216,18)
(-128,216,0)
(-135,237,-19)
(-129,237,-23)
(-138,232,-8)
(-134,220,6)
(-122,204,48)
(-89,163,105)
(-76,174,130)
(-42,178,172)
(-21,195,199)
(-3,213,217)
(12,244,242)
(40,272,250)
(54,284,258)
(72,306,250)
(61,283,257)
(42,270,256)
(16,258,238)
(-14,226,222)
(-56,210,184)
(-64,202,158)
(-103,193,105)
(-124,220,60)
(-134,242,10)
(-136,258,-22)
(-133,275,-33)
(-139,287,-53)
(-132,272,-46)
(-137,243,-1)
(-129,211,41)
(-105,193,93)
(-75,175,127)
(-63,179,149)
(-33,179,191)
(-5,195,213)
(18,206,228)
(60,240,244)
(88,278,256)
(94,288,258)
(114,306,254)
(99,301,259)
(61,261,249)
(31,251,251)
(14,230,234)
(-33,207,203)
(-55,207,187)
(-102,200,112)
(-116,204,92)
(-126,216,40)
(-125,213,25)
(-121,205,63)
(-110,190,86)
(-85,179,111)
(-52,180,170)
(-36,188,188)
(23,203,227)
(56,230,240)
(71,247,251)
(107,283,253)
(108,314,256)
(128,368,246)
(122,416,220)
(126,440,212)
(105,475,179)
(120,516,154)
(121,521,123)
(129,527,117)
(151,543,67)
(163,543,39)
(155,553,29)
(165,541,9)
(173,547,5)
(192,536,-30)
(208,524,-40)
(201,537,-27)
(185,541,19)
(173,541,49)
(153,535,81)
(147,525,105)
(139,523,107)
(116,508,150)
(111,489,177)
(101,453,213)
(90,434,222)
(72,410,228)
(61,393,237)
(39,361,237)
(40,350,240)
(31,347,241)
(26,344,244)
(34,340,236)
(35,327,249)
(36,330,242)
(37,313,255)
(39,309,253)
(52,306,250)
(57,305,245)
(59,299,255)
(67,299,257)
(73,291,251)
(63,279,253)
(62,272,248)
(85,277,255)
(69,263,253)
(75,253,249)
(68,252,250)
(71,239,243)
(68,240,244)
(62,240,250)
(58,232,240)
(52,226,242)
(63,235,245)
(54,232,244)
(58,228,242)
(68,226,244)
(63,221,243)
(68,222,240)
(55,221,241)
(44,210,232)
(50,210,224)
(55,225,243)
(57,235,251)
(62,250,248)
(61,247,243)
(66,250,254)
(74,262,248)
(83,257,255)
(78,262,246)
(71,263,261)
(71,269,259)
(81,287,257)
(82,290,250)
(76,302,256)
(78,304,252)
(66,314,248)
(62,316,254)
(45,327,253)
(55,331,249)
(60,338,244)
(64,336,244)
(65,341,241)
(65,343,249)
(63,343,245)
(75,349,253)
(67,349,259)
(73,355,253)
(65,353,241)
(75,359,253)
(65,371,239)
(65,369,239)
(67,371,241)
(68,380,238)
(73,377,237)
(70,384,240)
(66,382,242)
(62,392,234)
(68,394,236)
(66,390,232)
(65,391,241)
(76,386,236)
(75,377,235)
(75,377,239)
(71,375,241)
(68,376,242)
(81,367,247)
(72,388,240)
(75,367,245)
(79,361,247)
(69,363,247)
(66,358,246)
(63,363,247)
(59,363,239)
(51,357,247)
(57,357,235)
(55,369,243)
(59,359,245)
(66,366,238)
(63,369,243)
(62,364,238)
(58,376,238)
(54,384,238)
(56,382,232)
(41,389,237)
(42,390,228)
(37,381,227)
(39,381,237)
(32,368,230)
(31,353,243)
(31,329,243)
(36,310,254)
(43,299,239)
(35,275,253)
(55,267,247)
(54,250,256)
(54,220,234)
(57,191,223)
(50,178,212)
(47,173,209)
(37,145,191)
(35,147,179)
(16,120,158)
(6,114,132)
(-18,118,114)
(-34,114,96)
(-55,117,61)
(-62,114,46)
(-73,127,13)
(-80,138,4)
(-94,156,-28)
(-91,159,-37)
(-98,184,-66)
(-96,190,-82)
(-98,192,-86)
(-98,210,-104)
(-94,202,-110)
(-100,228,-120)
(-89,227,-119)
(-92,240,-126)
(-83,257,-139)
(-86,256,-144)
(-82,262,-148)
(-86,262,-152)
(-83,277,-155)
(-78,292,-166)
(-72,294,-164)
(-84,302,-164)
(-83,309,-155)
(-82,324,-160)
(-80,330,-158)
(-85,331,-151)
(-97,325,-157)
(-89,327,-151)
(-88,306,-150)
(-96,274,-134)
(-98,210,-88)
(-99,185,-61)
(-94,162,-56)
(-78,138,-10)
(-62,120,22)
(-46,100,66)
(-37,125,107)
(-41,151,137)
(-34,154,138)
(-38,182,162)
(-43,209,177)
(-46,244,192)
(-39,281,195)
(-43,281,199)
(-46,336,204)
(-40,334,198)
(-49,365,193)
(-53,399,171)
(-45,399,163)
(-47,425,141)
(-49,427,143)
(-56,422,138)
(-60,396,146)
(-61,395,153)
(-78,362,158)
(-83,311,157)
(-85,291,155)
(-84,276,156)
(-76,264,154)
(-81,245,153)
(-76,240,152)
(-92,218,126)
(-85,219,135)
(-90,210,114)
(-100,242,126)
(-107,275,129)
(-105,305,121)
(-111,327,117)
(-107,349,105)
(-116,340,94)
(-119,305,103)
(-105,263,127)
(-81,237,147)
(-61,259,179)
(-61,333,173)
(-63,397,155)
(-75,429,97)
(-92,410,88)
(-104,366,98)
(-113,325,101)
(-116,278,120)
(-96,286,146)
(-97,309,141)
(-81,355,145)
(-83,395,125)
(-85,419,85)
(-98,416,68)
(-100,404,60)
(-121,361,75)
(-120,294,96)
(-113,289,109)
(-92,272,144)
(-90,312,142)
(-83,331,149)
(-83,389,129)
(-90,402,94)
(-106,408,92)
(-101,401,85)
(-119,359,77)
(-122,310,84)
(-119,271,99)
(-102,254,118)
(-96,258,128)
(-97,283,147)
(-101,311,135)
(-97,361,123)
(-98,384,122)
(-103,395,97)
(-116,382,72)
(-128,348,64)
(-128,306,74)
(-127,269,79)
(-112,246,90)
(-112,240,110)
(-99,267,121)
(-103,307,119)
(-107,359,111)
(-104,378,88)
(-111,377,75)
(-120,342,74)
(-126,302,88)
(-116,266,96)
(-119,271,115)
(-111,269,117)
(-94,302,134)
(-102,314,134)
(-92,374,136)
(-79,429,117)
(-74,448,86)
(-68,454,76)
(-92,438,64)
(-115,389,63)
(-125,325,81)
(-124,288,86)
(-112,270,112)
(-113,281,113)
(-121,305,105)
(-104,348,100)
(-95,403,99)
(-97,407,91)
(-113,397,73)
(-119,385,75)
(-123,341,71)
(-123,295,73)
(-118,266,80)
(-117,247,83)
(-115,247,93)
(-110,256,106)
(-115,279,103)
(-123,299,107)
(-116,336,100)
(-119,349,97)
(-117,381,79)
(-124,358,64)
(-134,340,62)
(-123,301,57)
(-128,262,72)
(-131,261,67)
(-125,251,65)
(-133,249,63)
(-133,255,67)
(-134,270,62)
(-145,285,55)
(-144,302,58)
(-135,327,43)
(-138,326,58)
(-139,297,47)
(-139,269,35)
(-132,238,30)
(-126,222,40)
(-124,210,58)
(-117,229,55)
(-137,273,57)
(-130,286,56)
(-130,322,52)
(-137,337,49)
(-134,356,38)
(-131,339,37)
(-138,308,20)
(-140,292,16)
(-129,251,19)
(-123,223,47)
(-132,230,46)
(-134,250,48)
(-137,269,49)
(-134,312,52)
(-141,323,47)
(-127,355,45)
(-137,351,35)
(-130,330,30)
(-145,297,21)
(-132,274,26)
(-143,241,19)
(-131,247,23)
(-132,282,20)
(-146,282,26)
(-148,328,32)
(-143,333,33)
(-134,350,34)
(-137,365,27)
(-136,318,10)
(-135,277,7)
(-133,243,15)
(-124,214,12)
(-131,217,29)
(-135,251,37)
(-135,293,39)
(-142,310,48)
(-125,351,59)
(-134,362,48)
(-129,363,27)
(-135,335,13)
(-144,318,0)
(-130,256,-10)
(-126,206,-6)
(-119,193,-1)
(-116,192,18)
(-122,206,18)
(-136,260,38)
(-134,274,48)
(-129,317,75)
(-128,330,72)
(-136,332,64)
(-136,314,52)
(-133,271,45)
(-130,236,28)
(-130,222,42)
(-112,182,24)
(-107,189,23)
(-111,191,19)
(-127,211,15)
(-142,250,28)
(-136,270,38)
(-135,295,37)
(-142,308,32)
(-150,296,20)
(-149,285,11)
(-133,277,7)
(-142,264,26)
(-134,286,42)
(-127,291,79)
(-123,297,75)
(-125,331,91)
(-120,370,78)
(-105,403,57)
(-95,429,51)
(-82,456,8)
(-66,474,-20)
(-54,484,-48)
(-47,483,-59)
(-24,498,-78)
(2,502,-94)
(31,493,-121)
(35,501,-135)
(55,479,-161)
(59,473,-169)
(53,455,-185)
(45,451,-183)
(36,440,-196)
(14,426,-198)
(14,424,-194)
(-16,448,-160)
(-24,446,-146)
(-33,469,-97)
(-26,500,-84)
(7,493,-119)
(22,460,-182)
(26,438,-184)
(18,406,-204)
(-24,396,-180)
(-41,393,-175)
(-56,400,-154)
(-64,394,-128)
(-71,419,-119)
(-73,425,-113)
(-53,447,-135)
(-28,438,-168)
(-19,419,-189)
(16,354,-220)
(17,345,-227)
(-12,320,-212)
(-22,318,-206)
(-35,311,-189)
(-62,322,-172)
(-79,349,-153)
(-82,382,-144)
(-77,409,-121)
(-64,430,-114)
(-54,448,-122)
(-34,432,-156)
(-28,428,-156)
(-27,387,-195)
(-27,359,-193)
(-40,328,-190)
(-42,300,-192)
(-56,292,-190)
(-60,292,-184)
(-72,302,-158)
(-98,312,-144)
(-109,349,-111)
(-102,370,-102)
(-93,389,-121)
(-68,416,-132)
(-59,409,-155)
(-53,401,-163)
(-50,370,-172)
(-44,356,-174)
(-51,313,-191)
(-50,310,-184)
(-52,280,-176)
(-76,288,-166)
(-96,300,-132)
(-107,315,-131)
(-97,361,-121)
(-85,397,-121)
(-80,402,-124)
(-62,414,-150)
(-48,396,-164)
(-52,380,-174)
(-41,339,-185)
(-49,307,-185)
(-59,295,-181)
(-61,287,-167)
(-74,286,-160)
(-92,292,-146)
(-102,330,-140)
(-100,338,-134)
(-98,382,-120)
(-68,408,-130)
(-54,418,-158)
(-7,395,-201)
(6,372,-220)
(54,324,-228)
(86,286,-244)
(115,251,-243)
(128,224,-222)
(138,200,-212)
(147,183,-197)
(167,163,-191)
(174,158,-176)
(180,144,-174)
(183,145,-169)
(188,148,-162)
(189,147,-175)
(191,143,-165)
(185,143,-167)
(173,147,-181)
(139,173,-207)
(128,214,-228)
(140,256,-226)
(147,293,-243)
(142,302,-236)
(156,334,-222)
(166,358,-224)
(166,388,-218)
(191,421,-199)
(198,438,-182)
(203,449,-179)
(219,481,-151)
(219,493,-123)
(222,490,-112)
(216,496,-108)
(232,498,-86)
(245,505,-75)
(250,506,-58)
(255,509,-65)
(249,499,-71)
(251,487,-89)
(252,458,-136)
(245,435,-151)
(226,372,-190)
(208,320,-212)
(199,283,-217)
(188,272,-216)
(174,224,-222)
(174,200,-210)
(175,171,-211)
(175,205,-207)
(177,215,-213)
(187,269,-227)
(200,316,-216)
(211,361,-205)
(222,428,-180)
(225,465,-143)
(229,493,-113)
(223,503,-99)
(220,516,-82)
(220,516,-70)
(224,512,-86)
(220,496,-116)
(227,469,-157)
(220,450,-178)
(203,391,-203)
(181,297,-223)
(168,232,-222)
(163,221,-229)
(171,187,-205)
(186,156,-188)
(185,149,-185)
(168,168,-192)
(166,174,-198)
(181,209,-215)
(185,245,-217)
(192,306,-228)
(194,354,-220)
(203,407,-203)
(213,437,-181)
(214,478,-154)
(210,490,-128)
(206,502,-122)
(201,503,-105)
(205,491,-129)
(207,497,-135)
(204,468,-156)
(195,421,-205)
(182,366,-216)
(189,299,-223)
(185,267,-231)
(172,222,-214)
(163,177,-209)
(168,180,-198)
(164,174,-194)
(167,177,-217)
(165,223,-221)
(171,231,-221)
(175,267,-235)
(177,287,-231)
(196,328,-226)
(207,373,-213)
(204,390,-212)
(220,442,-180)
(219,445,-167)
(218,480,-156)
(214,476,-134)
(218,494,-144)
(215,479,-141)
(201,471,-163)
(203,423,-195)
(190,384,-218)
(171,319,-225)
(178,258,-230)
(188,238,-216)
(170,178,-196)
(177,169,-193)
(171,161,-195)
(160,158,-192)
(164,164,-202)
(154,194,-216)
(155,211,-217)
(157,251,-233)
(158,270,-240)
(168,310,-238)
(176,350,-224)
(191,383,-217)
(205,419,-197)
(198,432,-194)
(192,434,-184)
(208,458,-172)
(211,475,-159)
(203,461,-165)
(202,454,-180)
(201,445,-185)
(191,411,-209)
(184,392,-212)
(199,343,-219)
(193,291,-221)
(206,240,-216)
(193,201,-207)
(199,185,-203)
(190,160,-196)
(185,159,-185)
(185,135,-171)
(184,134,-174)
(167,139,-169)
(172,154,-190)
(162,172,-194)
(162,212,-224)
(153,269,-237)
(165,309,-229)
(176,352,-230)
(187,391,-211)
(195,395,-207)
(202,430,-196)
(208,434,-180)
(216,462,-168)
(217,463,-161)
(217,473,-149)
(212,476,-138)
(219,483,-129)
(215,497,-133)
(208,492,-122)
(207,487,-135)
(211,479,-143)
(200,482,-140)
(205,453,-173)
(192,418,-206)
(194,356,-224)
(185,317,-231)
(185,255,-221)
(173,223,-223)
(174,186,-210)
(184,170,-198)
(182,150,-176)
(181,145,-177)
(184,138,-166)
(177,135,-167)
(168,134,-176)
(175,137,-175)
(164,136,-174)
(169,147,-187)
(165,163,-193)
(152,184,-200)
(156,202,-212)
(153,243,-225)
(160,262,-230)
(169,271,-231)
(179,309,-229)
(192,334,-226)
(197,367,-219)
(200,386,-212)
(210,402,-206)
(209,411,-195)
(206,422,-184)
(211,443,-181)
(198,444,-176)
(210,456,-180)
(207,453,-187)
(198,442,-196)
(194,430,-198)
(189,387,-209)
(196,352,-222)
(193,331,-217)
(200,290,-226)
(186,258,-222)
(191,231,-203)
(197,205,-199)
(211,197,-193)
(215,173,-181)
(210,176,-180)
(209,173,-175)
(197,161,-181)
(195,173,-187)
(178,182,-208)
(169,199,-217)
(159,225,-221)
(157,241,-231)
(148,266,-240)
(166,302,-236)
(182,336,-234)
(187,365,-211)
(195,389,-205)
(207,405,-209)
(198,420,-190)
(214,440,-176)
(211,463,-157)
(216,472,-152)
(214,468,-148)
(207,473,-145)
(211,467,-161)
(217,465,-161)
(201,447,-177)
(218,400,-196)
(206,388,-204)
(216,344,-210)
(215,335,-215)
(218,294,-214)
(222,248,-206)
(215,229,-195)
(218,200,-194)
(221,189,-189)
(228,170,-168)
(220,162,-166)
(212,162,-166)
(192,194,-202)
(151,241,-237)
(129,275,-233)
(130,302,-240)
(141,319,-245)
(128,352,-240)
(126,374,-236)
(119,375,-235)
(96,372,-236)
(79,375,-225)
(29,379,-219)
(-13,383,-197)
(-23,389,-191)
(-69,383,-153)
(-84,376,-124)
(-101,369,-105)
(-117,371,-83)
(-119,377,-53)
(-126,362,-24)
(-137,367,-13)
(-141,355,11)
(-143,357,27)
(-139,341,33)
(-137,313,47)
(-131,305,39)
(-132,274,60)
(-131,269,49)
(-124,268,64)
(-125,269,71)
(-125,251,69)
(-129,257,81)
(-121,259,77)
(-131,257,79)
(-113,253,87)
(-114,250,82)
(-112,236,90)
(-105,229,91)
(-99,229,105)
(-104,228,108)
(-96,212,110)
(-76,200,118)
(-66,188,116)
(-67,187,129)
(-65,175,123)
(-54,168,128)
(-48,156,136)
(-40,154,130)
(-34,138,130)
(-25,115,119)
(-22,122,120)
(-16,108,98)
(-21,87,47)
(-25,89,45)
(-42,94,10)
(-48,98,-12)
(-50,112,-30)
(-57,121,-55)
(-62,130,-72)
(-59,131,-71)
(-52,122,-66)
(-69,123,-61)
(-62,114,-18)
(-60,108,-6)
(-63,117,33)
(-79,129,69)
(-85,151,91)
(-80,188,112)
(-85,185,115)
(-94,222,130)
(-92,262,146)
(-99,297,149)
(-100,320,138)
(-103,341,125)
(-110,354,128)
(-107,357,115)
(-108,358,110)
(-113,361,103)
(-108,356,108)
(-109,341,117)
(-106,310,124)
(-113,283,129)
(-103,253,137)
(-88,222,132)
(-88,210,142)
(-79,171,119)
(-77,155,97)
(-76,146,74)
(-69,133,63)
(-68,130,66)
(-70,130,56)
(-63,139,67)
(-82,144,66)
(-83,157,77)
(-85,155,89)
(-102,192,102)
(-108,222,110)
(-108,242,126)
(-108,286,128)
(-108,294,126)
(-116,316,120)
(-116,328,114)
(-116,328,114)
(-117,311,119)
(-127,297,111)
(-114,274,114)
(-104,250,118)
(-108,234,118)
(-97,213,113)
(-98,196,92)
(-103,189,85)
(-100,182,68)
(-107,169,57)
(-101,171,41)
(-101,167,35)
(-102,160,34)
(-102,168,30)
(-102,170,38)
(-109,185,55)
(-113,203,79)
(-114,216,74)
(-122,242,94)
(-111,271,105)
(-125,283,103)
(-123,299,93)
(-123,297,99)
(-125,285,91)
(-126,286,92)
(-123,259,89)
(-123,241,79)
(-122,218,70)
(-117,213,51)
(-123,195,35)
(-119,185,31)
(-116,180,12)
(-112,182,4)
(-111,177,-5)
(-113,175,-15)
(-108,176,-22)
(-114,176,-34)
(-111,173,-15)
(-117,179,-11)
(-116,174,-12)
(-124,188,10)
(-123,195,19)
(-124,204,42)
(-124,224,76)
(-123,233,99)
(-122,244,100)
(-122,256,100)
(-121,265,91)
(-123,273,99)
(-118,280,122)
(-107,241,135)
(-94,224,142)
(-94,222,140)
(-83,189,147)
(-72,178,136)
(-61,149,141)
(-57,155,141)
(-48,138,144)
(-55,147,141)
(-76,164,126)
(-85,169,127)
(-104,196,108)
(-124,246,106)
(-126,270,102)
(-123,303,101)
(-127,319,99)
(-117,367,93)
(-100,410,80)
(-85,449,79)
(-74,458,76)
(-37,497,73)
(-16,514,68)
(4,522,70)
(41,537,69)
(53,545,73)
(62,546,70)
(92,544,66)
(117,547,73)
(141,549,67)
(178,542,56)
(211,537,51)
(223,523,51)
(246,516,36)
(257,507,29)
(278,490,10)
(286,474,-6)
(289,467,-21)
(298,462,-26)
(298,450,-44)
(299,453,-41)
(301,447,-43)
(293,447,-49)
(300,438,-56)
(294,450,-48)
(295,453,-43)
(290,468,-42)
(281,475,-33)
(267,493,-31)
(252,500,-32)
(252,502,-26)
(254,510,-44)
(265,499,-33)
(270,482,-50)
(282,460,-80)
(287,433,-119)
(272,390,-144)
(265,389,-165)
(259,349,-177)
(255,323,-187)
(260,322,-192)
(255,295,-187)
(258,294,-184)
(258,308,-186)
(264,322,-190)
(250,346,-190)
(244,370,-186)
(251,411,-183)
(245,439,-165)
(224,466,-164)
(205,503,-131)
(153,545,-111)
(118,550,-96)
(83,539,-95)
(29,517,-101)
(-8,484,-122)
(-34,442,-154)
(-28,390,-186)
(-21,367,-199)
(-4,304,-218)
(-3,291,-217)
(-2,278,-216)
(-8,260,-216)
(-11,265,-223)
(-5,261,-211)
(-19,245,-215)
(-17,231,-201)
(-16,236,-204)
(-29,243,-201)
(-35,247,-197)
(-37,251,-189)
(-46,250,-186)
(-61,261,-177)
(-69,251,-167)
(-77,245,-153)
(-83,245,-139)
(-93,241,-137)
(-79,233,-137)
(-96,238,-130)
(-108,248,-100)
(-117,253,-87)
(-117,243,-91)
(-116,236,-86)
(-111,221,-75)
(-110,218,-74)
(-105,209,-65)
(-105,199,-59)
(-106,188,-60)
(-100,180,-52)
(-97,181,-31)
(-102,174,-32)
(-95,173,-29)
(-99,179,-25)
(-97,165,-31)
(-98,168,-36)
(-92,166,-40)
(-92,166,-48)
(-91,161,-51)
(-85,163,-57)
(-86,166,-68)
(-71,169,-93)
(-65,165,-127)
(-61,179,-135)
(-54,184,-144)
(-49,183,-151)
(-46,186,-154)
(-53,179,-145)
(-61,167,-125)
(-65,159,-105)
(-76,164,-84)
(-92,168,-66)
(-108,176,-36)
(-113,199,-33)
(-121,213,-23)
(-135,253,-17)
(-136,282,-16)
(-139,311,-23)
(-134,346,-30)
(-129,377,-49)
(-108,402,-68)
(-97,419,-75)
(-84,422,-104)
(-68,422,-132)
(-51,423,-141)
(-37,417,-155)
(-18,432,-174)
(-10,418,-184)
(8,404,-206)
(25,417,-205)
(34,412,-220)
(52,394,-224)
(48,404,-220)
(54,412,-222)
(48,420,-220)
(68,410,-218)
(72,400,-226)
(74,390,-230)
(82,394,-236)
(99,403,-233)
(112,412,-226)
(115,423,-235)
(125,399,-227)
(127,389,-239)
(120,370,-252)
(113,353,-249)
(104,324,-246)
(110,308,-264)
(110,292,-260)
(112,286,-268)
(117,293,-251)
(120,302,-260)
(107,331,-257)
(123,351,-257)
(135,355,-249)
(140,358,-242)
(130,366,-244)
(155,373,-235)
(183,393,-223)
(192,408,-216)
(186,416,-214)
(194,428,-202)
(189,443,-193)
(167,441,-189)
(152,448,-198)
(154,444,-198)
(148,436,-206)
(147,423,-217)
(146,410,-218)
(157,391,-217)
(148,380,-226)
(143,379,-231)
(149,349,-231)
(146,352,-228)
(146,342,-240)
(155,331,-233)
(156,304,-232)
(149,305,-241)
(168,292,-232)
(157,269,-233)
(162,264,-228)
(181,257,-227)
(176,242,-222)
(173,217,-217)
(171,217,-217)
(158,204,-208)
(158,198,-206)
(159,185,-201)
(153,181,-201)
(146,180,-206)
(143,179,-203)
(125,175,-195)
(115,181,-213)
(113,183,-207)
(102,190,-214)
(84,196,-222)
(78,202,-226)
(57,207,-223)
(36,220,-212)
(17,231,-221)
(22,238,-218)
(10,232,-214)
(7,231,-207)
(0,234,-210)
(-3,235,-203)
(-16,236,-196)
(-19,245,-199)
(-35,233,-191)
(-41,249,-183)
(-47,245,-181)
(-49,251,-183)
(-60,256,-168)
(-73,259,-149)
(-100,254,-126)
(-108,258,-128)
(-113,259,-113)
(-104,262,-118)
(-107,273,-121)
(-103,267,-115)
(-107,273,-119)
(-113,261,-107)
(-120,262,-96)
(-117,271,-75)
(-127,275,-65)
(-132,274,-58)
(-132,280,-48)
(-133,279,-51)
(-131,279,-49)
(-133,271,-43)
(-136,264,-18)
(-139,261,13)
(-136,256,30)
(-140,256,48)
(-132,252,56)
(-123,243,65)
(-125,229,75)
(-131,221,83)
(-112,204,88)
(-111,207,101)
(-98,196,122)
(-81,189,131)
(-71,189,145)
(-75,181,149)
(-73,181,153)
(-66,176,154)
(-60,162,158)
(-49,151,153)
(-38,140,160)
(-25,127,145)
(-16,114,142)
(-2,104,138)
(13,101,145)
(24,98,146)
(27,93,153)
(46,84,142)
(46,82,132)
(52,76,124)
(35,85,137)
(26,94,136)
(10,110,152)
(-4,128,174)
(-21,157,175)
(-34,176,180)
(-54,206,174)
(-57,229,177)
(-67,237,177)
(-84,248,178)
(-76,260,176)
(-75,265,167)
(-76,264,160)
(-87,269,161)
(-88,272,164)
(-82,266,170)
(-69,245,183)
(-77,235,175)
(-61,205,177)
(-53,175,171)
(-37,153,169)
(-26,140,156)
(-19,117,143)
(-19,113,139)
(-23,107,133)
(-28,108,128)
(-23,113,129)
(-26,106,136)
(-26,116,138)
(-29,121,141)
(-40,138,148)
(-43,149,157)
(-66,146,142)
(-66,176,142)
(-80,192,144)
(-93,207,139)
(-98,222,134)
(-98,248,138)
(-103,269,127)
(-117,289,125)
(-116,300,116)
(-127,309,99)
(-127,315,91)
(-126,320,94)
(-123,323,95)
(-123,313,101)
(-123,307,107)
(-115,299,113)
(-114,290,116)
(-94,260,142)
(-89,229,145)
(-71,207,149)
(-70,184,162)
(-65,179,151)
(-53,159,147)
(-47,155,141)
(-56,154,150)
(-51,153,137)
(-45,153,143)
(-56,150,140)
(-54,154,142)
(-53,155,149)
(-64,162,142)
(-66,170,134)
(-63,169,139)
(-85,193,141)
(-89,203,139)
(-97,219,131)
(-104,232,126)
(-107,237,119)
(-114,256,108)
(-114,268,110)
(-118,288,108)
(-113,295,105)
(-123,299,101)
(-131,311,81)
(-124,328,78)
(-127,339,77)
(-128,334,70)
(-130,332,74)
(-132,320,76)
(-125,303,87)
(-125,279,107)
(-104,230,116)
(-88,194,122)
(-68,166,124)
(-62,152,120)
(-55,131,121)
(-36,126,120)
(-26,114,126)
(-22,108,128)
(-22,108,130)
(-19,105,127)
(-29,119,123)
(-33,111,129)
(-42,124,120)
(-47,125,115)
(-56,120,88)
(-65,129,53)
(-81,131,15)
(-85,145,-33)
(-79,153,-71)
(-82,180,-94)
(-76,192,-130)
(-66,214,-152)
(-51,241,-169)
(-53,255,-183)
(-35,271,-197)
(-20,292,-198)
(-33,289,-203)
(-69,261,-171)
(-72,252,-162)
(-102,236,-108)
(-111,219,-85)
(-118,220,-68)
(-128,220,-36)
(-123,209,21)
(-115,215,83)
(-89,229,133)
(-62,244,176)
(-48,258,198)
(-48,272,206)
(-42,280,206)
(-45,293,207)
(-43,269,209)
(-38,266,210)
(-25,245,213)
(-15,233,211)
(-23,229,217)
(-28,230,208)
(-49,221,179)
(-70,198,146)
(-92,186,100)
(-119,195,35)
(-124,214,-26)
(-122,240,-60)
(-125,235,-49)
(-125,213,-3)
(-112,190,56)
(-85,183,115)
(-51,195,167)
(-37,199,179)
(-10,244,222)
(-14,274,220)
(-26,306,216)
(-31,327,211)
(-31,331,205)
(-35,343,207)
(-37,343,201)
(-33,339,209)
(-37,339,207)
(-41,341,207)
(-42,364,204)
(-33,345,199)
(-40,342,200)
(-45,323,197)
(-38,296,208)
(-48,278,210)
(-42,260,210)
(-45,249,203)
(-27,235,199)
(-38,234,208)
(-33,229,203)
(-22,234,214)
(-16,238,214)
(3,247,229)
(2,262,236)
(0,288,226)
(-20,310,226)
(-23,333,219)
(-35,343,203)
(-46,346,194)
(-56,342,192)
(-52,350,192)
(-47,335,199)
(-42,338,190)
(-47,341,199)
(-43,337,199)
(-44,326,212)
(-42,310,210)
(-46,286,208)
(-51,279,207)
(-50,270,188)
(-59,269,195)
(-40,274,202)
(-50,270,198)
(-34,272,206)
(-40,270,212)
(-27,281,219)
(-21,277,231)
(-17,295,221)
(-15,297,219)
(-21,313,215)
(-30,326,214)
(-51,343,187)
(-48,346,192)
(-62,354,174)
(-63,355,173)
(-71,363,155)
(-87,365,141)
(-95,361,141)
(-95,369,145)
(-91,373,143)
(-87,371,145)
(-78,374,146)
(-76,372,152)
(-72,362,168)
(-69,355,165)
(-62,346,168)
(-68,352,180)
(-67,343,185)
(-60,344,186)
(-54,344,184)
(-62,344,184)
(-56,330,192)
(-57,331,191)
(-68,328,192)
(-55,327,193)
(-46,324,200)
(-54,324,180)
(-57,339,183)
(-68,344,178)
(-72,344,170)
(-82,358,156)
(-90,372,138)
(-104,372,120)
(-106,376,116)
(-99,375,107)
(-105,375,107)
(-106,376,104)
(-101,377,101)
(-101,387,115)
(-101,371,131)
(-88,368,132)
(-92,366,146)
(-91,355,149)
(-87,351,155)
(-83,345,159)
(-84,348,168)
(-84,352,158)
(-87,357,155)
(-88,356,150)
(-105,357,141)
(-115,361,131)
(-111,357,115)
(-110,352,114)
(-118,346,114)
(-112,332,126)
(-100,332,140)
(-85,331,165)
(-84,328,172)
(-79,337,169)
(-71,355,165)
(-82,362,156)
(-94,356,148)
(-96,362,140)
(-96,362,130)
(-94,358,120)
(-103,375,129)
(-95,369,113)
(-101,373,133)
(-93,363,133)
(-110,364,138)
(-94,358,124)
(-105,355,127)
(-98,358,122)
(-102,358,116)
(-112,356,108)
(-107,355,107)
(-120,356,90)
(-123,365,57)
(-118,382,24)
(-124,382,4)
(-120,402,-26)
(-116,398,-62)
(-104,386,-84)
(-99,373,-103)
(-91,363,-117)
(-90,358,-128)
(-89,343,-119)
(-84,346,-132)
(-80,352,-132)
(-79,347,-129)
(-91,347,-107)
(-100,340,-90)
(-119,331,-63)
(-126,332,-48)
(-127,339,-35)
(-132,350,-2)
(-119,359,17)
(-119,377,29)
(-120,386,40)
(-112,398,44)
(-106,394,44)
(-113,407,61)
(-105,403,55)
(-105,415,55)
(-98,424,56)
(-101,423,43)
(-96,432,28)
(-100,436,18)
(-91,453,-13)
(-78,458,-44)
(-67,473,-81)
(-46,474,-104)
(-22,474,-144)
(-15,465,-155)
(-8,448,-174)
(-8,452,-176)
(-3,455,-183)
(-8,460,-178)
(-10,480,-148)
(-5,489,-125)
(-10,502,-96)
(-27,517,-47)
(-49,503,-1)
(-64,478,40)
(-84,448,68)
(-99,401,107)
(-111,329,127)
(-104,288,148)
(-89,245,145)
(-69,189,147)
(-48,146,136)
(-20,114,136)
(0,80,108)
(38,60,86)
(46,60,78)
(45,55,77)
(29,71,81)
(19,63,95)
(-13,93,101)
(-34,124,134)
(-53,171,149)
(-70,192,150)
(-95,239,137)
(-108,272,132)
(-114,298,120)
(-122,302,112)
(-120,300,112)
(-108,298,118)
(-112,282,126)
(-103,247,133)
(-84,194,136)
(-69,161,137)
(-42,138,128)
(-23,109,119)
(4,90,114)
(17,77,91)
(39,67,97)
(36,68,98)
(35,71,87)
(34,76,80)
(35,71,81)
(36,70,76)
(30,76,76)
(36,74,68)
(38,68,72)
(45,73,87)
(44,74,90)
(66,78,106)
(100,84,124)
(116,82,148)
(128,100,164)
(142,108,170)
(138,94,170)
(159,97,167)
(162,96,144)
(187,87,145)
(198,92,140)
(188,98,128)
(200,102,136)
(199,99,147)
(210,110,148)
(224,128,152)
(241,143,143)
(262,160,134)
(264,158,126)
(279,167,131)
(281,171,125)
(282,176,122)
(279,163,119)
(270,162,126)
(271,161,129)
(262,150,126)
(258,142,132)
(255,139,125)
(242,130,126)
(250,140,118)
(254,142,128)
(264,164,122)
(261,149,117)
(262,140,118)
(242,136,122)
(214,98,118)
(165,71,121)
(126,70,118)
(98,68,136)
(64,80,142)
(44,88,148)
(24,110,150)
(9,109,155)
(-5,113,149)
(-4,118,144)
(2,124,166)
(2,136,174)
(16,140,184)
(21,145,185)
(25,151,205)
(20,172,212)
(10,160,204)
(6,170,206)
(-11,171,203)
(-15,181,201)
(-35,177,189)
(-68,178,166)
(-79,179,143)
(-95,175,107)
(-93,179,93)
(-106,184,90)
(-113,189,81)
(-106,182,80)
(-99,169,91)
(-89,145,89)
(-62,118,80)
(-24,90,88)
(-1,71,77)
(36,66,94)
(86,54,92)
(96,60,108)
(123,63,103)
(136,68,120)
(139,77,121)
(152,88,136)
(160,80,140)
(158,96,152)
(174,100,156)
(184,120,156)
(197,125,173)
(208,146,168)
(213,147,171)
(206,146,172)
(217,151,181)
(218,140,168)
(218,154,180)
(217,161,187)
(195,181,213)
(171,213,227)
(144,246,238)
(132,258,252)
(136,252,244)
(137,221,241)
(152,190,222)
(148,182,232)
(120,220,244)
(84,280,252)
(73,295,257)
(64,286,258)
(61,249,247)
(80,188,234)
(100,148,212)
(95,161,223)
(85,187,227)
(58,230,236)
(35,255,245)
(50,254,248)
(57,215,239)
(79,169,225)
(107,121,195)
(102,104,180)
(89,117,183)
(66,142,204)
(43,173,219)
(28,188,220)
(38,158,216)
(65,135,201)
(81,119,181)
(100,112,178)
(141,99,169)
(153,97,153)
(170,94,152)
(166,106,152)
(149,95,163)
(132,88,148)
(146,86,154)
(145,91,143)
(158,80,138)
(195,87,125)
(229,103,107)
(259,125,111)
(275,147,115)
(279,173,113)
(281,185,127)
(288,182,126)
(283,173,115)
(279,155,119)
(246,124,116)
(220,92,112)
(160,58,94)
(109,47,81)
(58,44,78)
(14,62,80)
(-11,85,101)
(-28,96,108)
(-50,114,124)
(-49,131,129)
(-39,129,141)
(-39,147,155)
(-29,155,173)
(-40,156,176)
(-44,170,160)
(-60,170,154)
(-68,172,158)
(-84,198,136)
(-93,195,133)
(-118,232,118)
(-136,256,96)
(-136,286,90)
(-128,296,104)
(-131,315,87)
(-127,341,77)
(-133,359,69)
(-126,380,64)
(-120,388,64)
(-111,407,45)
(-124,404,48)
(-123,411,51)
(-132,386,34)
(-134,376,28)
(-142,350,18)
(-132,356,18)
(-123,371,45)
(-126,372,64)
(-116,396,78)
(-106,390,86)
(-110,388,94)
(-114,382,84)
(-111,367,85)
(-134,338,88)
(-138,314,90)
(-144,292,74)
(-138,270,64)
(-141,287,43)
(-163,299,33)
(-147,311,27)
(-153,315,43)
(-144,330,46)
(-132,350,58)
(-130,364,52)
(-132,382,44)
(-140,360,44)
(-144,330,34)
(-153,323,19)
(-156,302,6)
(-157,309,19)
(-151,309,15)
(-145,345,21)
(-140,360,26)
(-130,372,34)
(-127,385,41)
(-121,385,45)
(-135,379,35)
(-142,360,32)
(-152,328,10)
(-155,309,-11)
(-149,299,-15)
(-150,318,-14)
(-154,332,-26)
(-151,345,-13)
(-150,352,2)
(-142,352,12)
(-143,363,17)
(-141,351,19)
(-143,345,25)
(-156,318,28)
(-156,284,12)
(-157,267,1)
(-153,267,-7)
(-158,276,8)
(-154,284,18)
(-150,294,26)
(-147,327,21)
(-140,330,34)
(-144,350,32)
(-141,369,39)
(-123,385,37)
(-132,378,34)
(-147,353,43)
(-137,295,71)
(-140,264,66)
(-144,238,76)
(-133,217,85)
(-128,216,90)
(-122,214,96)
(-127,205,97)
(-125,223,109)
(-126,260,120)
(-108,332,132)
(-97,359,149)
(-73,369,159)
(-52,392,178)
(-34,402,196)
(-21,403,207)
(-6,414,210)
(1,415,221)
(-4,420,210)
(-3,421,213)
(12,436,200)
(25,447,205)
(44,464,202)
(46,458,200)
(40,454,214)
(44,436,218)
(38,414,232)
(17,391,231)
(-14,358,230)
(-31,339,219)
(-41,323,223)
(-24,312,220)
(-35,315,221)
(-24,358,230)
(-12,410,200)
(2,452,198)
(-22,200,212)
(-30,206,194)
(-19,215,203)
(-22,212,198)
(-34,212,204)
(-25,213,209)
(-23,209,199)
(-25,215,205)
(-27,209,199)
(-25,211,203)
(-32,222,202)
(-32,208,202)
(-29,211,205)
(-20,210,198)
(-30,222,206)
(-33,217,197)
(-35,213,209)
(-29,205,193)
(-40,212,204)
(-23,219,197)
(-29,213,203)
(-27,215,199)
(-27,217,205)
(-30,214,202)
(-25,215,203)
(-29,213,209)
(-28,218,202)
(-28,216,200)
(-24,218,206)
(-33,221,201)
(-29,217,203)
(-24,226,200)
(-28,232,210)
(-38,250,204)
(-44,268,202)
(-53,289,193)
(-67,323,185)
(-67,369,151)
(-80,398,142)
(-75,411,125)
(-81,417,119)
(-74,430,106)
(-78,440,104)
(-75,439,109)
(-72,426,110)
(-72,420,116)
(-80,398,132)
(-72,378,154)
(-70,344,172)
(-63,311,193)
(-54,280,200)
(-47,257,193)
(-47,241,191)
(-49,227,193)
(-39,205,185)
(-35,183,175)
(-33,179,169)
(-38,162,152)
(-45,161,143)
(-50,156,132)
(-54,142,110)
(-59,135,99)
(-73,125,65)
(-73,119,39)
(-65,115,31)
(-69,119,5)
(-77,115,-7)
(-79,121,11)
(-78,120,40)
(-79,133,73)
(-69,143,83)
(-80,180,128)
(-81,231,151)
(-87,275,167)
(-89,325,163)
(-83,361,151)
(-79,407,135)
(-73,439,107)
(-68,444,102)
(-69,459,87)
(-64,462,76)
(-64,474,76)
(-55,469,65)
(-60,476,64)
(-62,476,60)
(-52,476,64)
(-52,478,68)
(-62,458,96)
(-62,422,126)
(-63,407,157)
(-62,374,178)
(-48,360,200)
(-43,337,209)
(-41,327,217)
(-31,321,219)
(-24,314,222)
(-19,317,229)
(-22,326,220)
(-31,361,205)
(-42,382,196)
(-48,418,164)
(-43,439,155)
(-40,456,132)
(-31,475,111)
(-30,490,100)
(-27,483,109)
(-30,474,108)
(-24,462,122)
(-38,438,156)
(-43,411,181)
(-34,406,176)
(-33,375,207)
(-34,350,210)
(-40,342,218)
(-33,349,213)
(-42,382,202)
(-35,409,177)
(-23,451,149)
(-22,456,152)
(-34,454,142)
(-53,409,157)
(-63,371,167)
(-87,309,179)
(-79,291,177)
(-69,229,181)
(-61,199,175)
(-50,188,168)
(-57,207,191)
(-45,221,199)
(-44,312,206)
(-29,377,197)
(-24,428,182)
(-10,458,172)
(4,498,128)
(20,504,124)
(62,546,60)
(89,557,21)
(114,558,10)
(156,542,-28)
(160,544,-58)
(154,550,-48)
(151,545,-31)
(139,549,-11)
(135,555,5)
(114,554,36)
(94,552,80)
(73,533,107)
(54,508,140)
(43,469,175)
(24,430,202)
(34,374,234)
(35,327,255)
(33,305,257)
(35,263,253)
(26,240,246)
(27,245,241)
(31,273,243)
(26,320,246)
(24,372,238)
(24,422,206)
(18,440,196)
(17,479,159)
(28,504,132)
(26,512,110)
(32,520,94)
(27,523,87)
(21,523,75)
(27,525,83)
(25,517,101)
(20,508,120)
(15,489,149)
(23,477,161)
(7,425,209)
(16,364,228)
(15,333,245)
(13,319,241)
(10,268,238)
(7,225,221)
(-4,198,216)
(-3,177,195)
(-21,159,177)
(-22,148,168)
(-42,128,124)
(-47,125,111)
(-64,120,84)
(-79,127,51)
(-82,126,40)
(-90,138,22)
(-90,140,12)
(-106,150,8)
(-106,156,6)
(-105,149,5)
(-97,131,17)
(-78,116,34)
(-67,103,39)
(-50,94,58)
(-18,82,96)
(7,97,125)
(16,110,164)
(28,150,194)
(28,164,214)
(33,271,245)
(19,321,243)
(6,376,228)
(5,427,197)
(6,452,180)
(14,498,120)
(13,505,111)
(22,510,96)
(16,508,102)
(3,481,145)
(-21,423,187)
(-18,404,194)
(-39,337,203)
(-67,299,185)
(-86,288,172)
(-87,271,159)
(-108,244,134)
(-104,232,118)
(-113,225,117)
(-103,221,115)
(-99,215,129)
(-78,226,162)
(-70,228,162)
(-70,254,172)
(-69,275,189)
(-74,294,186)
(-80,304,178)
(-71,303,181)
(-72,298,190)
(-68,300,182)
(-82,296,198)
(-67,273,189)
(-61,271,189)
(-69,255,181)
(-81,239,169)
(-78,240,162)
(-89,233,161)
(-81,233,161)
(-87,247,159)
(-85,245,165)
(-68,254,178)
(-60,272,190)
(-61,273,191)
(-70,314,192)
(-67,337,183)
(-70,366,178)
(-63,373,179)
(-62,342,184)
(-77,299,183)
(-93,255,165)
(-105,205,105)
(-105,195,63)
(-123,175,29)
(-128,182,14)
(-123,195,-33)
(-126,214,-64)
(-129,231,-65)
(-129,257,-85)
(-125,263,-79)
(-126,234,-66)
(-131,199,-17)
(-109,177,45)
(-92,164,102)
(-73,179,147)
(-70,188,156)
(-49,249,201)
(-42,272,206)
(-38,372,198)
(-53,417,157)
(-76,432,116)
(-77,447,95)
(-88,452,40)
(-90,462,-6)
(-85,453,-43)
(-77,443,-91)
(-55,451,-111)
(-30,450,-142)
(-31,435,-161)
(-29,439,-159)
(-42,430,-154)
(-61,429,-133)
(-88,424,-106)
(-110,398,-74)
(-132,364,-54)
(-132,356,-40)
(-141,337,-5)
(-142,324,8)
(-132,352,34)
(-125,377,27)
(-93,439,3)
(-54,476,-84)
(-51,455,-129)
(-69,409,-135)
(-81,375,-145)
(-95,341,-129)
(-113,319,-113)
(-127,321,-91)
(-134,342,-40)
(-120,402,-18)
(-92,444,-68)
(-51,433,-115)
(-56,408,-150)
(-81,369,-133)
(-121,329,-109)
(-114,302,-92)
(-146,272,12)
(-149,295,31)
(-103,421,21)
(-87,449,-51)
(-97,411,-81)
(-126,336,-60)
(-140,302,-46)
(-129,183,3)
(-116,190,56)
(-114,200,66)
(-133,297,63)
(-137,313,59)
(-144,278,24)
(-114,182,52)
(-69,115,71)
(-52,106,80)
(-49,137,129)
(-94,216,142)
(-90,236,142)
(-96,188,126)
(-16,106,120)
(49,77,119)
(50,84,124)
(10,116,146)
(-17,155,161)
(-24,156,174)
(2,112,166)
(84,72,108)
(120,56,66)
(111,37,41)
(103,43,39)
(40,54,60)
(15,69,81)
(31,63,87)
(85,39,41)
(116,40,-8)
(107,45,-35)
(92,48,-32)
(26,46,-34)
(-15,75,-39)
(-19,73,-39)
(-62,106,-42)
(-69,107,-53)
(-106,182,-86)
(-123,221,-93)
(-133,247,-81)
(-144,290,-70)
(-144,316,-50)
(-140,340,-54)
(-137,347,-37)
(-147,351,-33)
(-143,341,-43)
(-143,305,-65)
(-139,283,-65)
(-119,191,-65)
(-83,127,-43)
(-42,74,2)
(9,61,57)
(31,71,113)
(30,86,138)
(35,135,201)
(7,191,211)
(-9,203,219)
(-42,280,204)
(-61,297,201)
(-74,380,156)
(-75,427,113)
(-81,445,89)
(-97,459,41)
(-91,457,19)
(-74,474,-40)
(-50,472,-88)
(-42,468,-120)
(-25,461,-151)
(-19,455,-165)
(26,434,-198)
(56,422,-214)
(125,401,-229)
(162,390,-224)
(175,385,-225)
(201,399,-209)
(175,405,-221)
(129,411,-229)
(96,414,-216)
(-3,427,-189)
(-18,412,-174)
(-99,405,-95)
(-126,368,-22)
(-133,353,47)
(-121,331,97)
(-118,326,116)
(-82,278,172)
(-77,263,183)
(-91,279,169)
(-92,286,154)
(-117,343,105)
(-118,360,78)
(-125,403,-13)
(-96,430,-74)
(-84,444,-100)
(1,463,-169)
(29,459,-175)
(110,468,-186)
(134,452,-196)
(131,463,-195)
(65,481,-177)
(-8,476,-140)
(-62,470,-84)
(-87,453,-71)
(-120,400,36)
(-118,344,94)
(-118,334,112)
(-84,280,180)
(-57,249,199)
(-34,236,206)
(-28,234,216)
(-26,226,210)
(-44,244,204)
(-62,254,194)
(-111,299,133)
(-117,313,119)
(-132,366,56)
(-120,396,42)
(-120,396,40)
(-94,434,-46)
(-66,454,-112)
(-11,445,-159)
(3,455,-175)
(120,448,-202)
(193,447,-191)
(211,435,-177)
(251,437,-145)
(252,436,-150)
(252,440,-168)
(239,427,-159)
(156,434,-214)
(57,433,-203)
(-32,428,-176)
(-66,404,-138)
(-140,348,-12)
(-128,330,82)
(-116,322,118)
(-81,273,181)
(-48,228,198)
(-27,191,199)
(-8,148,184)
(-4,122,158)
(-7,115,151)
(4,94,114)
(-1,75,79)
(-8,74,70)
(-22,70,6)
(-25,79,-13)
(-44,112,-78)
(-57,147,-123)
(-65,197,-151)
(-83,255,-149)
(-108,294,-150)
(-102,318,-140)
(-101,353,-129)
(-100,334,-138)
(-101,239,-129)
(-73,139,-89)
(-29,73,-11)
(4,70,80)
(9,77,109)
(-5,167,193)
(-61,223,193)
(-86,312,164)
(-95,331,153)
(-105,393,111)
(-98,398,96)
(-111,401,63)
(-122,392,54)
(-127,375,51)
(-127,363,51)
(-132,320,78)
(-136,326,86)
(-124,312,102)
(-127,323,115)
(-121,321,105)
(-119,367,101)
(-115,401,65)
(-115,419,61)
(-90,458,-10)
(-75,473,-41)
(-73,479,-49)
(-73,471,-37)
(-92,460,-16)
(-102,436,52)
(-100,408,76)
(-92,462,6)
(-75,489,-39)
(44,508,-140)
(28,504,-130)
(12,494,-124)
(-77,471,-37)
(-91,447,43)
(-79,453,97)
(-75,449,93)
(-89,459,33)
(-57,475,-91)
(4,482,-150)
(5,483,-163)
(-74,454,-76)
(-102,442,-16)
(-71,433,123)
(-77,427,125)
(-80,436,104)
(-94,450,74)
(-34,464,-128)
(39,481,-175)
(133,489,-177)
(207,489,-147)
(226,482,-132)
(233,477,-133)
(210,478,-154)
(52,456,-194)
(-37,411,-163)
(-70,390,-152)
(-135,293,-87)
(-129,227,-57)
(-117,173,-23)
(-109,163,-17)
(-64,110,54)
(-56,102,82)
(-41,115,99)
(-39,99,101)
(-33,97,109)
(-50,106,90)
(-58,108,96)
(-66,114,92)
(-70,122,90)
(-87,155,97)
(-86,164,108)
(-89,205,127)
(-85,219,135)
(-74,198,146)
(-21,117,145)
(11,95,141)
(33,79,111)
(51,69,111)
(55,51,59)
(60,46,30)
(58,46,18)
(60,44,8)
(62,42,-14)
(70,48,-12)
(77,45,-11)
(62,40,-34)
(89,49,-5)
(105,41,17)
(185,69,111)
(242,134,152)
(237,143,149)
(187,97,143)
(86,54,98)
(18,54,12)
(-7,61,-31)
(33,45,7)
(129,41,43)
(174,50,46)
(248,114,-34)
(265,137,-83)
(261,171,-125)
(246,192,-150)
(233,227,-175)
(231,237,-185)
(221,249,-187)
(216,246,-194)
(215,227,-185)
(242,174,-138)
(243,151,-123)
(238,142,-128)
(216,132,-132)
(195,133,-137)
(204,124,-132)
(216,102,-90)
(209,79,-41)
(205,73,-15)
(175,59,89)
(174,64,120)
(117,141,215)
(85,205,251)
(77,241,253)
(53,303,257)
(40,336,250)
(35,349,253)
(4,356,240)
(-2,348,242)
(-33,297,215)
(-55,243,201)
(-68,230,194)
(-94,174,96)
(-99,151,53)
(-95,153,49)
(-75,125,71)
(-61,123,107)
(-50,124,118)
(-59,119,115)
(-51,125,121)
(-47,127,131)
(-41,117,127)
(-15,115,141)
(-12,120,146)
