(-247,45,-301)
(-248,50,-300)
(-247,53,-303)
(-238,48,-298)
(-245,45,-303)
(-247,49,-299)
(-248,50,-304)
(-245,59,-305)
(-246,52,-302)
(-245,55,-307)
(-249,53,-303)
(-248,56,-306)
(-256,58,-308)
(-255,53,-311)
(-257,55,-305)
(-259,65,-311)
(-263,67,-315)
(-271,89,-305)
(-282,100,-300)
(-292,112,-298)
(-305,139,-315)
(-303,159,-325)
(-295,177,-341)
(-289,197,-367)
(-277,219,-399)
(-254,240,-422)
(-246,250,-448)
(-221,253,-463)
(-201,253,-483)
(-192,264,-496)
(-145,251,-513)
(-128,254,-516)
(-101,261,-531)
(-80,266,-524)
(-49,265,-527)
(-29,265,-537)
(-4,260,-526)
(27,255,-521)
(56,236,-516)
(82,224,-508)
(102,202,-478)
(115,197,-477)
(120,184,-464)
(126,168,-450)
(127,137,-437)
(113,95,-429)
(96,54,-416)
(72,34,-410)
(66,18,-394)
(41,7,-389)
(22,2,-380)
(18,-8,-368)
(4,-18,-364)
(19,-5,-373)
(27,5,-397)
(38,12,-408)
(62,42,-424)
(75,69,-435)
(85,91,-447)
(92,132,-460)
(80,180,-484)
(87,209,-495)
(75,261,-497)
(46,296,-506)
(-10,334,-504)
(-55,341,-497)
(-103,329,-501)
(-130,316,-500)
(-164,288,-502)
(-197,263,-495)
(-215,233,-481)
(-233,213,-465)
(-247,199,-437)
(-262,186,-430)
(-265,157,-407)
(-270,144,-396)
(-269,115,-375)
(-270,84,-360)
(-258,60,-340)
(-245,49,-321)
(-236,30,-314)
(-217,23,-303)
(-201,19,-297)
(-191,-1,-283)
(-167,-5,-279)
(-158,-12,-282)
(-149,-13,-289)
(-129,-15,-297)
(-108,-16,-302)
(-91,-19,-313)
(-84,-26,-316)
(-73,-27,-329)
(-87,-19,-315)
(-107,-15,-303)
(-130,-16,-282)
(-160,-14,-262)
(-176,4,-252)
(-209,23,-247)
(-235,39,-243)
(-258,64,-246)
(-280,92,-252)
(-299,129,-265)
(-308,168,-292)
(-319,185,-299)
(-304,220,-340)
(-297,249,-353)
(-277,291,-387)
(-260,300,-406)
(-236,314,-432)
(-226,314,-434)
(-206,306,-468)
(-185,297,-485)
(-174,296,-476)
(-184,280,-494)
(-183,275,-493)
(-213,267,-469)
(-224,264,-462)
(-248,228,-438)
(-251,183,-417)
(-261,159,-429)
(-252,126,-408)
(-262,124,-398)
(-264,114,-394)
(-263,103,-381)
(-265,97,-373)
(-270,90,-360)
(-261,91,-355)
(-263,87,-357)
(-251,79,-363)
(-239,77,-369)
(-225,67,-381)
(-223,53,-373)
(-220,48,-364)
(-228,56,-354)
(-240,58,-326)
(-256,68,-312)
(-282,100,-296)
(-304,148,-290)
(-309,187,-297)
(-305,217,-329)
(-299,237,-329)
(-300,254,-362)
(-281,265,-379)
(-272,268,-400)
(-258,272,-420)
(-237,275,-431)
(-228,274,-454)
(-213,271,-457)
(-210,286,-468)
(-206,282,-470)
(-211,285,-469)
(-217,289,-469)
(-207,285,-469)
(-195,275,-483)
(-182,252,-494)
(-157,241,-507)
(-141,209,-525)
(-131,171,-517)
(-121,143,-521)
(-107,127,-517)
(-106,108,-512)
(-116,94,-504)
(-117,77,-493)
(-105,57,-487)
(-106,44,-470)
(-96,24,-462)
(-117,15,-449)
(-112,20,-434)
(-124,2,-428)
(-121,-5,-413)
(-127,-23,-407)
(-130,-16,-392)
(-136,-16,-386)
(-158,-12,-370)
(-163,-21,-367)
(-165,-17,-357)
(-176,-14,-356)
(-152,-32,-346)
(-131,-39,-333)
(-132,-42,-318)
(-145,-31,-311)
(-149,-41,-299)
(-142,-38,-284)
(-148,-38,-280)
(-153,-35,-257)
(-159,-35,-243)
(-150,-28,-228)
(-160,-22,-214)
(-155,-15,-203)
(-168,-10,-188)
(-170,-2,-176)
(-165,9,-161)
(-161,9,-155)
(-163,17,-145)
(-163,21,-131)
(-166,38,-118)
(-149,39,-105)
(-152,50,-96)
(-151,53,-91)
(-142,62,-80)
(-135,81,-65)
(-130,88,-50)
(-121,99,-33)
(-110,106,-34)
(-105,115,-29)
(-87,119,-21)
(-80,118,-16)
(-83,115,-19)
(-78,102,-22)
(-84,74,-48)
(-91,67,-53)
(-92,36,-82)
(-98,36,-88)
(-101,9,-97)
(-79,-5,-125)
(-50,-22,-158)
(-47,-41,-201)
(-32,-48,-236)
(-24,-42,-272)
(-23,-37,-307)
(-4,-28,-328)
(-7,-23,-363)
(9,1,-399)
(6,32,-442)
(0,72,-478)
(-1,107,-503)
(-10,112,-510)
(-34,156,-524)
(-65,175,-529)
(-67,183,-531)
(-66,172,-534)
(-61,171,-521)
(-39,175,-525)
(-13,171,-529)
(21,191,-513)
(36,200,-510)
(29,189,-507)
(28,184,-516)
(-8,184,-528)
(-21,185,-525)
(-88,186,-532)
(-182,174,-496)
(-238,198,-466)
(-253,205,-437)
(-284,232,-382)
(-296,240,-364)
(-306,246,-334)
(-310,276,-300)
(-301,285,-265)
(-289,305,-227)
(-270,328,-178)
(-251,345,-155)
(-233,347,-137)
(-197,365,-99)
(-182,354,-88)
(-157,349,-71)
(-145,339,-49)
(-134,316,-28)
(-122,308,-26)
(-114,278,-4)
(-91,249,7)
(-78,230,10)
(-76,194,4)
(-70,172,4)
(-55,159,-1)
(-56,144,-2)
(-52,130,-10)
(-32,116,-12)
(-35,105,-27)
(-30,98,-26)
(-34,100,-24)
(-40,108,-26)
(-43,109,-13)
(-56,126,-20)
(-86,140,-14)
(-96,144,-2)
(-127,177,-15)
(-127,221,-3)
(-138,246,-14)
(-130,318,-34)
(-141,361,-59)
(-140,410,-100)
(-136,434,-154)
(-142,452,-212)
(-144,454,-224)
(-154,464,-262)
(-150,462,-262)
(-156,456,-256)
(-164,454,-240)
(-163,439,-213)
(-158,444,-202)
(-164,412,-142)
(-167,405,-115)
(-163,361,-75)
(-163,317,-41)
(-153,311,-37)
(-153,265,-15)
(-148,244,-20)
(-151,213,-9)
(-165,173,-19)
(-169,151,-41)
(-172,136,-46)
(-178,120,-52)
(-187,125,-59)
(-176,126,-42)
(-183,137,-39)
(-175,139,-33)
(-172,170,-24)
(-179,205,-21)
(-175,231,-29)
(-190,276,-36)
(-200,322,-70)
(-188,362,-94)
(-181,377,-105)
(-184,396,-130)
(-199,407,-159)
(-191,417,-183)
(-185,421,-199)
(-180,424,-216)
(-190,428,-238)
(-194,436,-260)
(-193,437,-285)
(-197,433,-295)
(-195,431,-317)
(-202,426,-324)
(-201,413,-339)
(-198,410,-362)
(-201,403,-369)
(-201,401,-377)
(-202,400,-384)
(-202,394,-382)
(-201,387,-395)
(-207,381,-393)
(-206,388,-394)
(-197,385,-409)
(-210,380,-410)
(-201,373,-415)
(-198,362,-420)
(-197,365,-423)
(-196,354,-434)
(-199,355,-425)
(-197,361,-431)
(-198,360,-436)
(-203,349,-441)
(-200,352,-436)
(-197,351,-447)
(-204,352,-440)
(-195,353,-441)
(-204,352,-428)
(-202,358,-436)
(-210,354,-432)
(-212,368,-420)
(-213,371,-413)
(-214,366,-414)
(-213,369,-403)
(-215,375,-395)
(-214,382,-380)
(-222,380,-378)
(-225,391,-373)
(-226,384,-344)
(-229,387,-331)
(-238,378,-308)
(-249,379,-281)
(-267,369,-251)
(-264,346,-240)
(-287,331,-225)
(-293,307,-211)
(-296,282,-220)
(-300,272,-234)
(-305,269,-231)
(-311,265,-223)
(-302,270,-224)
(-295,277,-217)
(-303,277,-229)
(-295,293,-223)
(-284,306,-226)
(-284,330,-232)
(-269,349,-257)
(-261,377,-281)
(-253,373,-299)
(-252,376,-324)
(-248,366,-344)
(-245,359,-383)
(-231,357,-399)
(-217,355,-403)
(-218,352,-418)
(-215,351,-433)
(-216,342,-442)
(-199,327,-453)
(-199,329,-457)
(-195,319,-463)
(-199,319,-467)
(-207,317,-453)
(-210,320,-444)
(-219,323,-429)
(-233,321,-427)
(-233,337,-413)
(-242,334,-396)
(-253,333,-371)
(-260,330,-356)
(-270,338,-336)
(-268,328,-310)
(-287,323,-299)
(-294,324,-280)
(-294,318,-278)
(-293,307,-267)
(-291,299,-265)
(-299,293,-253)
(-301,287,-253)
(-307,275,-249)
(-306,262,-252)
(-305,271,-253)
(-312,256,-256)
(-317,237,-253)
(-309,219,-269)
(-314,220,-258)
(-310,198,-264)
(-315,191,-271)
(-318,172,-258)
(-320,172,-254)
(-320,172,-242)
(-313,193,-207)
(-309,231,-167)
(-297,265,-155)
(-276,304,-176)
(-271,337,-165)
(-245,369,-179)
(-239,377,-193)
(-237,399,-229)
(-229,403,-241)
(-233,399,-259)
(-250,390,-284)
(-257,365,-267)
(-283,325,-255)
(-299,299,-241)
(-308,278,-244)
(-318,208,-274)
(-317,187,-289)
(-310,192,-290)
(-308,212,-288)
(-321,233,-265)
(-318,236,-284)
(-314,250,-288)
(-314,238,-264)
(-305,235,-249)
(-316,224,-252)
(-313,217,-243)
(-310,208,-242)
(-315,215,-241)
(-319,211,-241)
(-313,223,-247)
(-315,241,-261)
(-317,237,-275)
(-306,242,-284)
(-306,236,-284)
(-316,240,-288)
(-308,234,-264)
(-308,226,-250)
(-314,218,-240)
(-314,224,-242)
(-316,220,-242)
(-312,236,-246)
(-310,252,-274)
(-306,254,-280)
(-309,253,-293)
(-319,249,-289)
(-302,240,-288)
(-311,249,-279)
(-319,245,-275)
(-311,249,-251)
(-312,238,-244)
(-309,239,-239)
(-312,232,-250)
(-315,223,-231)
(-316,224,-248)
(-312,214,-240)
(-310,216,-242)
(-315,215,-239)
(-309,215,-245)
(-311,241,-249)
(-305,267,-271)
(-309,261,-291)
(-312,256,-298)
(-303,255,-303)
(-309,249,-293)
(-307,257,-297)
(-310,262,-292)
(-312,252,-250)
(-305,249,-257)
(-310,252,-238)
(-316,244,-238)
(-317,247,-237)
(-310,250,-248)
(-302,292,-270)
(-302,294,-262)
(-291,307,-275)
(-300,292,-258)
(-313,279,-247)
(-311,229,-243)
(-307,229,-223)
(-313,219,-231)
(-313,205,-223)
(-313,209,-221)
(-304,236,-236)
(-319,257,-243)
(-294,260,-246)
(-315,269,-239)
(-313,269,-247)
(-307,239,-241)
(-311,245,-253)
(-311,233,-259)
(-319,223,-271)
(-311,197,-291)
(-314,192,-300)
(-305,175,-315)
(-298,148,-332)
(-301,137,-323)
(-286,130,-330)
(-285,111,-325)
(-276,84,-320)
(-279,83,-323)
(-255,67,-319)
(-251,49,-319)
(-241,45,-317)
(-217,29,-319)
(-201,19,-325)
(-198,10,-326)
(-184,2,-332)
(-174,4,-340)
(-153,3,-333)
(-149,-5,-347)
(-140,-2,-352)
(-142,-6,-364)
(-132,-2,-376)
(-129,1,-375)
(-126,8,-388)
(-133,9,-391)
(-121,11,-395)
(-117,15,-409)
(-123,23,-417)
(-126,22,-422)
(-130,32,-438)
(-116,42,-450)
(-122,56,-450)
(-129,65,-471)
(-137,87,-481)
(-142,100,-488)
(-148,126,-500)
(-153,141,-495)
(-158,154,-504)
(-162,180,-508)
(-157,197,-515)
(-171,205,-511)
(-175,231,-511)
(-174,234,-506)
(-179,253,-507)
(-177,247,-509)
(-180,258,-498)
(-192,240,-508)
(-195,221,-499)
(-200,200,-500)
(-196,174,-492)
(-188,136,-480)
(-188,128,-482)
(-173,81,-461)
(-159,51,-441)
(-152,32,-418)
(-136,22,-414)
(-128,6,-360)
(-128,-14,-332)
(-119,-19,-295)
(-133,-17,-271)
(-128,-12,-238)
(-134,-2,-220)
(-153,5,-193)
(-163,11,-183)
(-177,29,-157)
(-188,50,-148)
(-208,64,-134)
(-228,88,-134)
(-246,104,-136)
(-265,143,-147)
(-288,154,-170)
(-283,167,-183)
(-302,182,-194)
(-305,183,-209)
(-307,183,-211)
(-306,160,-214)
(-313,171,-209)
(-290,154,-188)
(-284,138,-186)
(-270,124,-172)
(-265,125,-175)
(-256,102,-156)
(-261,99,-159)
(-247,87,-159)
(-232,82,-164)
(-231,69,-165)
(-220,48,-180)
(-208,42,-176)
(-204,28,-198)
(-198,22,-210)
(-208,28,-216)
(-217,35,-211)
(-224,44,-210)
(-255,69,-211)
(-269,91,-215)
(-276,98,-222)
(-286,118,-226)
(-281,111,-219)
(-265,95,-211)
(-262,80,-208)
(-242,64,-200)
(-229,53,-183)
(-234,50,-196)
(-239,57,-189)
(-247,69,-197)
(-253,81,-209)
(-281,113,-207)
(-279,131,-201)
(-288,132,-190)
(-276,126,-186)
(-272,108,-196)
(-258,82,-200)
(-254,66,-210)
(-256,66,-208)
(-246,58,-212)
(-256,76,-208)
(-262,78,-216)
(-277,119,-215)
(-289,133,-223)
(-299,149,-225)
(-298,138,-238)
(-290,110,-226)
(-278,106,-220)
(-266,80,-204)
(-250,70,-196)
(-256,76,-186)
(-263,93,-197)
(-279,119,-211)
(-287,139,-205)
(-302,192,-212)
(-308,230,-220)
(-304,242,-224)
(-303,231,-217)
(-299,171,-213)
(-284,120,-202)
(-263,77,-209)
(-262,68,-200)
(-249,71,-215)
(-270,72,-236)
(-281,99,-239)
(-290,122,-240)
(-303,149,-251)
(-311,185,-269)
(-312,202,-270)
(-302,240,-292)
(-305,247,-301)
(-298,240,-330)
(-295,241,-337)
(-293,259,-363)
(-281,287,-387)
(-263,289,-395)
(-260,302,-392)
(-240,282,-444)
(-224,234,-470)
(-200,178,-476)
(-201,133,-469)
(-195,117,-477)
(-186,128,-476)
(-205,149,-477)
(-213,179,-469)
(-233,231,-465)
(-216,238,-472)
(-199,233,-485)
(-166,182,-496)
(-158,162,-498)
(-155,109,-473)
(-137,69,-457)
(-130,62,-444)
(-112,42,-444)
(-116,50,-460)
(-121,75,-475)
(-141,111,-489)
(-176,138,-488)
(-177,141,-481)
(-173,141,-481)
(-158,100,-464)
(-151,67,-437)
(-162,14,-380)
(-157,5,-339)
(-155,3,-339)
(-123,1,-355)
(-70,-2,-394)
(-25,29,-435)
(12,86,-468)
(34,106,-476)
(69,143,-473)
(65,161,-481)
(56,154,-494)
(-17,133,-501)
(-30,118,-510)
(-152,76,-462)
(-214,78,-410)
(-249,79,-359)
(-268,94,-352)
(-296,120,-288)
(-290,134,-270)
(-298,202,-182)
(-276,236,-152)
(-259,259,-133)
(-250,274,-118)
(-232,286,-96)
(-221,291,-91)
(-216,300,-82)
(-199,307,-71)
(-195,305,-63)
(-195,293,-55)
(-195,289,-55)
(-192,286,-52)
(-195,305,-63)
(-193,319,-77)
(-196,322,-76)
(-216,308,-84)
(-231,273,-89)
(-247,247,-105)
(-250,232,-94)
(-259,197,-113)
(-266,182,-120)
(-259,187,-113)
(-265,195,-119)
(-253,225,-117)
(-254,246,-112)
(-260,292,-130)
(-264,308,-156)
(-270,298,-166)
(-282,264,-172)
(-282,232,-140)
(-270,216,-126)
(-272,220,-120)
(-261,229,-115)
(-261,269,-121)
(-255,327,-151)
(-261,323,-165)
(-276,310,-168)
(-267,277,-159)
(-267,245,-129)
(-261,227,-119)
(-271,223,-127)
(-273,239,-125)
(-267,257,-129)
(-268,284,-146)
(-265,303,-169)
(-274,290,-172)
(-272,266,-156)
(-272,234,-134)
(-272,218,-130)
(-270,206,-130)
(-270,222,-130)
(-264,236,-126)
(-280,314,-188)
(-283,293,-189)
(-284,276,-182)
(-282,248,-164)
(-274,230,-146)
(-265,231,-135)
(-272,206,-124)
(-271,217,-119)
(-271,257,-129)
(-264,302,-142)
(-266,312,-168)
(-266,344,-200)
(-273,345,-211)
(-279,315,-211)
(-281,297,-201)
(-277,273,-165)
(-284,256,-154)
(-264,210,-114)
(-247,181,-101)
(-238,162,-102)
(-233,129,-103)
(-234,114,-110)
(-236,102,-134)
(-239,93,-137)
(-239,103,-137)
(-241,113,-129)
(-242,110,-118)
(-245,157,-99)
(-244,202,-98)
(-244,226,-102)
(-255,245,-105)
(-255,291,-131)
(-253,307,-141)
(-261,343,-183)
(-255,351,-213)
(-257,361,-251)
(-266,368,-286)
(-265,363,-281)
(-266,360,-272)
(-265,355,-253)
(-265,351,-241)
(-268,342,-204)
(-271,291,-167)
(-276,252,-128)
(-269,205,-115)
(-269,191,-113)
(-254,146,-126)
(-252,126,-122)
(-243,121,-133)
(-248,124,-126)
(-257,135,-115)
(-253,147,-115)
(-263,189,-111)
(-262,238,-112)
(-265,257,-129)
(-271,271,-139)
(-277,301,-165)
(-276,326,-196)
(-278,336,-222)
(-274,334,-242)
(-284,330,-278)
(-281,331,-273)
(-274,322,-270)
(-288,324,-270)
(-287,319,-249)
(-293,319,-239)
(-280,296,-214)
(-290,258,-172)
(-294,230,-158)
(-279,197,-149)
(-274,168,-138)
(-265,143,-125)
(-263,121,-131)
(-255,123,-133)
(-259,129,-125)
(-261,137,-127)
(-261,161,-117)
(-262,196,-112)
(-270,202,-114)
(-265,251,-127)
(-267,273,-133)
(-266,270,-144)
(-269,295,-153)
(-267,303,-167)
(-275,309,-183)
(-274,322,-202)
(-278,330,-218)
(-273,337,-235)
(-275,339,-235)
(-271,335,-237)
(-281,333,-219)
(-274,314,-190)
(-270,292,-152)
(-273,283,-143)
(-260,238,-108)
(-255,221,-99)
(-246,194,-92)
(-245,173,-83)
(-241,161,-93)
(-229,133,-93)
(-226,126,-94)
(-225,127,-93)
(-214,128,-92)
(-216,148,-78)
(-218,152,-76)
(-213,175,-69)
(-217,187,-75)
(-220,240,-70)
(-219,277,-75)
(-216,300,-86)
(-212,346,-110)
(-218,346,-126)
(-221,383,-171)
(-220,388,-190)
(-232,402,-230)
(-233,401,-255)
(-242,392,-258)
(-242,392,-262)
(-250,394,-254)
(-240,386,-242)
(-238,384,-230)
(-242,378,-214)
(-238,362,-164)
(-244,344,-142)
(-223,327,-101)
(-225,309,-93)
(-241,261,-77)
(-230,254,-76)
(-224,208,-74)
(-226,180,-62)
(-225,177,-71)
(-212,156,-66)
(-207,147,-71)
(-215,147,-65)
(-205,159,-61)
(-209,171,-67)
(-222,208,-64)
(-225,227,-63)
(-227,269,-71)
(-238,284,-88)
(-234,330,-116)
(-241,345,-139)
(-235,373,-173)
(-244,374,-182)
(-237,397,-231)
(-235,399,-255)
(-235,405,-277)
(-240,396,-306)
(-236,392,-302)
(-237,409,-283)
(-227,401,-255)
(-233,395,-239)
(-234,380,-198)
(-236,358,-152)
(-237,331,-113)
(-235,303,-91)
(-224,262,-72)
(-229,225,-65)
(-219,203,-67)
(-225,181,-67)
(-219,175,-75)
(-203,167,-63)
(-195,179,-51)
(-195,171,-53)
(-194,188,-44)
(-187,203,-41)
(-185,255,-49)
(-182,296,-50)
(-177,359,-93)
(-191,379,-113)
(-177,423,-175)
(-181,439,-237)
(-175,435,-295)
(-185,433,-329)
(-196,424,-328)
(-195,431,-311)
(-201,427,-295)
(-202,424,-246)
(-214,396,-178)
(-208,380,-142)
(-207,311,-69)
(-194,292,-58)
(-176,226,-38)
(-163,179,-35)
(-147,131,-39)
(-127,105,-37)
(-123,101,-47)
(-124,102,-50)
(-124,106,-40)
(-122,144,-20)
(-128,200,-20)
(-130,224,-18)
(-146,326,-54)
(-151,381,-91)
(-153,419,-147)
(-163,429,-175)
(-174,442,-194)
(-163,433,-197)
(-169,429,-189)
(-164,428,-180)
(-158,432,-166)
(-159,433,-161)
(-162,426,-158)
(-152,418,-136)
(-162,412,-128)
(-153,407,-121)
(-143,403,-119)
(-151,403,-113)
(-152,400,-102)
(-143,401,-103)
(-143,397,-103)
(-124,396,-98)
(-128,392,-94)
(-134,398,-98)
(-128,404,-98)
(-129,405,-99)
(-116,400,-94)
(-115,401,-101)
(-122,398,-100)
(-119,403,-105)
(-125,401,-105)
(-113,403,-105)
(-117,401,-97)
(-113,399,-103)
(-120,398,-106)
(-112,398,-94)
(-113,387,-77)
(-101,373,-71)
(-96,372,-66)
(-92,334,-44)
(-88,282,-20)
(-91,249,1)
(-90,218,-10)
(-98,204,-8)
(-115,207,-7)
(-131,217,-19)
(-139,263,-21)
(-136,282,-32)
(-157,355,-75)
(-180,388,-124)
(-184,416,-184)
(-183,419,-209)
(-196,436,-286)
(-189,425,-305)
(-195,429,-301)
(-187,441,-257)
(-180,428,-206)
(-174,424,-180)
(-149,375,-81)
(-132,324,-44)
(-120,298,-28)
(-98,240,-10)
(-83,197,-5)
(-63,151,-13)
(-54,134,-24)
(-50,124,-26)
(-51,123,-33)
(-47,115,-33)
(-50,116,-20)
(-55,141,-15)
(-60,152,-12)
(-56,198,-8)
(-69,249,-11)
(-67,313,-23)
(-82,368,-54)
(-77,411,-99)
(-80,428,-116)
(-78,464,-170)
(-80,462,-198)
(-78,472,-244)
(-85,479,-247)
(-81,469,-245)
(-83,471,-219)
(-72,462,-192)
(-78,452,-154)
(-69,449,-145)
(-52,408,-86)
(-39,357,-45)
(-24,304,-24)
(-32,248,-2)
(-36,194,-2)
(-26,182,0)
(-40,144,-14)
(-48,114,-26)
(-59,77,-49)
(-62,76,-58)
(-71,63,-71)
(-81,61,-65)
(-74,80,-62)
(-64,94,-50)
(-53,103,-37)
(-48,148,-12)
(-26,216,-20)
(-26,256,-18)
(-26,346,-48)
(-31,373,-61)
(-41,419,-109)
(-38,434,-120)
(-41,451,-159)
(-40,456,-174)
(-43,455,-167)
(-32,448,-156)
(-27,417,-111)
(-16,392,-82)
(-10,340,-28)
(-10,278,-16)
(-6,270,-10)
(-8,214,-10)
(-18,166,-20)
(-15,151,-15)
(-48,110,-26)
(-65,73,-53)
(-74,74,-54)
(-79,51,-69)
(-78,54,-72)
(-82,48,-72)
(-81,55,-63)
(-64,72,-46)
(-57,95,-41)
(-32,120,-18)
(-25,149,-19)
(-12,156,-16)
(-2,208,-12)
(6,232,-18)
(11,269,-17)
(8,284,-28)
(19,349,-47)
(12,360,-64)
(7,381,-81)
(8,406,-104)
(-2,416,-114)
(11,405,-103)
(5,391,-85)
(12,384,-78)
(8,348,-52)
(-6,334,-38)
(6,280,-16)
(-8,256,-6)
(-1,207,-1)
(-12,156,-8)
(-9,137,-21)
(-20,80,-42)
(-26,68,-60)
(-17,63,-59)
(-14,66,-60)
(1,95,-49)
(11,111,-43)
(7,157,-25)
(19,171,-11)
(26,226,-20)
(40,268,-28)
(38,282,-30)
(48,324,-56)
(58,344,-84)
(59,363,-93)
(63,375,-97)
(61,373,-91)
(58,362,-88)
(42,336,-62)
(34,304,-44)
(39,271,-35)
(36,254,-18)
(26,188,-20)
(29,147,-21)
(10,140,-30)
(11,99,-45)
(7,79,-57)
(-4,78,-60)
(-18,126,-28)
(-18,162,-14)
(-32,198,-10)
(-39,221,-23)
(-51,253,-13)
(-49,283,-19)
(-47,291,-15)
(-47,311,-19)
(-47,323,-33)
(-43,349,-41)
(-44,368,-48)
(-49,353,-51)
(-56,324,-18)
(-64,294,-12)
(-66,284,-12)
(-67,225,3)
(-63,197,-3)
(-58,156,-14)
(-56,124,-18)
(-45,113,-33)
(-38,100,-40)
(-26,84,-52)
(-38,86,-40)
(-45,81,-43)
(-34,70,-50)
(-35,57,-61)
(-38,58,-60)
(-40,44,-76)
(-32,28,-102)
(-21,27,-99)
(-15,11,-123)
(-12,8,-130)
(12,2,-162)
(24,-8,-178)
(25,-5,-177)
(24,-10,-180)
(18,-8,-176)
(7,-1,-141)
(-3,21,-123)
(-21,47,-71)
(-35,89,-37)
(-45,145,-21)
(-46,174,-2)
(-40,252,0)
(-37,269,-13)
(-34,352,-44)
(-21,371,-59)
(8,428,-118)
(34,456,-174)
(51,463,-217)
(53,459,-229)
(50,464,-294)
(47,439,-351)
(34,438,-374)
(10,436,-404)
(-1,441,-403)
(-29,465,-371)
(-70,474,-314)
(-95,467,-281)
(-134,450,-198)
(-154,404,-124)
(-166,352,-78)
(-159,307,-41)
(-150,252,-20)
(-144,204,-14)
(-138,196,-14)
(-132,144,-20)
(-141,121,-39)
(-145,117,-43)
(-149,113,-43)
(-149,131,-37)
(-186,182,-50)
(-202,240,-56)
(-212,274,-74)
(-232,330,-118)
(-239,365,-187)
(-243,383,-197)
(-243,383,-255)
(-248,382,-290)
(-259,355,-325)
(-256,354,-328)
(-266,356,-322)
(-277,341,-295)
(-280,330,-264)
(-276,328,-248)
(-277,301,-199)
(-281,293,-181)
(-280,262,-166)
(-277,225,-131)
(-270,176,-128)
(-267,139,-137)
(-253,111,-155)
(-247,91,-157)
(-243,85,-153)
(-233,55,-167)
(-233,61,-169)
(-218,50,-170)
(-226,52,-156)
(-233,55,-165)
(-235,71,-143)
(-249,101,-123)
(-252,138,-132)
(-251,169,-119)
(-261,207,-105)
(-265,229,-117)
(-266,240,-124)
(-267,269,-133)
(-270,294,-156)
(-270,320,-186)
(-272,330,-196)
(-278,334,-220)
(-280,312,-208)
(-275,311,-203)
(-288,298,-184)
(-294,288,-176)
(-281,259,-161)
(-287,219,-137)
(-268,174,-132)
(-266,148,-142)
(-253,113,-163)
(-263,111,-179)
(-263,79,-211)
(-270,62,-228)
(-269,69,-233)
(-268,78,-220)
(-263,91,-207)
(-278,104,-172)
(-261,117,-157)
(-262,148,-126)
(-252,172,-114)
(-242,232,-88)
(-250,238,-96)
(-251,285,-117)
(-251,315,-133)
(-258,330,-158)
(-261,351,-191)
(-257,353,-201)
(-264,352,-202)
(-269,331,-199)
(-280,302,-190)
(-287,271,-187)
(-289,247,-183)
(-286,196,-172)
(-275,143,-177)
(-269,99,-209)
(-259,59,-247)
(-246,48,-260)
(-236,38,-302)
(-222,38,-332)
(-222,34,-356)
(-223,37,-373)
(-214,42,-386)
(-209,53,-383)
(-227,35,-367)
(-234,38,-326)
(-236,32,-296)
(-229,25,-289)
(-235,35,-271)
(-243,51,-255)
(-258,74,-254)
(-277,101,-249)
(-282,118,-250)
(-285,137,-255)
(-300,134,-258)
(-291,137,-259)
(-289,129,-261)
(-296,130,-264)
(-282,118,-264)
(-279,97,-267)
(-264,80,-272)
(-258,56,-274)
(-228,26,-286)
(-198,8,-298)
(-192,2,-322)
(-184,2,-320)
(-167,-7,-339)
(-161,-17,-335)
(-138,-12,-360)
(-111,-13,-389)
(-77,7,-407)
(-36,22,-434)
(-22,32,-434)
(35,65,-445)
(55,81,-447)
(79,91,-445)
(79,97,-445)
(74,88,-448)
(42,78,-450)
(4,66,-458)
(-33,45,-463)
(-78,40,-450)
(-114,42,-440)
(-178,44,-422)
(-215,57,-389)
(-226,70,-380)
(-254,84,-360)
(-251,85,-355)
(-234,66,-382)
(-188,52,-404)
(-129,37,-437)
(-64,34,-446)
(-17,49,-457)
(-4,58,-458)
(23,83,-465)
(56,104,-462)
(67,127,-465)
(78,130,-468)
(84,148,-466)
(103,159,-461)
(110,154,-456)
(112,164,-454)
(106,168,-450)
(100,176,-448)
(105,167,-451)
(103,171,-457)
(96,194,-474)
(87,223,-485)
(80,238,-484)
(74,254,-480)
(70,260,-492)
(71,271,-491)
(61,303,-473)
(65,319,-471)
(62,360,-458)
(49,373,-455)
(48,388,-444)
(51,387,-425)
(42,416,-410)
(42,420,-400)
(39,429,-395)
(35,445,-371)
(36,450,-350)
(47,455,-341)
(40,448,-338)
(48,458,-334)
(46,456,-318)
(49,461,-315)
(37,457,-299)
(49,463,-273)
(54,464,-260)
(53,463,-245)
(53,471,-235)
(51,461,-237)
(59,463,-225)
(49,455,-217)
(53,461,-207)
(43,459,-195)
(46,466,-198)
(47,461,-193)
(38,458,-208)
(30,474,-230)
(27,469,-259)
(28,472,-308)
(29,451,-361)
(33,429,-415)
(35,369,-463)
(20,324,-498)
(25,313,-511)
(25,255,-515)
(23,207,-523)
(20,138,-496)
(26,116,-488)
(30,42,-438)
(25,7,-395)
(22,-14,-340)
(4,-24,-320)
(10,-32,-270)
(-5,-29,-219)
(-15,-27,-185)
(-25,-11,-163)
(-28,-6,-148)
(-32,-8,-140)
(-29,-5,-125)
(-28,4,-124)
(-18,6,-118)
(-10,24,-112)
(-26,28,-90)
(-22,32,-82)
(-19,31,-87)
(-19,33,-83)
(-22,32,-82)
(-6,42,-90)
(-12,38,-84)
(-7,31,-79)
(-9,33,-91)
(2,34,-96)
(-12,12,-108)
(-2,6,-134)
(12,-12,-150)
(5,-29,-221)
(10,-26,-280)
(8,-10,-344)
(4,8,-402)
(7,47,-453)
(16,86,-484)
(11,109,-491)
(9,147,-507)
(8,150,-500)
(3,155,-513)
(-28,130,-508)
(-83,117,-505)
(-150,120,-482)
(-196,124,-464)
(-246,152,-432)
(-257,167,-405)
(-279,175,-389)
(-293,201,-359)
(-296,220,-334)
(-301,283,-271)
(-292,294,-240)
(-296,316,-238)
(-281,333,-215)
(-272,336,-206)
(-284,342,-216)
(-288,300,-244)
(-305,269,-299)
(-292,232,-362)
(-263,179,-413)
(-214,144,-458)
(-167,123,-481)
(-106,94,-492)
(-35,83,-495)
(23,97,-481)
(21,99,-479)
(-5,93,-485)
(-67,95,-499)
(-121,105,-489)
(-193,127,-473)
(-252,150,-420)
(-297,203,-357)
(-300,258,-274)
(-295,299,-205)
(-267,331,-173)
(-233,355,-153)
(-230,360,-138)
(-201,373,-123)
(-194,374,-116)
(-200,372,-124)
(-205,375,-127)
(-217,373,-133)
(-242,354,-170)
(-296,332,-238)
(-289,305,-273)
(-295,255,-335)
(-296,240,-364)
(-265,199,-427)
(-205,159,-467)
(-147,149,-505)
(-80,134,-510)
(-15,123,-503)
(31,127,-499)
(48,132,-482)
(71,149,-483)
(95,161,-459)
(103,165,-467)
(90,168,-472)
(81,149,-473)
(41,137,-491)
(24,138,-488)
(6,116,-502)
(-20,120,-502)
(-50,114,-510)
(-108,124,-506)
(-170,142,-494)
(-212,166,-468)
(-236,188,-448)
(-249,191,-433)
(-255,185,-435)
(-209,157,-467)
(-165,135,-491)
(-94,114,-502)
(-51,105,-499)
(-10,104,-494)
(14,108,-498)
(33,115,-483)
(33,125,-487)
(38,138,-490)
(16,124,-494)
(-5,115,-509)
(-36,118,-512)
(-66,124,-504)
(-109,127,-505)
(-123,125,-511)
(-165,137,-495)
(-190,142,-480)
(-214,162,-458)
(-227,161,-447)
(-236,162,-440)
(-229,147,-445)
(-195,121,-471)
(-153,105,-475)
(-89,91,-499)
(-29,89,-489)
(19,97,-479)
(44,114,-476)
(64,126,-472)
(50,130,-482)
(-7,111,-489)
(-69,99,-503)
(-141,113,-491)
(-208,140,-472)
(-251,159,-425)
(-286,204,-372)
(-308,238,-310)
(-302,256,-290)
(-297,271,-273)
(-310,260,-290)
(-302,232,-334)
(-275,205,-385)
(-221,145,-455)
(-158,104,-488)
(-67,91,-495)
(18,100,-478)
(50,118,-466)
(56,132,-488)
(26,134,-488)
(-22,132,-504)
(-85,131,-509)
(-152,146,-492)
(-182,160,-490)
(-238,186,-456)
(-265,211,-407)
(-295,247,-355)
(-287,295,-289)
(-289,313,-253)
(-287,317,-257)
(-294,296,-290)
(-287,263,-353)
(-287,253,-377)
(-242,194,-460)
(-174,168,-494)
(-136,160,-510)
(-82,160,-520)
(-28,160,-520)
(-15,179,-517)
(-13,169,-513)
(-10,186,-522)
(-12,180,-524)
(-39,173,-529)
(-74,178,-532)
(-94,180,-520)
(-132,184,-516)
(-176,190,-504)
(-202,202,-480)
(-243,215,-451)
(-262,232,-420)
(-276,264,-392)
(-286,268,-368)
(-284,282,-368)
(-281,281,-365)
(-285,283,-363)
(-266,254,-408)
(-233,221,-461)
(-164,188,-510)
(-110,168,-514)
(-37,157,-527)
(-27,151,-511)
(-14,166,-516)
(-45,159,-519)
(-74,168,-528)
(-135,183,-513)
(-197,213,-497)
(-237,249,-455)
(-271,277,-405)
(-283,305,-357)
(-280,344,-306)
(-251,381,-267)
(-228,402,-258)
(-234,408,-248)
(-238,394,-266)
(-265,361,-315)
(-248,276,-432)
(-203,223,-481)
(-161,203,-507)
(-141,199,-523)
(-109,199,-519)
(-106,200,-526)
(-169,219,-505)
(-218,258,-466)
(-267,285,-407)
(-284,310,-362)
(-274,338,-314)
(-251,373,-279)
(-226,404,-256)
(-212,424,-232)
(-221,417,-241)
(-253,381,-263)
(-272,340,-294)
(-275,317,-313)
(-287,261,-381)
(-262,208,-428)
(-244,196,-442)
(-201,151,-481)
(-207,143,-477)
(-247,185,-435)
(-295,219,-373)
(-297,283,-285)
(-285,325,-229)
(-253,353,-183)
(-214,394,-162)
(-169,423,-149)
(-142,426,-140)
(-159,429,-151)
(-214,398,-160)
(-265,347,-203)
(-303,285,-245)
(-306,234,-318)
(-298,218,-338)
(-251,163,-429)
(-192,120,-466)
(-196,126,-464)
(-239,143,-433)
(-302,188,-374)
(-310,244,-272)
(-274,300,-186)
(-219,355,-123)
(-164,378,-94)
(-140,380,-82)
(-139,353,-71)
(-166,314,-52)
(-197,271,-51)
(-244,218,-78)
(-252,196,-98)
(-269,145,-147)
(-271,101,-199)
(-265,67,-253)
(-246,56,-278)
(-243,49,-287)
(-235,37,-293)
(-228,32,-298)
(-209,23,-329)
(-188,18,-344)
(-160,10,-366)
(-141,3,-371)
(-120,2,-370)
(-101,7,-377)
(-79,1,-365)
(-65,1,-381)
(-56,2,-386)
(-35,9,-395)
(-14,16,-396)
(-17,13,-405)
(-1,35,-417)
(-1,59,-449)
(-13,57,-465)
(-12,86,-476)
(-27,107,-495)
(-38,128,-512)
(-60,152,-524)
(-55,163,-523)
(-74,186,-536)
(-88,206,-530)
(-99,209,-531)
(-111,235,-525)
(-111,239,-529)
(-118,254,-524)
(-133,269,-519)
(-142,268,-520)
(-144,292,-508)
(-154,304,-496)
(-136,292,-502)
(-145,277,-515)
(-143,247,-519)
(-170,192,-506)
(-160,160,-502)
(-144,126,-498)
(-116,102,-474)
(-108,84,-480)
(-86,42,-438)
(-82,-18,-344)
(-103,-11,-297)
(-119,-19,-233)
(-150,8,-186)
(-158,26,-158)
(-182,54,-140)
(-190,62,-132)
(-224,96,-124)
(-246,110,-124)
(-238,120,-120)
(-226,92,-136)
(-220,70,-152)
(-204,46,-172)
(-201,31,-205)
(-193,25,-213)
(-180,8,-242)
(-169,3,-277)
(-158,-2,-324)
(-148,8,-358)
(-146,22,-384)
(-155,41,-411)
(-161,59,-443)
(-170,92,-460)
(-167,127,-477)
(-178,134,-490)
(-164,150,-496)
(-169,175,-505)
(-177,197,-505)
(-172,222,-510)
(-174,252,-510)
(-169,281,-499)
(-174,314,-490)
(-168,336,-474)
(-174,358,-466)
(-182,360,-450)
(-170,366,-454)
(-187,363,-437)
(-191,343,-449)
(-212,286,-472)
(-224,204,-480)
(-190,118,-482)
(-175,91,-459)
(-153,43,-429)
(-157,11,-371)
(-141,-5,-339)
(-139,-15,-291)
(-144,-6,-252)
(-153,1,-219)
(-164,20,-188)
(-190,30,-166)
(-206,54,-160)
(-228,84,-154)
(-237,93,-149)
(-260,120,-170)
(-273,129,-181)
(-293,159,-205)
(-295,153,-207)
(-313,187,-227)
(-311,219,-247)
(-312,224,-266)
(-304,248,-290)
(-302,268,-316)
(-288,278,-330)
(-285,287,-355)
(-280,284,-366)
(-285,277,-361)
(-295,277,-343)
(-304,260,-328)
(-298,262,-304)
(-308,240,-262)
(-310,238,-254)
(-307,203,-237)
(-309,193,-211)
(-306,184,-202)
(-294,170,-198)
(-287,145,-197)
(-280,136,-196)
(-284,130,-190)
(-269,119,-201)
(-284,126,-198)
(-291,139,-213)
(-293,161,-215)
(-304,176,-230)
(-307,187,-237)
(-303,195,-233)
(-305,165,-235)
(-281,113,-225)
(-277,101,-213)
(-271,109,-225)
(-280,114,-224)
(-289,151,-223)
(-305,197,-239)
(-314,232,-258)
(-317,217,-267)
(-303,171,-247)
(-289,131,-245)
(-297,133,-233)
(-291,117,-229)
(-299,133,-227)
(-300,162,-232)
(-307,201,-235)
(-308,212,-254)
(-316,202,-270)
(-303,171,-265)
(-302,132,-246)
(-299,119,-239)
(-281,97,-239)
(-263,77,-233)
(-265,79,-249)
(-253,65,-255)
(-238,72,-274)
(-253,59,-293)
(-255,65,-305)
(-255,71,-315)
(-262,74,-318)
(-257,81,-303)
(-262,78,-310)
(-269,73,-303)
(-268,76,-302)
(-262,84,-304)
(-262,82,-314)
(-263,87,-315)
(-272,96,-320)
(-272,90,-330)
(-267,99,-333)
(-267,99,-335)
(-274,94,-332)
(-281,103,-331)
(-272,104,-340)
(-269,109,-339)
(-281,107,-345)
(-272,120,-350)
(-269,123,-351)
(-281,123,-349)
(-283,125,-361)
(-283,137,-351)
(-293,133,-357)
(-290,150,-360)
(-284,158,-360)
(-280,154,-384)
(-279,161,-385)
(-277,171,-389)
(-282,184,-396)
(-277,185,-397)
(-281,201,-393)
(-287,215,-385)
(-299,211,-369)
(-298,210,-352)
(-310,210,-328)
(-318,228,-294)
(-315,229,-239)
(-303,229,-189)
(-278,240,-134)
(-275,233,-113)
(-258,242,-102)
(-265,239,-105)
(-271,229,-105)
(-297,223,-149)
(-302,226,-174)
(-312,220,-208)
(-319,217,-243)
(-310,212,-260)
(-310,228,-252)
(-319,217,-263)
(-313,213,-245)
(-307,221,-205)
(-309,213,-185)
(-288,216,-148)
(-269,207,-127)
(-271,211,-107)
(-265,215,-93)
(-274,200,-122)
(-280,202,-138)
(-296,196,-158)
(-303,193,-187)
(-308,194,-190)
(-316,190,-204)
(-306,198,-214)
(-301,207,-197)
(-298,200,-172)
(-284,194,-142)
(-274,204,-128)
(-262,196,-118)
(-249,195,-105)
(-246,190,-88)
(-241,191,-89)
(-242,194,-82)
(-268,192,-108)
(-279,187,-143)
(-288,176,-172)
(-298,176,-182)
(-303,171,-221)
(-304,166,-238)
(-308,170,-232)
(-299,179,-203)
(-298,176,-176)
(-283,181,-139)
(-270,182,-126)
(-259,183,-111)
(-254,172,-100)
(-256,190,-94)
(-248,184,-108)
(-257,181,-109)
(-273,179,-147)
(-285,181,-161)
(-303,169,-191)
(-310,168,-206)
(-308,154,-242)
(-312,158,-250)
(-316,162,-230)
(-300,168,-214)
(-292,176,-178)
(-294,178,-164)
(-265,191,-127)
(-254,198,-100)
(-249,203,-93)
(-234,212,-86)
(-244,202,-92)
(-266,190,-110)
(-269,191,-125)
(-277,185,-145)
(-287,175,-165)
(-292,172,-192)
(-310,172,-218)
(-300,162,-254)
(-311,159,-277)
(-304,158,-284)
(-295,157,-285)
(-313,153,-269)
(-307,151,-239)
(-297,167,-197)
(-287,173,-175)
(-273,185,-137)
(-254,192,-110)
(-243,201,-85)
(-224,220,-76)
(-232,220,-70)
(-216,240,-62)
(-211,249,-59)
(-205,227,-57)
(-239,215,-81)
(-263,189,-115)
(-288,162,-162)
(-295,149,-201)
(-308,132,-252)
(-291,125,-293)
(-287,123,-317)
(-275,109,-337)
(-274,102,-348)
(-280,114,-330)
(-297,117,-265)
(-290,120,-226)
(-277,133,-191)
(-274,138,-146)
(-260,138,-144)
(-245,153,-111)
(-231,153,-95)
(-228,160,-86)
(-220,154,-86)
(-217,165,-81)
(-236,158,-94)
(-253,137,-123)
(-268,134,-152)
(-277,131,-173)
(-269,139,-141)
(-254,150,-118)
(-238,164,-100)
(-229,173,-79)
(-213,183,-59)
(-199,183,-55)
(-191,195,-41)
(-180,198,-44)
(-174,208,-30)
(-170,216,-34)
(-149,225,-17)
(-144,232,-16)
(-131,233,-11)
(-135,239,-15)
(-130,236,-16)
(-127,239,-11)
(-129,241,-17)
(-157,231,-27)
(-200,216,-46)
(-211,199,-59)
(-230,196,-80)
(-239,195,-73)
(-248,184,-90)
(-251,185,-97)
(-261,189,-105)
(-249,183,-91)
(-216,202,-72)
(-205,205,-51)
(-183,217,-35)
(-177,225,-33)
(-167,231,-27)
(-163,237,-19)
(-157,237,-21)
(-156,248,-20)
(-153,251,-27)
(-164,250,-18)
(-172,250,-36)
(-198,234,-58)
(-214,230,-70)
(-234,216,-82)
(-250,202,-102)
(-253,205,-103)
(-273,189,-119)
(-269,185,-133)
(-265,185,-129)
(-262,190,-116)
(-255,199,-99)
(-226,210,-76)
(-216,216,-66)
(-197,237,-45)
(-182,248,-36)
(-173,247,-41)
(-160,262,-34)
(-154,274,-24)
(-134,272,-20)
(-119,285,-25)
(-96,294,-14)
(-114,288,-14)
(-107,281,-15)
(-121,289,-17)
(-129,279,-17)
(-137,281,-25)
(-183,265,-41)
(-210,240,-60)
(-234,232,-78)
(-236,222,-88)
(-251,221,-101)
(-267,213,-115)
(-268,216,-124)
(-263,209,-123)
(-256,208,-108)
(-246,218,-84)
(-221,235,-63)
(-203,237,-57)
(-184,254,-40)
(-158,268,-30)
(-155,283,-19)
(-140,280,-20)
(-150,282,-26)
(-162,274,-28)
(-181,263,-53)
(-214,242,-54)
(-235,221,-77)
(-247,213,-95)
(-262,192,-106)
(-266,188,-126)
(-275,171,-145)
(-286,158,-162)
(-283,145,-185)
(-290,128,-206)
(-283,121,-215)
(-286,114,-226)
(-276,98,-228)
(-282,98,-210)
(-275,105,-195)
(-264,108,-164)
(-250,122,-124)
(-234,138,-116)
(-222,156,-88)
(-210,170,-74)
(-192,196,-56)
(-183,211,-37)
(-167,217,-31)
(-156,228,-24)
(-154,250,-26)
(-143,257,-25)
(-165,241,-27)
(-171,231,-31)
(-188,204,-44)
(-205,187,-61)
(-216,182,-72)
(-230,160,-92)
(-243,145,-113)
(-260,140,-144)
(-272,126,-174)
(-269,117,-209)
(-265,123,-177)
(-268,144,-152)
(-240,160,-118)
(-228,176,-86)
(-216,186,-64)
(-195,201,-53)
(-180,204,-42)
(-173,207,-29)
(-168,228,-34)
(-176,228,-26)
(-177,235,-43)
(-198,230,-46)
(-234,206,-82)
(-259,197,-107)
(-267,187,-139)
(-288,168,-194)
(-304,140,-234)
(-293,137,-249)
(-287,119,-285)
(-289,109,-309)
(-269,103,-337)
(-263,99,-355)
(-257,91,-375)
(-235,79,-387)
(-234,76,-410)
(-253,83,-377)
(-269,97,-353)
(-276,92,-326)
(-298,126,-276)
(-301,137,-249)
(-306,164,-222)
(-301,189,-187)
(-290,212,-170)
(-283,225,-149)
(-285,221,-145)
(-282,242,-138)
(-280,266,-132)
(-262,282,-132)
(-267,291,-129)
(-256,288,-136)
(-274,282,-148)
(-284,272,-162)
(-283,265,-163)
(-298,254,-168)
(-287,259,-145)
(-266,270,-130)
(-240,298,-100)
(-231,303,-97)
(-232,314,-90)
(-220,326,-96)
(-221,335,-105)
(-215,355,-109)
(-205,367,-123)
(-204,364,-114)
(-212,370,-124)
(-213,369,-123)
(-220,358,-130)
(-239,347,-147)
(-251,337,-147)
(-259,317,-143)
(-272,300,-156)
(-290,278,-162)
(-297,265,-183)
(-301,265,-187)
(-301,261,-197)
(-307,245,-223)
(-309,243,-221)
(-312,234,-232)
(-310,250,-218)
(-305,255,-197)
(-303,277,-199)
(-286,294,-200)
(-289,317,-201)
(-283,339,-217)
(-272,352,-226)
(-263,369,-251)
(-268,370,-260)
(-266,358,-290)
(-260,360,-318)
(-262,352,-326)
(-260,348,-344)
(-257,357,-359)
(-250,350,-362)
(-248,336,-386)
(-244,342,-392)
(-241,339,-403)
(-235,329,-419)
(-222,332,-426)
(-230,318,-432)
(-223,315,-433)
(-235,313,-425)
(-234,308,-430)
(-234,294,-424)
(-238,264,-452)
(-220,222,-472)
(-197,197,-489)
(-168,180,-500)
(-137,175,-509)
(-111,167,-517)
(-86,166,-520)
(-59,173,-525)
(-16,186,-524)
(26,176,-514)
(45,185,-489)
(65,193,-495)
(74,206,-492)
(72,218,-494)
(78,228,-494)
(83,237,-489)
(76,232,-494)
(77,241,-489)
(76,250,-488)
(67,251,-489)
(69,247,-497)
(71,255,-489)
(72,258,-492)
(78,264,-492)
(79,281,-473)
(81,293,-477)
(79,307,-469)
(70,318,-466)
(65,319,-465)
(55,303,-487)
(46,280,-490)
(19,249,-513)
(-23,217,-523)
(-60,192,-526)
(-100,188,-526)
(-146,174,-512)
(-168,180,-508)
(-175,183,-497)
(-186,180,-490)
(-209,181,-483)
(-198,176,-482)
(-167,165,-501)
(-140,168,-510)
(-109,181,-521)
(-80,182,-528)
(-73,189,-537)
(-60,196,-530)
(-43,197,-521)
(-25,203,-525)
(-14,210,-536)
(-11,219,-519)
(-2,220,-518)
(7,221,-519)
(22,236,-514)
(24,242,-506)
(29,247,-519)
(20,236,-518)
(13,241,-517)
(-15,225,-533)
(-55,209,-527)
(-77,201,-533)
(-139,193,-519)
(-166,182,-504)
(-189,183,-497)
(-190,176,-490)
(-180,180,-486)
(-161,177,-499)
(-139,177,-513)
(-135,177,-509)
(-148,178,-504)
(-142,178,-510)
(-159,179,-505)
(-165,193,-501)
(-149,189,-501)
(-170,190,-504)
(-175,189,-491)
(-186,184,-490)
(-211,189,-467)
(-239,191,-453)
(-255,195,-439)
(-264,198,-414)
(-274,198,-412)
(-282,186,-382)
(-294,178,-358)
(-300,182,-338)
(-302,174,-312)
(-304,180,-298)
(-307,175,-291)
(-305,167,-287)
(-297,163,-275)
(-297,151,-273)
(-288,156,-270)
(-295,153,-275)
(-299,145,-269)
(-296,152,-262)
(-296,142,-260)
(-281,125,-267)
(-289,129,-269)
(-278,104,-276)
(-275,101,-277)
(-255,73,-299)
(-260,72,-316)
(-241,59,-327)
(-227,43,-335)
(-205,33,-357)
(-191,37,-377)
(-178,32,-382)
(-169,31,-391)
(-147,25,-391)
(-147,21,-409)
(-137,31,-405)
(-128,30,-426)
(-121,31,-425)
(-119,33,-429)
(-106,34,-446)
(-101,39,-447)
(-102,64,-468)
(-88,82,-482)
(-78,84,-484)
(-63,85,-485)
(-70,76,-486)
(-120,56,-460)
(-166,44,-406)
(-204,28,-370)
(-229,35,-321)
(-240,48,-310)
(-263,61,-275)
(-262,78,-240)
(-270,100,-224)
(-267,113,-189)
(-273,133,-173)
(-263,141,-161)
(-265,153,-143)
(-264,160,-128)
(-259,173,-111)
(-246,182,-94)
(-231,197,-81)
(-224,208,-72)
(-213,219,-59)
(-202,220,-58)
(-185,241,-41)
(-198,240,-42)
(-186,242,-38)
(-193,247,-43)
(-202,210,-56)
(-218,204,-58)
(-219,165,-77)
(-218,154,-86)
(-224,142,-92)
(-223,119,-103)
(-228,106,-110)
(-222,94,-122)
(-214,94,-124)
(-215,89,-119)
(-208,90,-118)
(-201,93,-113)
(-186,102,-90)
(-192,98,-84)
(-191,99,-81)
(-190,98,-82)
(-186,92,-96)
(-180,90,-98)
(-196,94,-94)
(-189,95,-101)
(-186,88,-92)
(-193,85,-97)
(-197,95,-91)
(-198,110,-90)
(-192,116,-80)
(-189,117,-75)
(-184,106,-74)
(-185,101,-83)
(-192,92,-96)
(-194,98,-88)
(-203,105,-99)
(-204,120,-86)
(-203,131,-87)
(-200,142,-76)
(-197,131,-75)
(-191,111,-75)
(-204,98,-92)
(-205,103,-95)
(-203,109,-101)
(-212,130,-86)
(-207,151,-83)
(-206,150,-68)
(-201,119,-71)
(-201,99,-83)
(-200,94,-90)
(-202,102,-86)
(-209,101,-99)
(-218,102,-102)
(-220,110,-108)
(-219,115,-109)
(-236,126,-112)
(-234,126,-112)
(-239,127,-107)
(-221,113,-101)
(-209,103,-93)
(-196,90,-94)
(-182,92,-96)
(-170,78,-80)
(-170,82,-76)
(-165,75,-85)
(-159,85,-77)
(-162,78,-78)
(-152,82,-78)
(-158,84,-78)
(-160,78,-76)
(-157,73,-85)
(-162,82,-84)
(-169,89,-89)
(-178,86,-76)
(-183,107,-77)
(-180,122,-60)
(-176,104,-68)
(-159,81,-89)
(-169,69,-97)
(-182,76,-100)
(-186,98,-82)
(-190,120,-70)
(-182,128,-66)
(-172,92,-74)
(-179,73,-95)
(-184,66,-110)
(-191,73,-115)
(-194,94,-96)
(-199,123,-79)
(-191,125,-69)
(-183,105,-73)
(-184,84,-96)
(-188,76,-104)
(-200,86,-104)
(-193,83,-101)
(-186,82,-96)
(-177,75,-91)
(-180,66,-100)
(-173,59,-111)
(-170,48,-126)
(-169,45,-131)
(-160,32,-126)
(-157,41,-135)
(-158,24,-140)
(-157,23,-149)
(-153,19,-153)
(-154,10,-166)
(-156,8,-160)
(-155,15,-161)
(-166,16,-154)
(-165,37,-135)
(-163,33,-121)
(-160,50,-120)
(-159,51,-111)
(-146,46,-108)
(-134,48,-98)
(-130,48,-100)
(-131,41,-99)
(-109,31,-97)
(-117,27,-107)
(-112,32,-102)
(-108,32,-98)
(-105,35,-105)
(-105,35,-95)
(-117,31,-101)
(-127,49,-97)
(-144,52,-92)
(-144,52,-96)
(-151,51,-105)
(-171,63,-109)
(-184,58,-112)
(-193,71,-113)
(-210,78,-118)
(-214,86,-128)
(-216,80,-138)
(-233,75,-159)
(-238,68,-186)
(-243,61,-197)
(-246,60,-214)
(-250,52,-230)
(-233,47,-239)
(-232,48,-248)
(-233,37,-265)
(-232,46,-266)
(-235,37,-269)
(-233,49,-255)
(-237,37,-239)
(-243,61,-231)
(-241,61,-201)
(-258,82,-182)
(-258,100,-180)
(-256,94,-162)
(-246,94,-176)
(-251,93,-183)
(-259,85,-189)
(-252,72,-188)
(-248,80,-194)
(-253,91,-193)
(-254,84,-188)
(-260,84,-194)
(-260,80,-196)
(-258,84,-204)
(-255,79,-193)
(-254,78,-192)
(-257,97,-185)
(-262,112,-160)
(-262,130,-146)
(-249,153,-119)
(-250,146,-104)
(-243,131,-119)
(-238,106,-130)
(-223,95,-121)
(-223,81,-143)
(-217,63,-151)
(-217,57,-155)
(-208,50,-164)
(-194,32,-168)
(-186,28,-172)
(-185,25,-181)
(-177,21,-185)
(-165,19,-167)
(-150,26,-136)
(-124,40,-102)
(-110,40,-92)
(-82,74,-64)
(-61,91,-39)
(-59,107,-35)
(-64,116,-24)
(-57,155,-19)
(-59,183,-1)
(-69,211,5)
(-90,282,-6)
(-110,358,-54)
(-113,409,-85)
(-121,445,-153)
(-97,469,-211)
(-88,476,-256)
(-74,476,-318)
(-74,458,-362)
(-50,450,-394)
(-47,451,-385)
(-57,471,-325)
(-68,472,-252)
(-89,459,-183)
(-104,438,-132)
(-105,417,-109)
(-126,394,-80)
(-138,374,-68)
(-145,343,-61)
(-169,323,-45)
(-173,299,-45)
(-180,278,-42)
(-187,253,-37)
(-208,234,-52)
(-208,236,-58)
(-206,218,-58)
(-212,214,-60)
(-233,179,-71)
(-229,177,-71)
(-226,164,-84)
(-227,161,-83)
(-221,167,-79)
(-194,160,-60)
(-194,158,-58)
(-175,149,-49)
(-159,143,-37)
(-152,148,-40)
(-140,126,-48)
(-129,119,-39)
(-121,111,-37)
(-121,117,-33)
(-121,115,-31)
(-136,124,-40)
(-156,120,-48)
(-161,123,-49)
(-177,149,-57)
(-189,161,-53)
(-197,165,-65)
(-195,165,-57)
(-187,169,-51)
(-171,159,-45)
(-166,182,-36)
(-151,185,-21)
(-140,200,-12)
(-125,207,-15)
(-115,209,1)
(-117,211,-13)
(-127,201,-17)
(-138,204,-14)
(-152,206,-16)
(-180,212,-28)
(-184,224,-36)
(-195,231,-43)
(-200,248,-46)
(-205,241,-63)
(-201,239,-49)
(-204,224,-48)
(-199,209,-41)
(-175,177,-37)
(-180,176,-38)
(-145,129,-47)
(-134,118,-32)
(-131,125,-31)
(-112,140,-18)
(-115,137,-15)
(-132,146,-24)
(-160,158,-32)
(-195,175,-35)
(-198,194,-48)
(-201,195,-53)
(-199,207,-55)
(-198,200,-40)
(-189,205,-41)
(-173,193,-31)
(-160,192,-18)
(-135,177,-15)
(-127,183,-13)
(-110,180,-12)
(-104,174,-6)
(-105,177,-13)
(-102,176,-10)
(-118,184,-16)
(-147,185,-27)
(-181,185,-39)
(-194,202,-44)
(-194,200,-40)
(-198,210,-48)
(-203,207,-49)
(-198,200,-44)
(-180,190,-36)
(-171,177,-25)
(-154,174,-18)
(-129,155,-21)
(-126,160,-16)
(-105,145,-13)
(-100,146,-8)
(-96,142,-16)
(-101,145,-9)
(-107,147,-19)
(-127,151,-19)
(-154,152,-32)
(-186,166,-48)
(-187,173,-43)
(-205,191,-59)
(-207,179,-53)
(-203,191,-51)
(-192,184,-46)
(-194,168,-48)
(-168,154,-28)
(-141,149,-25)
(-114,134,-34)
(-110,132,-20)
(-106,126,-18)
(-97,131,-21)
(-101,125,-15)
(-97,125,-23)
(-112,120,-24)
(-132,114,-36)
(-165,113,-51)
(-179,119,-55)
(-194,118,-72)
(-192,124,-68)
(-212,120,-72)
(-196,118,-70)
(-208,118,-76)
(-167,109,-59)
(-158,112,-54)
(-134,110,-40)
(-121,107,-35)
(-112,102,-30)
(-90,102,-18)
(-92,112,-26)
(-105,109,-27)
(-129,103,-43)
(-145,103,-43)
(-163,89,-51)
(-175,101,-69)
(-191,89,-89)
(-198,80,-100)
(-202,78,-104)
(-205,85,-105)
(-209,85,-101)
(-184,82,-80)
(-178,88,-82)
(-135,87,-57)
(-134,76,-54)
(-102,84,-46)
(-89,83,-45)
(-73,87,-43)
(-81,73,-41)
(-84,82,-44)
(-101,81,-45)
(-119,79,-57)
(-145,79,-71)
(-158,76,-76)
(-167,69,-83)
(-179,67,-97)
(-201,71,-117)
(-194,60,-126)
(-198,58,-136)
(-198,50,-138)
(-189,47,-133)
(-173,35,-145)
(-145,17,-139)
(-121,11,-123)
(-105,7,-131)
(-78,6,-128)
(-65,1,-135)
(-71,3,-141)
(-84,4,-130)
(-98,6,-146)
(-124,6,-158)
(-150,0,-166)
(-168,6,-174)
(-174,16,-174)
(-179,15,-177)
(-152,10,-160)
(-143,3,-151)
(-123,1,-141)
(-98,-4,-150)
(-77,-15,-143)
(-60,-10,-158)
(-42,-12,-158)
(-35,-11,-157)
(-26,-12,-158)
(-41,-25,-161)
(-47,-19,-153)
(-74,-18,-170)
(-100,-22,-184)
(-132,-20,-210)
(-143,-21,-227)
(-151,-13,-231)
(-158,-12,-256)
(-164,-14,-258)
(-156,-12,-250)
(-134,-28,-244)
(-110,-22,-230)
(-105,-25,-215)
(-67,-27,-199)
(-46,-28,-196)
(-38,-20,-202)
(-40,-30,-206)
(-52,-28,-206)
(-65,-23,-205)
(-92,-32,-216)
(-110,-30,-238)
(-122,-24,-254)
(-131,-21,-249)
(-141,-25,-269)
(-152,-20,-278)
(-154,-16,-282)
(-163,-13,-279)
(-169,-9,-279)
(-165,1,-281)
(-188,-8,-282)
(-190,8,-286)
(-180,-6,-278)
(-169,-9,-275)
(-138,-18,-256)
(-124,-30,-246)
(-98,-30,-242)
(-90,-32,-238)
(-73,-33,-229)
(-81,-25,-229)
(-92,-30,-220)
(-116,-28,-234)
(-124,-18,-240)
(-166,-12,-260)
(-185,-3,-269)
(-210,10,-294)
(-233,45,-315)
(-244,56,-320)
(-253,65,-331)
(-266,96,-346)
(-276,104,-346)
(-272,106,-332)
(-271,103,-341)
(-275,83,-325)
(-269,63,-305)
(-251,59,-295)
(-226,30,-264)
(-214,14,-240)
(-200,4,-232)
(-162,0,-178)
(-138,10,-138)
(-122,4,-130)
(-106,28,-100)
(-110,54,-70)
(-102,86,-40)
(-110,88,-34)
(-117,121,-23)
(-108,154,-16)
(-101,171,-7)
(-111,189,-11)
(-115,213,-5)
(-114,242,-10)
(-127,265,-15)
(-124,288,-16)
(-127,287,-23)
(-127,305,-31)
(-139,313,-37)
(-146,324,-44)
(-143,319,-43)
(-150,326,-50)
(-150,324,-50)
(-146,340,-60)
(-158,344,-72)
(-149,351,-67)
(-155,367,-73)
(-149,373,-79)
(-163,369,-87)
(-155,379,-95)
(-167,383,-101)
(-169,389,-105)
(-172,384,-114)
(-191,383,-103)
(-184,378,-108)
(-196,360,-112)
(-204,364,-118)
(-216,356,-118)
(-214,354,-120)
(-212,358,-106)
(-206,362,-114)
(-201,365,-111)
(-195,369,-107)
(-195,371,-99)
(-186,366,-110)
(-185,373,-103)
(-189,369,-99)
(-173,371,-99)
(-164,368,-92)
(-176,362,-84)
(-161,373,-93)
(-165,371,-83)
(-161,383,-99)
(-157,385,-95)
(-145,401,-109)
(-136,410,-120)
(-127,411,-123)
(-133,423,-113)
(-127,419,-117)
(-135,419,-123)
(-142,420,-124)
(-149,423,-131)
(-169,401,-129)
(-194,388,-118)
(-197,375,-117)
(-211,365,-119)
(-239,341,-133)
(-246,326,-134)
(-253,313,-133)
(-266,306,-132)
(-274,282,-136)
(-270,270,-144)
(-274,254,-144)
(-281,253,-137)
(-284,250,-136)
(-277,237,-139)
(-278,248,-138)
(-281,257,-145)
(-282,268,-138)
(-279,263,-151)
(-278,280,-154)
(-282,290,-152)
(-269,311,-159)
(-268,314,-160)
(-257,323,-173)
(-264,318,-164)
(-262,322,-158)
(-261,317,-139)
(-248,300,-112)
(-232,290,-98)
(-229,263,-71)
(-222,258,-60)
(-223,249,-57)
(-204,242,-48)
(-220,250,-56)
(-219,253,-57)
(-234,274,-86)
(-237,283,-93)
(-243,295,-107)
(-258,296,-112)
(-256,300,-122)
(-262,300,-130)
(-249,291,-139)
(-255,291,-119)
(-246,286,-106)
(-237,273,-83)
(-233,247,-71)
(-222,246,-66)
(-215,249,-65)
(-221,247,-65)
(-221,257,-71)
(-233,279,-83)
(-241,303,-99)
(-247,299,-113)
(-253,329,-145)
(-259,329,-147)
(-258,332,-156)
(-259,333,-147)
(-256,310,-136)
(-256,314,-134)
(-246,298,-118)
(-238,296,-110)
(-231,273,-91)
(-223,251,-67)
(-227,255,-81)
(-235,255,-67)
(-225,259,-83)
(-238,282,-82)
(-234,290,-86)
(-236,306,-108)
(-248,306,-108)
(-244,326,-132)
(-252,334,-136)
(-247,335,-149)
(-248,332,-146)
(-246,326,-132)
(-247,307,-115)
(-248,302,-114)
(-247,289,-109)
(-247,285,-115)
(-247,277,-101)
(-244,284,-114)
(-245,275,-97)
(-243,283,-101)
(-244,264,-84)
(-238,256,-90)
(-240,250,-82)
(-237,251,-81)
(-230,248,-84)
(-236,248,-86)
(-233,239,-75)
(-226,230,-76)
(-229,227,-83)
(-228,228,-70)
(-236,230,-68)
(-227,233,-73)
(-227,241,-69)
(-232,248,-78)
(-236,248,-82)
(-240,260,-86)
(-250,266,-104)
(-260,276,-110)
(-255,283,-119)
(-257,293,-117)
(-255,321,-143)
(-258,328,-148)
(-247,327,-151)
(-251,347,-167)
(-252,346,-182)
(-251,367,-193)
(-255,367,-209)
(-259,367,-221)
(-255,367,-237)
(-255,379,-257)
(-254,378,-262)
(-251,385,-255)
(-248,386,-278)
(-246,398,-288)
(-232,390,-298)
(-234,392,-306)
(-231,405,-321)
(-215,401,-323)
(-204,410,-332)
(-202,408,-330)
(-199,417,-345)
(-192,428,-356)
(-187,419,-361)
(-171,429,-363)
(-159,419,-379)
(-142,424,-380)
(-131,437,-399)
(-121,439,-393)
(-115,437,-397)
(-103,447,-401)
(-102,434,-406)
(-73,437,-413)
(-61,431,-421)
(-48,434,-408)
(-50,430,-424)
(-66,436,-418)
(-81,437,-411)
(-126,422,-408)
(-165,409,-395)
(-192,396,-388)
(-202,396,-376)
(-249,363,-369)
(-256,350,-346)
(-263,339,-347)
(-273,331,-333)
(-286,312,-328)
(-290,300,-314)
(-296,300,-310)
(-297,283,-293)
(-304,260,-282)
(-301,239,-275)
(-307,233,-261)
(-305,227,-265)
(-302,260,-278)
(-303,273,-287)
(-299,279,-279)
(-293,297,-297)
(-288,308,-300)
(-267,333,-309)
(-280,344,-328)
(-263,353,-327)
(-248,372,-338)
(-239,385,-345)
(-229,385,-349)
(-247,381,-335)
(-251,359,-327)
(-270,342,-320)
(-288,316,-318)
(-294,294,-314)
(-303,269,-303)
(-306,262,-302)
(-302,242,-298)
(-305,235,-285)
(-311,221,-277)
(-310,206,-252)
(-311,199,-247)
(-309,187,-241)
(-315,195,-229)
(-311,211,-243)
(-311,225,-251)
(-306,244,-268)
(-303,269,-269)
(-298,300,-300)
(-283,317,-311)
(-281,327,-319)
(-274,346,-334)
(-272,342,-324)
(-272,332,-316)
(-289,327,-285)
(-290,322,-276)
(-290,290,-220)
(-299,279,-201)
(-290,272,-184)
(-294,264,-190)
(-284,254,-178)
(-295,255,-171)
(-295,255,-163)
(-289,257,-179)
(-287,241,-167)
(-294,242,-168)
(-290,246,-158)
(-281,245,-147)
(-276,242,-128)
(-277,237,-135)
(-267,233,-119)
(-265,221,-111)
(-256,226,-108)
(-252,214,-96)
(-257,217,-95)
(-255,197,-101)
(-263,193,-109)
(-287,183,-153)
(-293,167,-175)
(-304,166,-210)
(-301,153,-249)
(-312,146,-260)
(-301,151,-277)
(-301,147,-283)
(-303,153,-271)
(-307,151,-253)
(-307,163,-225)
(-303,173,-219)
(-293,203,-183)
(-290,216,-162)
(-290,228,-146)
(-277,223,-147)
(-274,236,-134)
(-284,238,-140)
(-278,242,-142)
(-290,240,-148)
(-294,228,-178)
(-301,225,-199)
(-302,214,-224)
(-309,213,-229)
(-307,213,-249)
(-314,204,-256)
(-312,212,-256)
(-313,203,-255)
(-312,202,-234)
(-307,217,-223)
(-298,220,-202)
(-301,219,-179)
(-292,234,-164)
(-288,224,-156)
(-293,229,-157)
(-290,224,-150)
(-289,235,-147)
(-291,227,-159)
(-303,217,-185)
(-300,204,-214)
(-312,198,-240)
(-311,199,-247)
(-316,190,-276)
(-316,192,-280)
(-304,190,-278)
(-306,208,-238)
(-296,218,-192)
(-289,225,-169)
(-274,248,-136)
(-266,258,-130)
(-252,290,-102)
(-233,303,-93)
(-227,311,-99)
(-233,313,-105)
(-235,319,-115)
(-272,298,-148)
(-277,283,-153)
(-269,281,-135)
(-238,314,-108)
(-218,322,-94)
(-210,330,-76)
(-181,335,-67)
(-172,340,-74)
(-167,345,-65)
(-161,343,-63)
(-165,349,-61)
(-159,345,-61)
(-163,339,-61)
(-152,336,-54)
(-146,336,-50)
(-130,348,-42)
(-130,334,-42)
(-155,327,-47)
(-178,312,-50)
(-217,287,-71)
(-225,293,-81)
(-271,269,-125)
(-290,258,-186)
(-298,258,-196)
(-308,250,-248)
(-310,260,-300)
(-311,253,-301)
(-304,250,-344)
(-281,243,-375)
(-275,245,-401)
(-266,248,-414)
(-271,251,-383)
(-286,264,-374)
(-294,278,-312)
(-295,279,-293)
(-292,294,-260)
(-283,321,-199)
(-273,321,-191)
(-253,359,-167)
(-235,361,-167)
(-232,360,-174)
(-260,352,-198)
(-275,325,-225)
(-277,321,-237)
(-292,282,-290)
(-297,285,-309)
(-283,263,-387)
(-255,259,-425)
(-256,258,-432)
(-217,257,-473)
(-194,250,-482)
(-190,246,-490)
(-192,244,-482)
(-227,251,-459)
(-253,261,-427)
(-261,265,-411)
(-284,288,-340)
(-289,299,-327)
(-292,306,-290)
(-291,309,-287)
(-289,307,-291)
(-292,284,-322)
(-285,265,-345)
(-275,247,-385)
(-266,246,-398)
(-250,244,-428)
(-246,246,-436)
(-246,242,-444)
(-248,240,-436)
(-246,228,-432)
(-243,229,-443)
(-241,235,-437)
(-231,227,-455)
(-226,222,-458)
(-229,227,-467)
(-219,211,-467)
(-214,210,-462)
(-237,197,-459)
(-252,182,-430)
(-258,186,-418)
(-293,187,-351)
(-294,168,-324)
(-294,158,-312)
(-284,136,-276)
(-284,114,-250)
(-272,106,-226)
(-255,99,-211)
(-269,105,-221)
(-275,119,-231)
(-278,128,-234)
(-291,153,-247)
(-301,175,-269)
(-308,198,-298)
(-296,206,-304)
(-297,235,-329)
(-294,258,-342)
(-292,258,-350)
(-289,273,-341)
(-288,276,-340)
(-295,267,-339)
(-291,241,-321)
(-296,230,-316)
(-304,212,-296)
(-302,192,-286)
(-306,166,-254)
(-298,168,-246)
(-288,150,-226)
(-277,137,-211)
(-268,110,-196)
(-263,109,-195)
(-266,102,-190)
(-255,91,-187)
(-246,86,-172)
(-237,83,-171)
(-223,81,-149)
(-220,78,-152)
(-204,66,-148)
(-202,64,-138)
(-185,57,-123)
(-175,49,-125)
(-170,60,-120)
(-157,59,-113)
(-167,53,-115)
(-167,65,-97)
(-184,62,-122)
(-174,64,-112)
(-165,59,-115)
(-147,77,-85)
(-144,94,-64)
(-150,108,-62)
(-185,139,-63)
(-218,178,-80)
(-221,191,-77)
(-263,239,-125)
(-282,260,-166)
(-283,271,-187)
(-293,281,-269)
(-287,285,-319)
(-290,282,-330)
(-283,285,-365)
(-287,283,-355)
(-288,284,-334)
(-286,288,-328)
(-297,279,-289)
(-297,273,-259)
(-306,264,-240)
(-295,235,-219)
(-299,233,-205)
(-296,202,-200)
(-304,210,-194)
(-295,205,-191)
(-295,201,-181)
(-282,196,-172)
(-292,206,-178)
(-287,199,-183)
(-290,204,-188)
(-290,216,-184)
(-304,232,-210)
(-305,245,-221)
(-303,265,-257)
(-299,257,-265)
(-305,269,-293)
(-290,270,-300)
(-297,263,-337)
(-288,260,-340)
(-290,272,-342)
(-292,268,-314)
(-297,269,-295)
(-302,268,-264)
(-304,256,-246)
(-297,245,-211)
(-299,227,-189)
(-300,226,-188)
(-285,205,-167)
(-285,195,-169)
(-279,173,-173)
(-284,170,-176)
(-271,167,-167)
(-271,165,-169)
(-261,161,-171)
(-269,155,-173)
(-259,161,-177)
(-272,154,-168)
(-264,152,-176)
(-272,152,-172)
(-265,155,-167)
(-271,151,-173)
(-274,168,-170)
(-287,187,-175)
(-285,203,-179)
(-305,221,-189)
(-307,229,-235)
(-300,250,-272)
(-303,261,-291)
(-301,267,-329)
(-287,277,-341)
(-272,274,-382)
(-276,272,-396)
(-262,268,-412)
(-267,277,-391)
(-267,281,-377)
(-287,293,-293)
(-279,311,-211)
(-269,279,-139)
(-255,245,-99)
(-240,208,-88)
(-228,156,-90)
(-208,114,-106)
(-200,86,-110)
(-183,73,-117)
(-188,82,-122)
(-198,70,-124)
(-189,77,-131)
(-198,62,-160)
(-199,51,-175)
(-198,64,-154)
(-193,59,-139)
(-202,112,-104)
(-183,133,-81)
(-189,159,-63)
(-190,166,-58)
(-212,204,-66)
(-217,217,-61)
(-249,265,-95)
(-239,275,-97)
(-249,291,-103)
(-241,295,-99)
(-236,298,-104)
(-239,289,-99)
(-226,286,-88)
(-237,265,-79)
(-206,250,-50)
(-198,246,-60)
(-179,215,-41)
(-186,218,-40)
(-177,213,-29)
(-182,216,-38)
(-185,209,-35)
(-193,203,-41)
(-214,202,-64)
(-230,202,-68)
(-232,202,-76)
(-242,206,-90)
(-247,219,-85)
(-247,217,-85)
(-233,219,-89)
(-219,229,-71)
(-201,243,-47)
(-193,261,-49)
(-184,264,-38)
(-149,289,-33)
(-133,315,-29)
(-124,318,-32)
(-129,313,-39)
(-128,322,-34)
(-128,324,-34)
(-146,316,-36)
(-165,309,-43)
(-183,297,-53)
(-196,286,-54)
(-216,270,-68)
(-223,273,-79)
(-237,249,-81)
(-237,245,-89)
(-241,249,-81)
(-235,249,-77)
(-238,242,-80)
(-236,246,-78)
(-227,245,-65)
(-208,254,-54)
(-205,257,-45)
(-193,259,-49)
(-191,261,-39)
(-197,261,-39)
(-180,268,-42)
(-164,264,-38)
(-164,272,-26)
(-161,273,-29)
(-156,276,-34)
(-152,278,-28)
(-141,275,-25)
(-136,278,-22)
(-131,281,-17)
(-117,289,-17)
(-111,293,-19)
(-102,294,-18)
(-100,284,-22)
(-100,294,-12)
(-86,290,-8)
(-79,295,-13)
(-64,306,-18)
(-71,297,-13)
(-75,293,-15)
(-101,279,-11)
(-95,273,-11)
(-98,270,-16)
(-109,267,-9)
(-104,250,-14)
(-116,252,-8)
(-115,227,1)
(-112,224,-10)
(-109,213,-21)
(-97,187,-9)
(-92,180,-6)
(-89,171,-3)
(-81,167,-7)
(-86,168,-4)
(-87,167,-9)
(-95,179,-11)
(-117,189,-7)
(-112,196,-12)
(-135,211,-23)
(-146,216,-16)
(-157,237,-25)
(-162,242,-28)
(-185,283,-45)
(-177,287,-45)
(-199,297,-63)
(-198,298,-66)
(-217,307,-75)
(-226,312,-90)
(-232,302,-94)
(-233,311,-97)
(-233,311,-97)
(-233,301,-111)
(-244,306,-106)
(-247,313,-125)
(-247,317,-125)
(-255,321,-131)
(-253,327,-129)
(-258,314,-136)
(-249,315,-149)
(-259,319,-149)
(-249,337,-155)
(-259,321,-147)
(-256,318,-140)
(-255,305,-135)
(-252,308,-128)
(-257,287,-133)
(-252,276,-118)
(-252,272,-114)
(-258,244,-104)
(-254,234,-96)
(-255,231,-101)
(-256,246,-106)
(-253,249,-103)
(-255,269,-109)
(-262,298,-128)
(-258,316,-150)
(-261,323,-155)
(-259,357,-179)
(-249,357,-177)
(-261,375,-205)
(-239,377,-209)
(-232,398,-228)
(-233,403,-233)
(-229,405,-229)
(-206,412,-238)
(-214,414,-232)
(-202,422,-230)
(-198,432,-232)
(-198,434,-244)
(-202,432,-272)
(-206,428,-284)
(-207,417,-295)
(-208,410,-312)
(-214,414,-330)
(-216,414,-342)
(-219,405,-337)
(-212,402,-358)
(-216,394,-350)
(-221,403,-333)
(-222,398,-324)
(-240,392,-296)
(-246,394,-288)
(-241,397,-245)
(-229,399,-231)
(-217,401,-217)
(-206,408,-204)
(-196,412,-194)
(-177,427,-191)
(-167,423,-181)
(-175,427,-169)
(-157,437,-167)
(-157,431,-157)
(-157,427,-147)
(-149,417,-143)
(-150,412,-124)
(-144,402,-110)
(-138,402,-110)
(-164,396,-98)
(-158,390,-106)
(-174,386,-116)
(-174,386,-122)
(-202,384,-138)
(-227,369,-157)
(-234,364,-164)
(-248,350,-162)
(-252,354,-166)
(-247,355,-167)
(-260,350,-174)
(-257,333,-169)
(-259,345,-167)
(-249,343,-161)
(-229,365,-149)
(-226,356,-128)
(-214,356,-128)
(-224,364,-124)
(-200,366,-120)
(-205,375,-107)
(-203,373,-113)
(-219,355,-133)
(-253,359,-167)
(-251,361,-183)
(-262,362,-216)
(-267,359,-249)
(-273,353,-295)
(-279,333,-313)
(-274,320,-308)
(-300,278,-318)
(-305,233,-315)
(-302,180,-316)
(-287,135,-313)
(-273,105,-309)
(-256,80,-286)
(-258,68,-270)
(-257,71,-265)
(-255,67,-249)
(-254,70,-246)
(-253,63,-253)
(-245,63,-259)
(-250,60,-248)
(-257,75,-235)
(-250,76,-234)
(-262,82,-236)
(-265,83,-229)
(-256,86,-226)
(-268,78,-228)
(-273,91,-217)
(-267,85,-221)
(-266,94,-214)
(-262,80,-220)
(-262,78,-218)
(-269,83,-219)
