(-34,368,-192)
(-23,367,-185)
(-25,373,-183)
(-25,367,-185)
(-37,371,-187)
(-28,372,-182)
(-29,369,-183)
(-36,372,-184)
(-33,371,-189)
(-37,371,-195)
(-36,378,-192)
(-23,367,-181)
(-27,373,-189)
(-21,375,-193)
(-28,368,-196)
(-37,373,-183)
(-32,374,-182)
(-38,366,-194)
(-30,368,-190)
(-27,363,-199)
(-38,366,-196)
(-31,367,-191)
(-25,369,-197)
(-27,367,-189)
(-34,370,-190)
(-25,369,-191)
(-36,360,-198)
(-31,361,-197)
(-37,357,-207)
(-44,362,-206)
(-45,351,-213)
(-54,354,-222)
(-42,356,-242)
(-47,351,-259)
(-36,358,-278)
(-23,355,-313)
(-20,340,-334)
(9,327,-361)
(5,317,-391)
(15,297,-401)
(13,279,-409)
(23,269,-417)
(21,255,-423)
(27,239,-435)
(35,229,-429)
(44,228,-442)
(44,210,-446)
(41,211,-437)
(39,179,-439)
(45,171,-435)
(35,175,-427)
(33,165,-427)
(10,154,-418)
(17,139,-405)
(5,133,-403)
(-3,129,-397)
(-5,121,-381)
(-3,109,-385)
(-11,101,-379)
(-6,84,-366)
(-6,76,-356)
(-6,70,-350)
(-12,74,-340)
(-12,66,-334)
(-13,63,-335)
(-16,64,-330)
(-24,62,-318)
(-27,67,-315)
(-31,69,-305)
(-37,75,-297)
(-42,70,-296)
(-40,76,-284)
(-49,77,-285)
(-59,85,-275)
(-58,84,-272)
(-58,96,-264)
(-58,90,-258)
(-60,94,-258)
(-58,94,-258)
(-68,96,-250)
(-60,98,-250)
(-64,94,-248)
(-69,101,-247)
(-61,99,-259)
(-53,91,-263)
(-57,85,-263)
(-56,86,-272)
(-49,87,-273)
(-41,75,-281)
(-41,81,-291)
(-29,73,-295)
(-35,77,-309)
(-30,78,-316)
(-19,83,-323)
(-23,73,-325)
(-21,93,-333)
(-17,93,-347)
(-14,98,-358)
(-12,96,-362)
(-17,119,-365)
(-15,137,-379)
(-23,147,-379)
(-33,167,-375)
(-30,180,-388)
(-29,201,-369)
(-33,217,-379)
(-37,243,-367)
(-43,241,-361)
(-51,261,-343)
(-57,267,-315)
(-65,281,-313)
(-74,274,-284)
(-76,286,-250)
(-76,282,-242)
(-83,297,-209)
(-82,278,-186)
(-72,268,-160)
(-76,260,-140)
(-68,254,-124)
(-69,245,-113)
(-70,228,-100)
(-67,205,-99)
(-68,170,-96)
(-72,162,-98)
(-67,141,-103)
(-58,118,-106)
(-56,106,-108)
(-52,72,-130)
(-57,73,-139)
(-45,59,-173)
(-41,51,-187)
(-27,43,-209)
(-32,44,-232)
(-31,51,-251)
(-21,49,-285)
(-18,62,-304)
(-17,69,-321)
(-9,69,-341)
(-5,77,-353)
(2,78,-368)
(8,100,-378)
(7,107,-391)
(23,123,-409)
(35,147,-427)
(28,162,-424)
(36,154,-432)
(35,167,-433)
(29,123,-407)
(19,81,-383)
(62,28,-364)
(94,-8,-328)
(98,-16,-290)
(103,-31,-253)
(98,-36,-210)
(108,-26,-166)
(100,-22,-130)
(85,-3,-91)
(80,6,-74)
(68,44,-32)
(53,65,-23)
(27,109,-1)
(23,121,-1)
(3,175,-3)
(-14,212,-14)
(-14,230,-14)
(-17,293,-47)
(-5,335,-53)
(4,354,-64)
(27,381,-83)
(38,404,-114)
(52,426,-174)
(67,431,-219)
(93,429,-291)
(98,410,-328)
(100,388,-374)
(97,369,-395)
(101,355,-407)
(93,335,-425)
(111,309,-437)
(116,290,-446)
(125,257,-461)
(122,214,-470)
(126,152,-464)
(119,145,-455)
(109,115,-449)
(103,123,-455)
(99,147,-451)
(82,198,-462)
(73,241,-457)
(64,300,-430)
(51,359,-393)
(41,395,-327)
(36,396,-284)
(20,396,-164)
(9,355,-79)
(12,328,-42)
(29,259,15)
(44,200,34)
(42,162,34)
(76,86,18)
(90,68,12)
(117,17,-47)
(137,-13,-81)
(138,-14,-106)
(133,-25,-121)
(138,-34,-128)
(139,-33,-135)
(145,-29,-135)
(141,-25,-133)
(149,-7,-89)
(140,0,-64)
(121,21,-17)
(91,71,9)
(80,110,28)
(50,158,22)
(18,214,10)
(4,276,-8)
(-10,318,-50)
(-10,338,-80)
(-20,372,-144)
(-13,377,-207)
(-15,385,-243)
(4,370,-316)
(17,351,-375)
(26,334,-380)
(52,276,-432)
(76,236,-460)
(83,193,-459)
(86,176,-460)
(99,131,-453)
(110,122,-460)
(96,102,-442)
(85,83,-439)
(88,50,-420)
(90,40,-406)
(68,20,-388)
(73,11,-375)
(70,0,-356)
(66,-18,-324)
(75,-25,-319)
(80,-36,-280)
(90,-44,-252)
(93,-45,-243)
(100,-54,-238)
(98,-42,-250)
(109,-41,-299)
(103,-11,-341)
(109,5,-363)
(126,44,-418)
(136,84,-444)
(140,104,-452)
(138,148,-470)
(142,168,-474)
(151,211,-471)
(148,250,-460)
(132,272,-458)
(110,318,-438)
(75,321,-429)
(55,321,-423)
(24,328,-394)
(-7,323,-359)
(-21,331,-323)
(-45,331,-295)
(-64,322,-242)
(-75,303,-193)
(-80,278,-166)
(-82,268,-166)
(-89,213,-141)
(-86,184,-110)
(-81,159,-105)
(-79,157,-107)
(-69,133,-101)
(-69,119,-87)
(-51,107,-99)
(-44,102,-98)
(-45,83,-103)
(-46,78,-104)
(-26,64,-102)
(-19,67,-101)
(-22,72,-80)
(-23,77,-71)
(-23,107,-61)
(-35,123,-51)
(-54,184,-48)
(-59,241,-81)
(-61,279,-101)
(-67,309,-143)
(-65,337,-161)
(-55,339,-221)
(-46,340,-250)
(-61,345,-245)
(-56,338,-232)
(-54,336,-228)
(-57,327,-199)
(-62,322,-182)
(-68,290,-136)
(-64,268,-100)
(-66,226,-84)
(-59,191,-65)
(-58,174,-62)
(-47,131,-71)
(-48,116,-74)
(-39,87,-91)
(-29,67,-95)
(-33,59,-107)
(-25,49,-131)
(-21,37,-137)
(-15,25,-161)
(-10,16,-166)
(-5,15,-203)
(25,9,-237)
(16,4,-252)
(23,11,-267)
(25,7,-271)
(23,13,-295)
(28,24,-316)
(31,31,-331)
(34,28,-330)
(31,45,-355)
(33,35,-341)
(22,34,-326)
(22,20,-320)
(6,10,-268)
(6,10,-232)
(-5,5,-211)
(-11,23,-151)
(-23,45,-111)
(-25,59,-93)
(-33,99,-77)
(-45,117,-65)
(-42,154,-50)
(-43,181,-51)
(-32,210,-28)
(-24,220,-26)
(-14,258,-14)
(-4,262,-16)
(-7,249,-19)
(-6,276,-18)
(9,295,-19)
(14,294,-16)
(-8,270,-12)
(-17,243,-11)
(-16,208,-16)
(-16,192,-6)
(-38,144,-32)
(-17,123,-39)
(-19,121,-39)
(-27,93,-67)
(-30,78,-84)
(-26,70,-94)
(-32,68,-88)
(-34,76,-80)
(-33,93,-75)
(-29,115,-43)
(-28,136,-36)
(-32,156,-24)
(-23,197,-31)
(-38,240,-38)
(-38,258,-40)
(-31,309,-71)
(-11,363,-107)
(-8,368,-114)
(-7,379,-131)
(-8,372,-126)
(-16,358,-108)
(-26,340,-98)
(-31,299,-63)
(-38,258,-48)
(-33,247,-43)
(-48,192,-64)
(-51,171,-51)
(-61,145,-71)
(-61,125,-83)
(-49,111,-85)
(-52,108,-90)
(-55,113,-95)
(-56,134,-80)
(-47,145,-69)
(-56,178,-70)
(-58,190,-70)
(-63,231,-73)
(-60,264,-88)
(-60,298,-92)
(-39,333,-129)
(-23,373,-175)
(-7,377,-185)
(21,411,-235)
(32,410,-258)
(55,409,-309)
(71,411,-313)
(68,406,-330)
(50,404,-312)
(43,401,-289)
(-12,388,-248)
(-57,341,-235)
(-83,285,-227)
(-101,211,-251)
(-82,166,-280)
(-81,135,-289)
(-70,114,-294)
(-62,100,-298)
(-41,65,-295)
(-23,49,-287)
(-16,36,-278)
(6,14,-264)
(27,3,-269)
(33,-7,-261)
(55,-13,-261)
(76,-20,-266)
(70,-26,-278)
(91,-19,-289)
(99,-25,-297)
(109,-13,-313)
(122,-14,-326)
(137,-13,-333)
(137,5,-353)
(138,6,-368)
(147,33,-391)
(153,59,-419)
(139,77,-425)
(141,87,-445)
(121,119,-439)
(122,140,-458)
(113,147,-461)
(106,166,-466)
(101,189,-467)
(91,209,-469)
(91,217,-465)
(82,214,-456)
(75,219,-459)
(78,214,-464)
(76,184,-460)
(78,170,-452)
(49,91,-415)
(44,44,-374)
(52,14,-340)
(53,-13,-289)
(45,-11,-269)
(24,-12,-212)
(8,2,-178)
(3,1,-155)
(-19,45,-127)
(-49,63,-109)
(-58,120,-108)
(-69,159,-111)
(-79,183,-117)
(-86,196,-132)
(-88,232,-154)
(-93,245,-167)
(-93,265,-211)
(-89,279,-215)
(-80,294,-230)
(-80,296,-236)
(-74,306,-244)
(-70,310,-256)
(-68,300,-278)
(-62,294,-292)
(-63,301,-287)
(-60,308,-298)
(-43,313,-309)
(-39,323,-313)
(-33,321,-333)
(-22,326,-346)
(-10,302,-372)
(3,279,-405)
(14,260,-412)
(22,224,-440)
(36,210,-446)
(34,190,-448)
(42,168,-442)
(46,140,-444)
(46,130,-434)
(40,130,-430)
(35,131,-429)
(23,133,-437)
(10,172,-426)
(5,203,-427)
(-17,247,-403)
(-29,289,-377)
(-39,311,-323)
(-48,320,-300)
(-62,334,-248)
(-59,327,-201)
(-70,300,-164)
(-75,275,-123)
(-71,233,-113)
(-86,232,-116)
(-87,235,-151)
(-86,244,-154)
(-93,257,-189)
(-83,283,-195)
(-76,280,-234)
(-77,287,-251)
(-78,288,-284)
(-62,274,-314)
(-70,272,-328)
(-52,250,-338)
(-52,250,-356)
(-42,256,-362)
(-41,263,-355)
(-43,261,-359)
(-43,269,-367)
(-32,276,-366)
(-28,270,-380)
(-33,261,-377)
(-34,264,-380)
(-52,298,-334)
(-75,311,-255)
(-82,278,-216)
(-104,216,-246)
(-74,124,-306)
(22,46,-356)
(73,25,-365)
(200,0,-348)
(255,1,-329)
(316,32,-294)
(337,41,-273)
(337,41,-269)
(317,29,-283)
(242,-6,-314)
(138,-20,-330)
(25,3,-297)
(-37,49,-255)
(-80,120,-176)
(-89,169,-139)
(-94,174,-132)
(-88,178,-140)
(-91,167,-157)
(-59,89,-247)
(25,13,-307)
(121,-31,-293)
(153,-41,-283)
(219,-47,-253)
(232,-32,-246)
(240,-36,-214)
(243,-37,-177)
(241,-27,-167)
(251,-19,-109)
(262,6,-86)
(273,11,-81)
(282,24,-60)
(280,36,-68)
(265,21,-77)
(262,0,-88)
(237,-37,-155)
(230,-34,-228)
(224,-20,-306)
(209,19,-365)
(190,38,-392)
(178,76,-426)
(166,92,-440)
(118,142,-458)
(120,166,-466)
(94,194,-470)
(88,218,-468)
(68,224,-462)
(63,225,-451)
(20,194,-436)
(9,191,-427)
(-34,170,-384)
(-54,164,-348)
(-84,174,-278)
(-98,174,-234)
(-95,201,-161)
(-66,214,-92)
(-65,213,-81)
(-35,207,-43)
(-34,210,-28)
(-27,207,-23)
(-20,220,-20)
(-24,216,-20)
(-20,204,-8)
(-6,172,2)
(-9,155,-3)
(3,123,-3)
(1,93,-13)
(5,89,-23)
(7,51,-37)
(6,46,-50)
(5,25,-77)
(3,13,-103)
(-4,12,-112)
(4,4,-124)
(-1,5,-129)
(-1,5,-137)
(-3,3,-135)
(-12,10,-130)
(-3,19,-123)
(-18,24,-104)
(-8,16,-100)
(-12,44,-76)
(-17,67,-57)
(-17,91,-43)
(-23,135,-29)
(-34,194,-32)
(-39,207,-45)
(-73,207,-83)
(-84,190,-122)
(-83,129,-197)
(-32,50,-274)
(56,8,-336)
(96,2,-348)
(183,5,-373)
(233,33,-377)
(265,57,-381)
(275,65,-385)
(268,78,-404)
(250,88,-410)
(189,85,-433)
(136,98,-448)
(113,105,-447)
(70,124,-436)
(45,135,-429)
(32,136,-424)
(8,152,-404)
(1,157,-411)
(-23,169,-383)
(-43,183,-377)
(-38,190,-364)
(-58,186,-348)
(-66,202,-328)
(-77,209,-307)
(-81,209,-307)
(-84,218,-298)
(-87,221,-267)
(-95,215,-251)
(-94,224,-234)
(-102,220,-228)
(-98,216,-206)
(-97,221,-185)
(-85,215,-169)
(-91,203,-135)
(-82,194,-126)
(-74,158,-90)
(-64,146,-82)
(-60,134,-90)
(-44,106,-100)
(-54,88,-122)
(-51,73,-135)
(-46,66,-152)
(-45,53,-177)
(-44,44,-200)
(-39,43,-205)
(-36,44,-232)
(-39,41,-249)
(-22,50,-272)
(-24,42,-288)
(-18,54,-308)
(-24,58,-332)
(-13,63,-331)
(-18,70,-330)
(-17,43,-319)
(-25,41,-299)
(-20,26,-274)
(-28,24,-240)
(-27,23,-209)
(-39,33,-189)
(-43,37,-167)
(-63,65,-155)
(-69,87,-133)
(-76,128,-114)
(-79,159,-105)
(-78,186,-102)
(-80,226,-108)
(-88,238,-126)
(-78,258,-124)
(-75,277,-125)
(-64,296,-138)
(-71,287,-125)
(-60,280,-122)
(-70,274,-118)
(-84,232,-102)
(-85,217,-105)
(-75,191,-89)
(-65,179,-83)
(-66,142,-90)
(-66,124,-104)
(-55,85,-117)
(-54,72,-128)
(-58,68,-138)
(-50,66,-150)
(-50,54,-180)
(-43,45,-199)
(-36,40,-228)
(-30,40,-242)
(-29,29,-265)
(-36,40,-274)
(-30,42,-270)
(-40,38,-242)
(-41,49,-229)
(-59,65,-201)
(-65,71,-175)
(-72,110,-154)
(-83,155,-133)
(-84,192,-130)
(-90,214,-122)
(-81,257,-117)
(-63,283,-115)
(-62,288,-98)
(-69,303,-105)
(-51,297,-95)
(-46,286,-80)
(-63,273,-91)
(-70,248,-96)
(-84,228,-126)
(-85,207,-129)
(-100,186,-152)
(-88,180,-154)
(-96,160,-172)
(-99,151,-179)
(-87,129,-207)
(-92,134,-210)
(-91,131,-207)
(-96,126,-216)
(-96,122,-212)
(-88,126,-216)
(-96,140,-208)
(-100,150,-196)
(-101,155,-199)
(-99,155,-183)
(-97,145,-185)
(-91,131,-163)
(-85,121,-161)
(-86,120,-178)
(-90,124,-184)
(-100,170,-204)
(-104,186,-208)
(-103,215,-205)
(-104,218,-210)
(-99,195,-187)
(-94,186,-178)
(-98,158,-184)
(-90,144,-190)
(-91,141,-189)
(-99,167,-203)
(-104,182,-212)
(-104,220,-210)
(-105,217,-209)
(-104,204,-200)
(-97,169,-179)
(-89,149,-179)
(-97,145,-185)
(-96,146,-190)
(-109,169,-195)
(-97,181,-197)
(-101,219,-207)
(-104,230,-208)
(-97,237,-209)
(-106,200,-204)
(-96,166,-182)
(-98,160,-174)
(-94,126,-172)
(-93,133,-167)
(-97,149,-177)
(-104,164,-176)
(-105,195,-191)
(-104,216,-200)
(-103,223,-207)
(-104,230,-214)
(-96,234,-212)
(-100,202,-198)
(-99,167,-189)
(-96,154,-184)
(-93,133,-175)
(-93,139,-167)
(-93,147,-181)
(-99,153,-179)
(-96,180,-174)
(-109,203,-201)
(-114,222,-196)
(-102,232,-208)
(-108,218,-204)
(-101,189,-191)
(-93,161,-199)
(-101,135,-209)
(-98,126,-208)
(-93,131,-213)
(-90,140,-224)
(-89,141,-239)
(-87,149,-247)
(-92,140,-258)
(-93,149,-275)
(-91,163,-285)
(-92,168,-282)
(-97,181,-287)
(-96,186,-288)
(-87,189,-287)
(-94,178,-290)
(-87,175,-291)
(-89,167,-297)
(-90,164,-284)
(-80,148,-280)
(-90,122,-260)
(-88,114,-254)
(-76,100,-234)
(-74,90,-218)
(-77,93,-209)
(-76,90,-204)
(-71,91,-201)
(-74,94,-220)
(-78,98,-246)
(-73,103,-251)
(-85,115,-277)
(-86,118,-274)
(-80,130,-294)
(-83,131,-303)
(-83,141,-305)
(-90,156,-304)
(-85,161,-309)
(-74,186,-320)
(-75,197,-337)
(-62,202,-354)
(-68,196,-354)
(-65,151,-361)
(-56,122,-352)
(-51,103,-339)
(-45,95,-347)
(-38,108,-354)
(-31,121,-359)
(-43,161,-373)
(-42,164,-376)
(-51,197,-367)
(-52,206,-368)
(-54,212,-374)
(-51,203,-367)
(-46,182,-376)
(-42,142,-368)
(-38,118,-370)
(-33,113,-363)
(-28,118,-374)
(-31,129,-375)
(-33,147,-383)
(-34,172,-386)
(-40,184,-386)
(-41,203,-385)
(-39,229,-371)
(-51,245,-369)
(-45,253,-369)
(-53,249,-365)
(-55,253,-367)
(-56,222,-358)
(-54,186,-362)
(-55,149,-359)
(-27,93,-361)
(-28,78,-348)
(-8,38,-306)
(-7,25,-257)
(-17,15,-243)
(-19,21,-215)
(-21,27,-179)
(-33,27,-167)
(-34,48,-132)
(-45,67,-129)
(-57,97,-101)
(-64,106,-92)
(-64,130,-94)
(-75,153,-93)
(-70,178,-102)
(-81,179,-101)
(-84,202,-116)
(-87,211,-113)
(-89,235,-115)
(-81,251,-131)
(-84,250,-136)
(-74,276,-150)
(-85,275,-163)
(-83,281,-173)
(-78,286,-180)
(-87,293,-185)
(-70,310,-196)
(-70,326,-186)
(-68,318,-148)
(-59,295,-105)
(-67,267,-89)
(-71,229,-61)
(-65,199,-63)
(-63,183,-67)
(-59,151,-55)
(-47,135,-57)
(-42,118,-42)
(-37,103,-43)
(-23,99,-47)
(-19,81,-35)
(-10,70,-56)
(0,48,-70)
(8,22,-88)
(16,4,-96)
(40,-16,-126)
(51,-21,-171)
(72,-36,-198)
(93,-47,-213)
(100,-36,-226)
(110,-40,-232)
(104,-44,-234)
(89,-35,-223)
(19,-11,-193)
(-37,29,-173)
(-53,51,-179)
(-86,118,-174)
(-100,188,-188)
(-96,214,-218)
(-102,226,-238)
(-88,262,-278)
(-55,295,-325)
(-18,302,-372)
(25,295,-417)
(44,282,-432)
(84,272,-450)
(101,259,-461)
(145,235,-467)
(172,208,-468)
(202,184,-456)
(224,162,-460)
(246,116,-446)
(239,95,-427)
(235,67,-407)
(242,52,-398)
(239,29,-387)
(233,19,-373)
(222,0,-360)
(206,-4,-332)
(206,-16,-322)
(196,-28,-320)
(190,-22,-308)
(186,-36,-282)
(186,-36,-274)
(177,-41,-269)
(180,-34,-254)
(173,-43,-237)
(173,-37,-233)
(171,-43,-219)
(177,-47,-189)
(179,-31,-167)
(185,-39,-145)
(194,-38,-128)
(184,-16,-100)
(188,-10,-80)
(193,-3,-67)
(195,-11,-63)
(196,-8,-58)
(186,-10,-72)
(191,-9,-77)
(185,-19,-81)
(174,-18,-82)
(194,-18,-84)
(187,-7,-75)
(200,-6,-56)
(208,8,-52)
(214,14,-48)
(206,-4,-60)
(208,-8,-72)
(200,-10,-76)
(197,-31,-89)
(195,-21,-93)
(198,-8,-66)
(212,-14,-84)
(209,-23,-95)
(221,-35,-139)
(226,-40,-166)
(230,-38,-192)
(234,-50,-204)
(230,-40,-208)
(245,-45,-237)
(243,-35,-249)
(262,-22,-278)
(283,-5,-295)
(296,2,-310)
(294,22,-324)
(292,38,-348)
(284,38,-362)
(279,43,-369)
(279,55,-369)
(286,62,-376)
(288,60,-376)
(287,73,-381)
(288,88,-396)
(281,103,-421)
(268,120,-418)
(247,147,-445)
(228,166,-450)
(226,166,-456)
(200,178,-464)
(187,177,-467)
(180,170,-468)
(167,161,-471)
(167,129,-467)
(156,118,-456)
(144,112,-450)
(110,108,-444)
(35,131,-429)
(-7,177,-399)
(-49,205,-369)
(-74,244,-320)
(-83,243,-297)
(-86,252,-264)
(-94,262,-258)
(-92,260,-254)
(-96,262,-242)
(-87,273,-231)
(-94,288,-218)
(-89,291,-217)
(-76,304,-206)
(-74,324,-190)
(-55,333,-167)
(-42,344,-120)
(-36,352,-106)
(14,360,-60)
(52,356,-22)
(76,330,8)
(114,316,24)
(119,311,31)
(137,299,37)
(154,288,42)
(173,281,43)
(185,269,45)
(193,255,45)
(206,250,56)
(217,243,57)
(227,213,45)
(228,210,48)
(228,204,42)
(247,183,49)
(254,174,48)
(246,176,42)
(253,159,41)
(253,151,45)
(258,158,42)
(253,165,39)
(248,164,42)
(245,163,51)
(216,160,54)
(206,146,56)
(169,139,57)
(164,132,60)
(145,119,63)
(117,121,55)
(112,124,52)
(103,111,47)
(99,121,57)
(119,127,57)
(146,142,66)
(174,150,70)
(194,152,62)
(219,161,55)
(237,189,59)
(234,196,54)
(230,220,40)
(231,253,47)
(228,268,42)
(215,285,45)
(211,287,31)
(207,293,37)
(211,295,39)
(206,290,26)
(209,277,35)
(208,262,46)
(223,241,49)
(203,213,53)
(203,189,59)
(192,180,64)
(178,160,66)
(168,140,60)
(134,134,52)
(118,106,50)
(117,101,45)
(102,92,40)
(83,89,37)
(76,84,32)
(83,85,27)
(81,81,31)
(76,74,32)
(84,62,16)
(72,60,22)
(55,61,17)
(49,51,9)
(62,56,12)
(53,47,-5)
(57,45,-3)
(44,42,-14)
(43,51,-13)
(38,44,-16)
(30,34,-18)
(35,33,-23)
(25,37,-33)
(28,36,-30)
(34,36,-30)
(19,27,-45)
(15,23,-51)
(14,22,-46)
(7,23,-57)
(10,26,-58)
(10,22,-60)
(7,39,-67)
(4,20,-66)
(-5,23,-77)
(-6,26,-70)
(-4,26,-72)
(-5,31,-73)
(-1,23,-55)
(19,31,-53)
(19,29,-43)
(26,32,-26)
(44,34,-14)
(51,47,3)
(63,55,13)
(72,72,14)
(57,91,21)
(66,108,36)
(67,109,37)
(68,116,38)
(70,146,52)
(70,152,44)
(70,170,54)
(68,184,46)
(82,192,56)
(72,214,50)
(75,235,45)
(70,258,42)
(66,268,38)
(78,286,28)
(62,302,24)
(68,312,20)
(73,333,11)
(71,327,15)
(75,345,3)
(76,350,-2)
(84,374,-10)
(73,371,-29)
(76,390,-48)
(72,398,-54)
(67,399,-65)
(55,405,-75)
(48,416,-104)
(39,413,-109)
(31,417,-133)
(21,417,-135)
(18,410,-162)
(10,412,-174)
(10,404,-204)
(12,410,-212)
(4,402,-222)
(2,406,-238)
(4,402,-234)
(8,408,-236)
(9,403,-235)
(15,421,-215)
(13,419,-211)
(20,418,-170)
(28,418,-154)
(18,410,-142)
(22,408,-124)
(24,398,-104)
(36,398,-94)
(39,389,-69)
(53,375,-51)
(60,366,-24)
(66,362,-22)
(71,355,-17)
(66,356,-4)
(68,348,2)
(81,339,9)
(82,328,16)
(89,321,23)
(95,313,31)
(113,293,31)
(111,279,39)
(106,280,38)
(114,260,46)
(111,243,57)
(110,232,58)
(113,215,57)
(114,212,64)
(114,204,58)
(100,186,60)
(100,178,60)
(93,173,69)
(93,161,59)
(94,156,56)
(77,137,43)
(64,120,38)
(54,112,26)
(52,108,28)
(58,106,26)
(56,98,24)
(43,101,19)
(43,93,13)
(31,93,11)
(33,79,-1)
(30,84,2)
(25,81,-1)
(16,72,-12)
(26,76,-12)
(21,67,-19)
(24,80,-16)
(22,72,-2)
(30,78,0)
(39,91,7)
(33,93,17)
(43,105,19)
(39,115,21)
(40,138,32)
(47,147,43)
(58,188,42)
(54,202,42)
(63,217,47)
(63,233,41)
(57,243,35)
(60,242,40)
(64,256,40)
(60,258,40)
(62,256,40)
(73,277,39)
(67,279,35)
(71,279,37)
(86,300,30)
(91,317,21)
(89,331,19)
(85,339,9)
(91,355,-1)
(87,369,-9)
(80,368,-10)
(71,359,-17)
(62,344,-10)
(59,341,-3)
(26,330,-8)
(17,319,-19)
(-2,316,-30)
(-25,303,-37)
(-47,291,-53)
(-61,281,-65)
(-69,269,-97)
(-80,262,-98)
(-79,251,-117)
(-86,258,-116)
(-79,255,-115)
(-66,270,-90)
(-60,284,-68)
(-51,281,-53)
(-29,297,-45)
(-12,302,-38)
(7,327,-19)
(31,325,-19)
(40,330,-16)
(48,340,-8)
(53,349,-21)
(68,350,-8)
(53,347,-11)
(46,350,-12)
(30,330,-26)
(31,339,-15)
(14,326,-28)
(-14,308,-38)
(-41,285,-51)
(-46,280,-52)
(-59,267,-67)
(-75,249,-77)
(-75,251,-85)
(-73,247,-95)
(-80,252,-86)
(-63,255,-79)
(-46,260,-58)
(-57,265,-47)
(-36,274,-42)
(-37,281,-23)
(-10,278,-26)
(8,290,-8)
(14,298,-10)
(18,304,-10)
(31,315,-5)
(48,330,-10)
(50,328,-8)
(47,331,-3)
(32,320,-14)
(32,320,0)
(25,315,-1)
(10,314,-10)
(-1,301,-15)
(-23,289,-27)
(-18,290,-36)
(-29,269,-37)
(-52,254,-52)
(-65,239,-67)
(-59,241,-71)
(-79,215,-81)
(-87,213,-95)
(-75,215,-89)
(-63,211,-79)
(-65,213,-77)
(-59,223,-57)
(-45,229,-43)
(-35,235,-33)
(-18,248,-24)
(-13,253,-3)
(11,267,3)
(29,279,9)
(35,287,21)
(44,298,16)
(45,297,13)
(40,296,18)
(32,294,8)
(16,288,-2)
(8,276,-2)
(3,279,-5)
(-17,261,-9)
(-35,251,-27)
(-43,235,-35)
(-54,216,-50)
(-58,212,-68)
(-71,207,-73)
(-75,207,-73)
(-83,195,-101)
(-80,188,-104)
(-89,179,-117)
(-95,169,-131)
(-90,168,-126)
(-86,174,-118)
(-78,184,-78)
(-68,200,-58)
(-36,220,-30)
(-27,241,-21)
(-22,256,-10)
(-13,261,-9)
(11,273,-5)
(27,283,19)
(39,289,11)
(51,303,9)
(50,302,6)
(35,301,7)
(13,283,9)
(16,288,8)
(18,278,-4)
(-21,269,-21)
(-20,258,-14)
(-42,246,-46)
(-53,223,-43)
(-54,218,-50)
(-66,206,-62)
(-73,197,-73)
(-73,193,-87)
(-72,190,-62)
(-51,197,-43)
(-28,216,-16)
(-17,219,-5)
(10,236,20)
(40,250,32)
(57,249,41)
(67,265,43)
(76,256,42)
(83,267,43)
(78,272,36)
(62,272,30)
(57,271,29)
(39,265,19)
(25,259,23)
(-4,244,8)
(-11,245,-1)
(-30,214,-22)
(-49,203,-33)
(-58,206,-42)
(-69,199,-65)
(-66,180,-68)
(-77,175,-83)
(-68,174,-68)
(-52,172,-44)
(-34,174,-16)
(-23,163,-3)
(2,176,20)
(27,183,27)
(43,189,39)
(68,206,52)
(90,222,50)
(97,235,55)
(100,240,64)
(91,237,61)
(100,240,60)
(100,242,56)
(96,240,62)
(94,232,52)
(80,224,54)
(80,226,56)
(67,215,53)
(41,197,43)
(17,185,37)
(17,187,27)
(7,175,21)
(-2,172,20)
(-17,165,7)
(-28,150,-20)
(-32,156,-16)
(-44,152,-26)
(-51,141,-39)
(-58,136,-42)
(-58,146,-42)
(-36,154,-24)
(-24,162,-4)
(-18,174,8)
(-1,173,23)
(5,177,29)
(3,177,19)
(29,199,39)
(28,206,36)
(43,211,41)
(48,214,38)
(40,210,44)
(45,215,37)
(36,196,38)
(29,195,41)
(24,198,30)
(6,188,24)
(2,180,14)
(-3,175,13)
(-14,170,10)
(-31,161,-1)
(-26,164,-16)
(-37,149,-11)
(-39,149,-25)
(-47,155,-25)
(-39,145,-27)
(-35,151,-15)
(-33,159,-7)
(-16,168,0)
(-10,178,14)
(-8,182,22)
(6,192,30)
(23,197,31)
(30,210,36)
(44,226,40)
(46,230,46)
(47,229,37)
(54,242,40)
(47,237,35)
(45,235,35)
(46,224,44)
(42,220,42)
(25,209,33)
(8,182,30)
(-9,173,11)
(-24,148,-8)
(-37,137,-7)
(-27,137,-17)
(-33,131,-21)
(-33,115,-29)
(-37,109,-49)
(-42,96,-58)
(-48,102,-54)
(-31,95,-53)
(-30,104,-40)
(-28,100,-32)
(-17,109,-19)
(-2,120,-6)
(12,134,14)
(6,150,16)
(24,158,30)
(46,174,36)
(50,188,42)
(44,194,48)
(45,193,45)
(45,195,53)
(41,201,41)
(40,180,40)
(36,184,42)
(32,178,40)
(16,164,32)
(-4,136,8)
(-2,122,-2)
(-21,115,-13)
(-38,98,-30)
(-25,93,-59)
(-30,82,-52)
(-41,73,-65)
(-38,60,-70)
(-42,56,-90)
(-36,40,-118)
(-42,52,-96)
(-39,65,-71)
(-29,71,-65)
(-22,88,-28)
(-10,104,-20)
(-1,127,5)
(5,139,3)
(6,160,20)
(30,174,34)
(43,199,43)
(56,218,56)
(70,226,50)
(79,227,45)
(73,237,55)
(82,238,54)
(65,227,47)
(60,216,52)
(51,197,45)
(31,183,29)
(17,165,23)
(2,142,14)
(-10,148,0)
(-22,118,-14)
(-37,111,-47)
(-42,96,-58)
(-44,78,-86)
(-46,68,-96)
(-43,65,-113)
(-51,53,-131)
(-52,44,-150)
(-45,37,-159)
(-38,32,-152)
(-29,23,-155)
(-21,11,-177)
(-14,10,-176)
(-18,24,-158)
(-30,28,-126)
(-28,50,-100)
(-28,54,-76)
(-33,73,-55)
(-16,88,-32)
(2,110,4)
(20,114,12)
(31,133,29)
(57,133,43)
(94,150,58)
(131,165,71)
(149,179,73)
(147,183,75)
(146,170,72)
(126,170,72)
(106,176,64)
(98,170,66)
(61,153,51)
(52,144,44)
(25,129,25)
(-3,119,5)
(-21,99,-27)
(-34,84,-46)
(-38,66,-82)
(-40,60,-96)
(-43,53,-123)
(-48,50,-132)
(-35,35,-135)
(-42,44,-112)
(-27,45,-101)
(-24,52,-72)
(-10,66,-44)
(-9,75,-29)
(6,76,-24)
(25,87,-1)
(33,97,15)
(52,104,38)
(61,103,37)
(73,111,43)
(89,113,43)
(78,124,44)
(74,114,36)
(72,110,38)
(65,97,33)
(58,104,22)
(19,83,-1)
(-3,81,-29)
(-24,66,-52)
(-30,54,-88)
(-24,34,-110)
(-33,31,-141)
(-32,24,-194)
(-15,9,-227)
(2,14,-246)
(6,-8,-254)
(5,-1,-255)
(-6,2,-220)
(-17,9,-211)
(-19,19,-173)
(-26,24,-128)
(-12,20,-118)
(-10,40,-80)
(9,55,-41)
(34,62,-14)
(40,72,0)
(65,87,29)
(71,91,29)
(87,101,37)
(80,102,52)
(70,114,44)
(68,102,34)
(45,89,27)
(35,91,9)
(9,75,-13)
(-2,60,-32)
(-17,53,-67)
(-33,41,-87)
(-33,43,-111)
(-45,33,-139)
(-41,35,-165)
(-41,29,-175)
(-28,28,-186)
(-32,20,-210)
(-26,10,-216)
(-28,14,-206)
(-20,12,-182)
(-30,18,-150)
(-21,27,-123)
(-30,32,-110)
(-9,45,-69)
(-7,55,-45)
(2,54,-32)
(11,73,-15)
(31,97,19)
(47,115,35)
(62,122,34)
(66,138,48)
(83,143,49)
(74,152,48)
(72,136,52)
(58,128,46)
(53,121,41)
(40,112,34)
(21,95,13)
(-9,77,-31)
(-22,50,-70)
(-28,36,-102)
(-33,31,-129)
(-38,30,-156)
(-46,16,-164)
(-33,17,-189)
(-30,20,-216)
(-18,12,-224)
(-21,11,-235)
(-36,10,-218)
(-38,18,-202)
(-51,39,-163)
(-55,53,-149)
(-68,74,-124)
(-71,93,-121)
(-72,100,-112)
(-80,124,-112)
(-85,131,-125)
(-92,140,-126)
(-100,166,-134)
(-102,204,-142)
(-105,239,-161)
(-96,264,-182)
(-101,271,-207)
(-84,296,-232)
(-79,301,-243)
(-72,306,-262)
(-66,310,-278)
(-56,314,-324)
(-46,310,-328)
(-30,308,-344)
(-39,301,-357)
(-19,299,-371)
(-17,291,-383)
(-2,282,-394)
(-1,265,-407)
(5,257,-415)
(-3,249,-401)
(10,222,-414)
(7,211,-413)
(-5,205,-403)
(-16,208,-402)
(-16,198,-390)
(-27,189,-393)
(-26,180,-382)
(-37,177,-375)
(-49,183,-357)
(-65,199,-335)
(-69,207,-323)
(-82,232,-282)
(-89,249,-243)
(-82,264,-184)
(-71,277,-163)
(-69,293,-141)
(-66,312,-122)
(-49,333,-115)
(-23,345,-101)
(-8,356,-88)
(-3,369,-117)
(12,390,-132)
(12,402,-160)
(10,412,-180)
(11,409,-199)
(10,412,-212)
(7,409,-203)
(14,396,-198)
(8,410,-196)
(14,404,-206)
(14,412,-210)
(10,406,-236)
(-9,395,-245)
(-15,379,-267)
(-31,363,-301)
(-38,306,-332)
(-43,261,-363)
(-30,214,-382)
(-5,169,-395)
(25,109,-415)
(74,80,-422)
(123,65,-417)
(167,49,-407)
(194,54,-404)
(242,62,-402)
(264,58,-396)
(286,76,-370)
(328,92,-352)
(345,113,-337)
(356,140,-328)
(366,146,-330)
(367,173,-327)
(369,183,-329)
(365,175,-327)
(362,172,-336)
(364,172,-340)
(368,164,-346)
(351,159,-347)
(356,150,-350)
(351,145,-345)
(341,145,-355)
(344,142,-358)
(331,131,-363)
(321,119,-373)
(293,95,-391)
(253,89,-405)
(236,70,-412)
(161,61,-409)
(92,64,-412)
(64,68,-400)
(16,86,-374)
(-24,98,-348)
(-51,119,-307)
(-79,143,-287)
(-88,178,-232)
(-90,230,-180)
(-81,247,-139)
(-61,281,-107)
(-33,301,-79)
(-26,296,-62)
(-3,289,-21)
(30,266,12)
(52,244,18)
(63,229,29)
(73,203,43)
(81,183,49)
(102,164,48)
(106,158,46)
(118,144,46)
(129,131,43)
(135,119,37)
(128,122,34)
(116,138,42)
(80,156,48)
(60,166,32)
(20,160,8)
(-22,140,-28)
(-69,137,-93)
(-74,128,-122)
(-81,121,-207)
(-63,101,-267)
(-44,98,-316)
(0,98,-354)
(25,93,-389)
(77,85,-407)
(109,71,-411)
(131,75,-425)
(133,75,-425)
(105,81,-423)
(56,106,-422)
(8,144,-406)
(-34,178,-376)
(-49,195,-363)
(-65,231,-323)
(-78,258,-302)
(-73,279,-269)
(-75,301,-225)
(-71,309,-217)
(-26,348,-120)
(28,372,-84)
(54,374,-58)
(81,373,-31)
(88,378,-44)
(97,371,-33)
(113,367,-29)
(119,363,-23)
(138,358,-10)
(155,355,-9)
(190,338,-4)
(216,334,12)
(236,310,20)
(260,282,14)
(277,253,25)
(299,231,3)
(316,242,-12)
(323,253,-19)
(322,286,-32)
(316,308,-48)
(305,349,-53)
(283,359,-67)
(252,380,-74)
(226,394,-62)
(212,396,-76)
(222,396,-70)
(216,390,-64)
(240,378,-48)
(270,350,-40)
(272,342,-30)
(286,282,2)
(288,264,4)
(285,223,21)
(264,180,32)
(242,158,34)
(211,135,43)
(148,132,38)
(89,119,37)
(68,110,22)
(34,106,12)
(4,94,-12)
(-22,88,-42)
(-19,77,-71)
(-26,70,-88)
(-22,54,-106)
(-28,48,-134)
(-26,28,-158)
(-18,30,-158)
(-24,34,-144)
(-25,51,-107)
(-9,79,-43)
(8,92,-18)
(37,127,9)
(62,136,26)
(86,156,36)
(107,179,45)
(122,188,56)
(131,199,57)
(127,199,57)
(125,181,59)
(113,181,53)
(106,166,52)
(92,144,44)
(96,110,28)
(92,100,24)
(89,79,15)
(75,57,-1)
(89,39,-11)
(99,33,-21)
(120,22,-24)
(122,20,-20)
(140,30,-24)
(158,30,-24)
(164,22,-24)
(166,24,-28)
(177,29,-31)
(186,16,-26)
(188,18,-30)
(194,22,-36)
(192,18,-38)
(203,31,-31)
(198,24,-24)
(193,29,-29)
(189,25,-31)
(196,26,-34)
(194,26,-38)
(194,28,-26)
(196,28,-28)
(195,29,-29)
(198,28,-28)
(216,38,-26)
(241,49,-31)
(245,53,-35)
(279,65,-31)
(284,74,-40)
(283,63,-29)
(282,78,-36)
(284,98,-26)
(307,113,-19)
(303,115,-19)
(291,111,-15)
(273,97,-7)
(238,82,-2)
(190,70,18)
(135,65,9)
(99,63,9)
(78,60,-4)
(58,46,-22)
(59,45,-43)
(44,36,-44)
(30,40,-52)
(18,32,-82)
(14,22,-102)
(18,10,-116)
(16,14,-124)
(14,8,-140)
(18,-4,-142)
(11,1,-145)
(14,16,-124)
(6,32,-110)
(5,45,-67)
(25,59,-39)
(36,68,-20)
(44,80,-2)
(64,90,6)
(70,100,18)
(82,110,30)
(99,127,21)
(102,122,32)
(79,95,29)
(62,88,14)
(62,84,-4)
(35,53,-21)
(24,40,-48)
(17,41,-61)
(11,29,-83)
(0,18,-110)
(2,10,-124)
(13,9,-135)
(8,20,-136)
(-4,18,-128)
(3,33,-97)
(10,50,-68)
(33,57,-33)
(49,57,-13)
(75,63,9)
(116,62,12)
(139,63,7)
(178,64,24)
(199,67,15)
(231,73,9)
(250,80,4)
(262,88,4)
(278,100,10)
(285,105,3)
(292,116,-2)
(304,134,-6)
(309,139,-7)
(309,139,-19)
(318,136,-12)
(325,133,-11)
(301,109,-11)
(269,79,-5)
(205,43,-11)
(186,42,-4)
(144,36,-4)
(83,31,-21)
(32,38,-46)
(-23,55,-93)
(-45,77,-123)
(-63,95,-145)
(-73,121,-163)
(-87,133,-175)
(-93,151,-193)
(-90,156,-204)
(-92,172,-216)
(-98,186,-236)
(-97,191,-231)
(-98,198,-236)
(-99,203,-239)
(-99,211,-237)
(-102,218,-236)
(-98,220,-232)
(-92,198,-228)
(-97,167,-219)
(-88,128,-190)
(-77,111,-159)
(-63,91,-145)
(-32,64,-102)
(-4,52,-80)
(28,50,-42)
(59,51,-21)
(82,58,-4)
(109,71,17)
(110,78,12)
(161,81,29)
(174,96,28)
(179,93,27)
(177,97,31)
(177,95,33)
(171,89,31)
(164,68,20)
(154,70,26)
(142,66,20)
(128,56,2)
(125,47,11)
(126,56,4)
(111,35,-17)
(103,47,-19)
(128,42,-4)
(140,36,-4)
(171,45,9)
(179,49,13)
(204,68,14)
(233,101,17)
(248,110,6)
(258,122,12)
(260,110,14)
(266,126,20)
(274,148,14)
(289,187,13)
(301,221,-3)
(295,269,-5)
(293,307,-11)
(264,356,-40)
(222,402,-74)
(157,435,-107)
(122,442,-148)
(67,439,-201)
(29,423,-249)
(30,420,-262)
(18,402,-294)
(13,381,-321)
(2,360,-338)
(-7,351,-351)
(-4,338,-362)
(-11,309,-371)
(-10,296,-386)
(-11,279,-395)
(2,262,-404)
(4,278,-412)
(17,261,-427)
(41,255,-435)
(67,249,-453)
(83,235,-455)
(90,228,-458)
(84,202,-454)
(86,192,-462)
(85,159,-451)
(89,141,-439)
(75,111,-435)
(65,99,-427)
(53,83,-413)
(52,68,-394)
(43,61,-383)
(39,49,-373)
(42,32,-362)
(35,37,-357)
(34,32,-354)
(31,27,-359)
(27,29,-353)
(27,35,-359)
(30,36,-358)
(24,58,-368)
(39,57,-371)
(48,46,-376)
(60,40,-372)
(65,29,-369)
(72,24,-364)
(62,8,-348)
(67,7,-337)
(66,-2,-318)
(72,-20,-306)
(77,-27,-287)
(74,-30,-280)
(76,-40,-252)
(78,-32,-246)
(77,-33,-221)
(78,-40,-206)
(80,-40,-214)
(81,-47,-193)
(85,-51,-185)
(87,-45,-163)
(92,-40,-160)
(97,-47,-151)
(97,-41,-137)
(90,-36,-116)
(92,-36,-116)
(100,-32,-100)
(100,-34,-100)
(105,-23,-91)
(115,-17,-81)
(114,-20,-68)
(121,-15,-59)
(128,-8,-58)
(126,-6,-50)
(133,-3,-41)
(136,8,-28)
(141,17,-21)
(134,22,-14)
(138,24,2)
(135,35,-1)
(140,46,12)
(141,55,9)
(141,51,11)
(151,51,7)
(146,46,8)
(145,21,-17)
(143,-5,-41)
(137,-27,-87)
(130,-40,-122)
(130,-54,-168)
(130,-52,-212)
(122,-54,-256)
(114,-38,-288)
(98,-6,-332)
(102,4,-358)
(83,53,-399)
(82,64,-412)
(79,115,-435)
(81,121,-437)
(80,158,-454)
(84,190,-466)
(101,225,-463)
(120,252,-466)
(137,281,-453)
(146,306,-452)
(162,312,-438)
(172,326,-434)
(182,340,-418)
(186,348,-420)
(199,363,-413)
(201,367,-407)
(198,358,-402)
(195,347,-413)
(183,343,-415)
(166,298,-450)
(158,286,-464)
(147,239,-461)
(140,200,-472)
(138,146,-458)
(145,135,-453)
(144,86,-436)
(142,54,-416)
(139,19,-389)
(140,10,-370)
(130,-14,-336)
(123,-17,-327)
(125,-37,-305)
(125,-37,-259)
(120,-44,-248)
(121,-57,-219)
(119,-51,-197)
(114,-58,-160)
(113,-45,-157)
(115,-49,-133)
(111,-45,-119)
(106,-26,-94)
(106,-18,-82)
(104,-12,-66)
(124,-10,-46)
(130,6,-26)
(146,16,-18)
(155,29,-7)
(157,45,5)
(157,57,19)
(160,62,20)
(167,69,23)
(164,78,30)
(171,95,31)
(174,106,40)
(169,93,39)
(173,87,33)
(174,52,6)
(182,12,-30)
(175,-33,-81)
(165,-43,-115)
(155,-51,-163)
(153,-49,-211)
(137,-51,-261)
(133,-33,-297)
(124,-14,-340)
(94,18,-372)
(87,25,-379)
(73,59,-401)
(56,82,-420)
(63,115,-433)
(67,155,-449)
(88,178,-460)
(81,199,-459)
(111,241,-467)
(102,256,-468)
(118,286,-458)
(117,299,-441)
(120,312,-438)
(125,325,-435)
(126,336,-436)
(132,342,-424)
(135,349,-417)
(135,367,-409)
(135,357,-403)
(137,361,-407)
(156,362,-412)
(164,354,-410)
(191,351,-417)
(211,347,-417)
(224,336,-418)
(246,330,-420)
(264,306,-418)
(287,301,-419)
(305,287,-409)
(325,283,-403)
(318,284,-384)
(337,271,-367)
(355,249,-367)
(371,231,-333)
(384,220,-318)
(395,217,-317)
(398,210,-304)
(398,196,-292)
(400,174,-280)
(399,165,-299)
(382,176,-328)
(392,192,-330)
(377,225,-341)
(356,258,-356)
(333,299,-375)
(299,323,-387)
(250,344,-408)
(232,344,-416)
(199,333,-429)
(179,315,-439)
(160,304,-450)
(139,273,-449)
(125,265,-455)
(107,239,-459)
(100,214,-462)
(87,175,-451)
(83,135,-445)
(79,101,-433)
(67,81,-419)
(62,48,-384)
(53,29,-359)
(54,14,-348)
(48,10,-340)
(42,0,-318)
(46,-6,-298)
(47,-11,-281)
(40,-22,-266)
(50,-26,-262)
(55,-33,-249)
(49,-29,-229)
(32,-24,-230)
(-3,1,-231)
(-38,44,-234)
(-75,107,-219)
(-99,171,-191)
(-94,182,-174)
(-96,240,-154)
(-80,258,-128)
(-73,273,-125)
(-49,319,-99)
(-19,347,-81)
(17,375,-77)
(50,386,-68)
(52,382,-66)
(71,397,-69)
(78,402,-68)
(76,382,-68)
(80,392,-50)
(34,382,-54)
(13,357,-69)
(-23,331,-79)
(-35,319,-87)
(-54,308,-94)
(-69,285,-119)
(-76,282,-120)
(-61,291,-111)
(-52,310,-90)
(-38,336,-84)
(-11,345,-73)
(17,339,-59)
(24,356,-44)
(40,362,-42)
(44,362,-34)
(40,356,-38)
(18,346,-42)
(-2,338,-60)
(-17,325,-63)
(-53,305,-93)
(-65,277,-107)
(-81,261,-135)
(-87,247,-143)
(-89,261,-131)
(-78,254,-116)
(-60,282,-88)
(-28,310,-52)
(-7,325,-49)
(19,343,-33)
(46,348,-26)
(64,360,-32)
(48,350,-24)
(31,347,-33)
(10,332,-40)
(-15,311,-49)
(-37,301,-73)
(-64,288,-96)
(-83,263,-117)
(-85,241,-131)
(-85,239,-145)
(-77,253,-125)
(-53,275,-83)
(-24,296,-48)
(-14,298,-28)
(7,309,-15)
(16,308,-10)
(29,309,-3)
(7,295,-5)
(-12,276,-30)
(-17,279,-31)
(-51,265,-49)
(-57,231,-63)
(-70,226,-70)
(-69,225,-67)
(-44,246,-42)
(-9,257,-15)
(2,268,-4)
(14,276,4)
(29,271,11)
(29,265,23)
(32,260,28)
(30,258,16)
(-3,247,3)
(-29,239,-13)
(-46,222,-30)
(-57,215,-43)
(-49,209,-43)
(-39,215,-21)
(-26,228,-10)
(0,238,4)
(18,244,12)
(16,252,16)
(26,260,24)
(34,254,22)
(22,260,18)
(9,255,7)
(-9,245,-7)
(-29,223,-9)
(-41,203,-27)
(-57,191,-57)
(-77,171,-75)
(-65,169,-77)
(-65,175,-45)
(-32,186,-12)
(-15,203,5)
(-7,205,13)
(1,209,21)
(27,217,25)
(23,225,23)
(26,222,30)
(15,217,21)
(-11,205,-3)
(-36,202,-26)
(-48,198,-44)
(-70,216,-66)
(-82,230,-102)
(-90,240,-134)
(-90,248,-168)
(-96,260,-190)
(-88,274,-210)
(-87,279,-231)
(-86,280,-250)
(-88,262,-258)
(-79,249,-271)
(-83,243,-277)
(-84,228,-294)
(-83,205,-311)
(-85,205,-321)
(-78,194,-324)
(-87,213,-297)
(-88,242,-286)
(-86,280,-272)
(-81,307,-263)
(-59,337,-251)
(-55,335,-259)
(-49,347,-287)
(-34,356,-306)
(-10,366,-314)
(6,376,-320)
(11,379,-333)
(41,389,-341)
(37,385,-339)
(45,389,-345)
(50,396,-344)
(49,387,-349)
(-4,372,-332)
(-40,344,-300)
(-62,324,-278)
(-75,313,-251)
(-91,279,-231)
(-100,260,-236)
(-102,234,-226)
(-98,212,-226)
(-102,188,-206)
(-99,159,-207)
(-96,134,-196)
(-89,121,-203)
(-86,104,-186)
(-67,75,-185)
(-61,61,-197)
(-62,56,-196)
(-79,93,-205)
(-92,162,-222)
(-99,187,-253)
(-89,227,-293)
(-72,248,-326)
(-53,277,-351)
(-25,299,-369)
(-7,311,-387)
(45,341,-405)
(66,350,-402)
(107,345,-411)
(142,346,-422)
(175,343,-427)
(192,340,-426)
(231,325,-421)
(256,306,-414)
(288,294,-416)
(310,276,-390)
(341,251,-389)
(337,233,-373)
(360,218,-354)
(363,197,-349)
(372,186,-338)
(371,145,-323)
(361,119,-319)
(348,84,-336)
(343,79,-331)
(343,89,-335)
(348,114,-354)
(359,145,-361)
(365,191,-359)
(353,245,-365)
(339,293,-375)
(300,328,-380)
(271,343,-399)
(225,333,-429)
(190,300,-454)
(144,272,-462)
(117,221,-461)
(95,185,-465)
(75,149,-445)
(78,108,-428)
(74,70,-412)
(91,25,-377)
(109,-5,-331)
(114,-20,-318)
(115,-23,-295)
(120,-30,-286)
(116,-42,-258)
(123,-37,-231)
(121,-31,-207)
(111,-43,-185)
(112,-48,-170)
(111,-37,-161)
(113,-31,-137)
(99,-29,-129)
(107,-21,-129)
(96,-24,-122)
(97,-17,-111)
(95,-15,-97)
(94,-12,-80)
(97,-5,-77)
(92,-12,-104)
(78,-32,-182)
(76,-24,-274)
(72,-14,-304)
(79,71,-411)
(98,156,-462)
(107,243,-459)
(109,267,-463)
(144,342,-424)
(158,362,-408)
(192,398,-378)
(221,419,-333)
(260,422,-298)
(284,412,-268)
(328,402,-258)
(339,377,-253)
(372,322,-266)
(389,301,-265)
(397,281,-269)
(400,258,-270)
(395,259,-257)
(405,247,-267)
(403,245,-275)
(403,253,-283)
(401,287,-275)
(382,306,-266)
(349,367,-247)
(328,388,-270)
(318,392,-298)
(282,396,-326)
(254,382,-358)
(239,365,-389)
(235,359,-395)
(228,354,-408)
(221,345,-409)
(224,340,-416)
(220,334,-416)
(218,338,-420)
(212,340,-426)
(214,360,-408)
(224,382,-372)
(235,401,-345)
(248,412,-318)
(262,416,-298)
(271,423,-293)
(271,411,-303)
(284,406,-318)
(286,392,-318)
(290,386,-338)
(297,387,-329)
(300,378,-332)
(301,367,-347)
(310,364,-348)
(305,359,-343)
(310,368,-348)
(322,362,-330)
(311,365,-319)
(319,389,-295)
(314,392,-296)
(288,422,-254)
(259,445,-237)
(252,440,-238)
(241,451,-241)
(237,449,-237)
(222,442,-248)
(229,445,-251)
(233,451,-253)
(227,447,-241)
(210,454,-230)
(213,455,-233)
(175,453,-243)
(168,456,-240)
(152,456,-248)
(132,458,-256)
(136,452,-256)
(112,454,-268)
(87,443,-265)
(72,442,-282)
(63,431,-293)
(54,426,-286)
(47,429,-295)
(42,430,-296)
(34,420,-302)
(21,411,-305)
(19,401,-329)
(25,399,-337)
(11,383,-345)
(13,375,-357)
(21,379,-359)
(13,367,-367)
(11,357,-367)
(16,346,-382)
(7,341,-395)
(15,341,-389)
(7,341,-381)
(-2,362,-358)
(-15,361,-345)
(-16,384,-312)
(-10,378,-304)
(22,434,-206)
(34,434,-196)
(67,457,-169)
(75,453,-169)
(120,456,-184)
(114,462,-178)
(111,461,-159)
(128,458,-128)
(153,461,-123)
(170,458,-166)
(192,458,-206)
(170,462,-210)
(143,463,-185)
(142,460,-168)
(161,445,-135)
(186,452,-158)
(176,462,-178)
(151,465,-211)
(146,466,-220)
(73,453,-193)
(47,447,-205)
(17,433,-215)
(0,412,-232)
(-4,420,-246)
(-11,401,-279)
(-15,377,-299)
(-20,380,-314)
(-9,363,-349)
(-19,349,-357)
(-16,362,-336)
(-19,387,-261)
(-1,415,-197)
(102,448,-114)
(145,439,-103)
(217,437,-109)
(256,420,-122)
(275,429,-129)
(306,404,-142)
(321,393,-155)
(357,373,-185)
(380,346,-216)
(386,318,-250)
(386,314,-270)
(386,308,-272)
(389,337,-241)
(339,363,-177)
(296,420,-136)
(213,443,-131)
(138,454,-142)
(85,451,-165)
(42,442,-198)
(19,433,-237)
(18,420,-266)
(9,409,-291)
(9,407,-291)
(5,403,-305)
(5,405,-307)
(-1,379,-319)
(-15,395,-299)
(43,435,-189)
(115,457,-155)
(154,458,-152)
(193,455,-145)
(241,443,-157)
(277,435,-187)
(289,431,-191)
(336,384,-258)
(342,356,-300)
(345,315,-341)
(344,312,-362)
(328,308,-382)
(308,332,-388)
(253,373,-371)
(198,410,-360)
(179,423,-351)
(95,445,-265)
(48,428,-196)
(21,401,-139)
(1,399,-135)
(-39,323,-81)
(-59,271,-73)
(-67,219,-67)
(-71,201,-71)
(-70,134,-74)
(-56,108,-82)
(-49,95,-69)
(-45,71,-101)
(-44,54,-114)
(-43,53,-127)
(-52,62,-104)
(-46,80,-110)
(-67,141,-87)
(-73,189,-85)
(-64,250,-100)
(-72,300,-136)
(-61,313,-151)
(-46,362,-234)
(-35,371,-257)
(27,371,-343)
(69,375,-381)
(118,360,-414)
(144,332,-442)
(181,299,-455)
(205,265,-467)
(228,206,-470)
(226,144,-460)
(208,102,-452)
(211,83,-447)
(185,47,-427)
(197,75,-439)
(235,103,-443)
(249,135,-449)
(298,266,-418)
(261,321,-417)
(245,331,-415)
(158,320,-432)
(138,316,-450)
(63,251,-443)
(29,183,-427)
(14,130,-396)
(0,98,-384)
(-10,72,-356)
(-23,69,-321)
(-54,86,-278)
(-69,99,-221)
(-69,107,-175)
(-62,82,-144)
(-41,55,-151)
(-19,33,-163)
(-17,31,-165)
(4,20,-216)
(4,14,-246)
(20,16,-284)
(17,25,-303)
(18,36,-312)
(13,37,-319)
(19,17,-289)
(6,6,-232)
(1,13,-189)
(-16,38,-140)
(-37,69,-117)
(-61,117,-107)
(-79,131,-119)
(-94,196,-130)
(-95,241,-167)
(-87,267,-231)
(-72,278,-266)
(-77,287,-287)
(-56,272,-336)
(-49,269,-347)
(-43,253,-379)
(-31,237,-373)
(-25,219,-393)
(-15,193,-387)
(-15,171,-397)
(0,152,-392)
(2,126,-398)
(-5,115,-379)
(-7,111,-379)
(-11,117,-375)
(-16,152,-390)
(-13,175,-389)
(-25,211,-387)
(-43,249,-375)
(-41,271,-351)
(-41,295,-335)
(-31,351,-283)
(-27,365,-221)
(-24,360,-194)
(-35,369,-175)
(-26,346,-122)
(-19,343,-111)
(-16,318,-68)
(-16,308,-52)
(-5,245,-25)
(13,205,13)
(23,171,19)
(32,154,20)
(36,146,24)
(47,119,13)
(37,107,3)
(51,103,9)
(45,87,11)
(41,89,1)
(46,88,2)
(45,87,-3)
(36,108,8)
(41,119,7)
(21,151,9)
(11,195,13)
(13,193,1)
(1,215,-7)
(-13,237,-27)
(-8,246,-24)
(-21,265,-39)
(-38,276,-56)
(-29,283,-61)
(-38,306,-92)
(-45,323,-97)
(-41,325,-107)
(-30,338,-120)
(-49,333,-131)
(-64,312,-158)
(-70,298,-178)
(-77,239,-251)
(-62,180,-320)
(-43,153,-351)
(35,91,-395)
(133,45,-403)
(167,49,-395)
(248,60,-386)
(269,67,-377)
(274,70,-380)
(261,71,-387)
(231,63,-401)
(181,67,-407)
(150,72,-422)
(63,97,-411)
(35,109,-403)
(-48,148,-344)
(-84,174,-286)
(-94,208,-248)
(-92,210,-218)
(-81,247,-121)
(-62,260,-86)
(-53,263,-95)
(-57,261,-97)
(-59,267,-81)
(-35,263,-61)
(-40,274,-62)
(-31,271,-67)
(-72,268,-132)
(-99,229,-199)
(-92,218,-226)
(-86,190,-288)
(-72,186,-310)
(-9,155,-385)
(65,127,-419)
(137,107,-441)
(208,110,-438)
(251,113,-419)
(261,117,-425)
(203,101,-427)
(139,121,-445)
(119,111,-445)
(26,140,-406)
(-31,171,-369)
(-64,194,-338)
(-93,235,-255)
(-87,285,-185)
(-71,293,-153)
(-39,327,-111)
(-30,322,-100)
(-26,334,-94)
(-24,334,-104)
(-40,330,-146)
(-61,311,-161)
(-65,247,-319)
(3,177,-403)
(49,141,-423)
(80,120,-426)
(138,104,-438)
(132,118,-440)
(126,116,-444)
(46,160,-426)
(-14,192,-402)
(-27,213,-373)
(-73,265,-291)
(-69,287,-267)
(-62,330,-178)
(-61,327,-149)
(-52,322,-138)
(-97,249,-253)
(-58,200,-334)
(3,171,-403)
(54,150,-440)
(81,145,-445)
(102,138,-448)
(53,161,-443)
(21,173,-433)
(-60,228,-348)
(-77,269,-299)
(-81,283,-239)
(-61,317,-185)
(-64,312,-164)
(-69,303,-171)
(-97,233,-199)
(-97,181,-235)
(-88,144,-254)
(-81,125,-255)
(-52,80,-264)
(-40,50,-260)
(-31,47,-245)
(-23,37,-243)
(-9,23,-255)
(-10,30,-250)
(9,27,-297)
(24,24,-326)
(17,35,-337)
(39,69,-397)
(45,119,-429)
(33,157,-445)
(27,181,-437)
(-1,225,-437)
(1,251,-419)
(-3,263,-417)
(-22,286,-380)
(-24,308,-356)
(-40,308,-346)
(-57,315,-313)
(-51,315,-311)
(-60,310,-300)
(-65,291,-299)
(-69,289,-305)
(-75,239,-329)
(-67,183,-343)
(-28,68,-324)
(-37,31,-265)
(-42,40,-238)
(-46,48,-222)
(-41,49,-215)
(-51,59,-191)
(-60,88,-166)
(-76,98,-160)
(-96,176,-162)
(-91,249,-193)
(-88,260,-210)
(-65,331,-257)
(-49,343,-253)
(6,378,-308)
(25,377,-339)
(45,377,-355)
(68,376,-380)
(96,358,-406)
(109,351,-409)
(149,317,-433)
(150,306,-448)
(170,240,-470)
(175,229,-463)
(162,142,-468)
(159,113,-457)
(155,91,-449)
(138,52,-416)
(144,40,-404)
(140,8,-362)
(124,-10,-328)
(119,-15,-325)
(98,-24,-282)
(83,-29,-237)
(71,-27,-211)
(66,-26,-174)
(57,-15,-149)
(63,-11,-123)
(65,-9,-105)
(66,2,-90)
(69,-3,-85)
(60,6,-76)
(65,9,-79)
(55,15,-57)
(52,24,-52)
(50,36,-46)
(52,46,-32)
(51,45,-35)
(61,55,-23)
(56,50,-14)
(69,61,-1)
(82,78,2)
(84,98,22)
(90,118,30)
(84,122,38)
(89,115,33)
(85,97,27)
(88,90,22)
(88,76,8)
(90,64,16)
(69,35,-19)
(91,13,-45)
(120,10,-28)
(211,41,1)
(264,76,-10)
(301,103,-19)
(297,89,-27)
(271,25,-73)
(214,-44,-144)
(174,-40,-166)
(45,-19,-233)
(13,-7,-235)
(-23,33,-233)
(5,11,-241)
(158,-46,-200)
(262,-22,-160)
(291,5,-139)
(333,51,-107)
(341,69,-89)
(364,140,-80)
(386,120,-156)
(377,95,-255)
(369,89,-279)
(347,149,-371)
(329,187,-401)
(278,230,-432)
(252,240,-444)
(213,233,-455)
(197,229,-461)
(168,150,-462)
(172,88,-442)
(167,31,-391)
(162,-6,-340)
(159,-35,-307)
(157,-27,-303)
(152,-32,-300)
(139,-37,-303)
(136,-34,-298)
(121,-41,-291)
(108,-42,-278)
(60,-20,-272)
(24,2,-276)
(1,29,-289)
(-10,44,-298)
(-42,108,-326)
(-81,145,-303)
(-90,174,-266)
(-96,162,-258)
(-110,160,-184)
(-94,140,-136)
(-81,123,-121)
(-51,123,-59)
(-33,97,-59)
(-21,83,-57)
(-12,50,-96)
(-1,9,-141)
(10,8,-162)
(13,-1,-195)
(18,4,-210)
(33,-3,-257)
(37,-1,-283)
(46,14,-324)
(44,18,-326)
(46,40,-358)
(36,44,-358)
(36,56,-382)
(42,66,-386)
(38,86,-406)
(52,104,-424)
(53,109,-433)
(54,106,-426)
(50,82,-410)
(50,44,-380)
(50,8,-334)
(56,-20,-270)
(49,-19,-213)
(36,-28,-190)
(6,18,-116)
(-6,30,-112)
(-43,107,-83)
(-64,150,-84)
(-72,170,-98)
(-87,221,-129)
(-91,221,-159)
(-93,251,-205)
(-93,257,-221)
(-87,243,-283)
(-66,242,-300)
(-76,230,-302)
(-68,222,-334)
(-63,211,-337)
(-54,206,-356)
(-54,202,-360)
(-34,174,-372)
(-36,154,-378)
(-42,146,-374)
(-32,138,-370)
(-38,156,-366)
(-38,164,-364)
(-46,174,-366)
(-73,225,-329)
(-75,253,-299)
(-72,272,-294)
(-72,304,-264)
(-57,323,-253)
(-62,322,-240)
(-60,334,-218)
(-50,328,-204)
(-63,277,-101)
(-32,180,-24)
(-2,112,-18)
(5,89,-15)
(20,10,-74)
(6,0,-126)
(-4,4,-174)
(-9,-1,-181)
(-23,15,-229)
(-21,19,-237)
(-32,34,-268)
(-33,49,-271)
(-29,53,-279)
(-35,35,-245)
(-24,20,-198)
(-32,24,-148)
(-45,43,-127)
(-52,66,-106)
(-51,79,-107)
(-56,112,-88)
(-64,118,-84)
(-64,144,-82)
(-67,143,-81)
(-77,131,-105)
(-78,80,-212)
(-52,62,-262)
(68,42,-362)
(142,22,-384)
(174,14,-372)
(265,23,-327)
(271,19,-325)
(304,26,-312)
(310,34,-304)
(300,18,-314)
(293,23,-311)
(192,2,-350)
(140,6,-360)
(6,46,-336)
(-19,59,-323)
(-74,94,-242)
(-84,118,-180)
(-75,137,-99)
(-66,144,-70)
(-29,129,-25)
(-13,111,-9)
(12,92,-2)
(41,75,15)
(46,58,-2)
(38,60,-12)
(33,71,-11)
(24,64,-10)
(25,69,-15)
(-53,75,-111)
(-80,94,-206)
(-76,104,-256)
(-15,97,-353)
(61,61,-391)
(79,45,-399)
(138,16,-376)
(190,10,-364)
(204,0,-364)
(121,39,-399)
(54,90,-416)
(-10,164,-402)
(-69,223,-351)
(-88,228,-270)
(-104,218,-214)
(-83,223,-133)
(-82,226,-102)
(-39,219,-35)
(-41,213,-27)
(-22,174,-16)
(-29,175,-11)
(-14,162,-2)
(-10,148,-10)
(-14,120,-18)
(-7,115,-23)
(-7,103,-33)
(-34,80,-76)
(-46,70,-114)
(-49,69,-133)
(-63,67,-185)
(-62,74,-224)
(-67,69,-231)
(-58,62,-190)
(-51,53,-179)
(-13,39,-89)
(3,53,-47)
(10,62,-40)
(41,97,19)
(42,114,24)
(65,189,43)
(62,206,48)
(88,308,26)
(95,325,27)
(116,370,-16)
(112,376,-26)
(109,389,-51)
(108,380,-22)
(105,371,-21)
(112,334,20)
(109,311,21)
(96,244,50)
(84,158,50)
(56,96,14)
(25,53,-31)
(25,43,-49)
(-6,24,-128)
(-2,8,-140)
(-7,-1,-189)
(1,3,-191)
(-7,3,-177)
(3,7,-111)
(11,31,-69)
(16,42,-48)
(24,108,16)
(34,118,18)
(34,210,34)
(37,229,41)
(57,281,17)
(62,312,6)
(85,335,5)
(75,317,15)
(74,290,38)
(67,275,37)
(46,192,36)
(25,139,21)
(18,122,10)
(1,53,-55)
(-1,23,-101)
(-8,20,-128)
(-5,13,-153)
(-11,13,-199)
(-14,14,-222)
(-18,20,-238)
(-12,14,-228)
(-22,10,-220)
(-9,19,-205)
(-11,13,-161)
(-19,13,-133)
(-9,45,-75)
(-13,51,-67)
(0,70,-32)
(5,85,-29)
(-7,93,-21)
(-7,131,9)
(-1,159,11)
(1,199,13)
(10,202,22)
(0,246,2)
(14,256,2)
(1,283,-3)
(2,300,-24)
(7,311,-17)
(8,328,-32)
(11,341,-43)
(14,354,-72)
(13,363,-67)
(24,384,-88)
(24,394,-108)
(30,402,-124)
(25,409,-139)
(27,409,-145)
(29,423,-167)
(31,423,-173)
(26,426,-186)
(27,417,-185)
(23,417,-173)
(27,425,-165)
(10,406,-140)
(14,390,-118)
(12,392,-110)
(5,375,-93)
(-2,360,-74)
(2,346,-72)
(0,332,-54)
(-3,317,-35)
(-19,279,-23)
(-30,226,-20)
(-35,211,-13)
(-33,161,-19)
(-31,145,-33)
(-25,103,-55)
(-37,97,-57)
(-37,57,-99)
(-38,44,-116)
(-29,31,-145)
(-29,21,-173)
(-25,11,-205)
(-28,22,-222)
(-17,23,-165)
(-20,16,-126)
(23,27,-63)
(49,29,-23)
(66,40,-14)
(111,67,11)
(129,73,25)
(76,58,10)
(14,62,-42)
(-17,41,-99)
(-23,23,-163)
(-5,7,-229)
(14,2,-240)
(53,-7,-279)
(68,-22,-300)
(115,-25,-289)
(126,-36,-272)
(142,-44,-242)
(158,-46,-234)
(163,-47,-229)
(167,-47,-201)
(168,-50,-200)
(153,-43,-207)
(151,-51,-225)
(114,-42,-232)
(74,-34,-236)
(31,-15,-213)
(21,-1,-201)
(-38,46,-166)
(-47,55,-161)
(-56,88,-114)
(-54,102,-102)
(-36,126,-44)
(4,138,-6)
(28,150,14)
(45,165,27)
(16,154,12)
(2,156,-10)
(-61,125,-113)
(-72,108,-134)
(-98,162,-182)
(-104,196,-194)
(-69,287,-269)
(-24,334,-332)
(-6,340,-358)
(86,376,-378)
(170,378,-382)
(200,386,-378)
(264,356,-380)
(280,340,-376)
(332,308,-352)
(381,279,-313)
(393,261,-261)
(407,255,-231)
(383,265,-119)
(347,271,-57)
(292,278,-10)
(256,284,22)
(149,253,43)
(146,236,50)
(99,193,49)
(85,153,41)
(82,122,36)
(85,109,31)
(92,106,24)
(98,104,28)
(95,101,27)
(93,101,31)
(88,118,30)
(85,103,25)
(80,112,18)
(53,89,7)
(43,85,-9)
(3,55,-55)
(-11,37,-115)
(-18,42,-122)
(-16,60,-62)
(13,105,-19)
(81,155,29)
(142,196,52)
(164,216,60)
(237,273,31)
(257,289,25)
(286,316,-10)
(289,321,-25)
(304,340,-46)
(300,346,-52)
(297,325,-23)
(268,294,16)
(218,242,44)
(200,236,40)
(140,202,58)
(105,179,55)
(65,151,33)
(28,154,8)
(-10,132,-8)
(-10,136,-14)
(-44,134,-44)
(-55,131,-73)
(-74,124,-102)
(-70,124,-106)
(-82,130,-158)
(-89,131,-173)
(-98,124,-182)
(-91,127,-185)
(-89,121,-185)
(-88,130,-150)
(-79,143,-103)
(-48,146,-46)
(-8,160,-6)
(25,177,25)
(92,200,52)
(147,221,65)
(174,250,60)
(200,248,52)
(152,246,68)
(81,235,49)
(24,214,22)
(-15,211,-5)
(-36,206,-18)
(-47,187,-31)
(-18,192,2)
(32,218,30)
(45,217,39)
(89,223,61)
(94,226,52)
(109,225,63)
(104,236,60)
(101,229,49)
(105,241,51)
(112,234,54)
(110,230,58)
(115,237,55)
(115,233,61)
