(161,11,21)
(161,11,27)
(159,7,29)
(160,4,32)
(162,6,40)
(163,9,29)
(163,11,25)
(160,12,32)
(156,8,34)
(154,8,26)
(159,7,33)
(162,6,22)
(159,9,29)
(161,9,21)
(163,9,31)
(167,-5,27)
(161,9,31)
(156,14,22)
(145,9,35)
(153,29,47)
(159,37,53)
(159,41,61)
(161,61,71)
(165,75,69)
(175,77,83)
(187,81,71)
(177,77,67)
(192,70,66)
(193,59,63)
(201,45,43)
(203,29,37)
(188,18,20)
(201,3,1)
(181,-15,-5)
(172,-30,-30)
(165,-37,-33)
(134,-34,-58)
(103,-39,-63)
(90,-34,-64)
(67,-33,-71)
(41,-23,-67)
(26,-10,-68)
(17,1,-51)
(11,21,-39)
(4,28,-16)
(12,52,-4)
(19,53,9)
(38,56,28)
(56,68,36)
(81,67,55)
(98,60,60)
(114,66,74)
(137,65,61)
(148,60,70)
(164,62,64)
(177,53,65)
(179,63,63)
(192,62,64)
(197,63,57)
(201,69,63)
(201,69,71)
(206,88,76)
(194,82,76)
(208,100,62)
(200,90,76)
(197,89,75)
(194,82,78)
(212,88,66)
(224,104,72)
(242,92,62)
(250,84,60)
(253,87,57)
(245,89,67)
(250,82,60)
(247,79,61)
(232,74,66)
(213,77,65)
(180,66,66)
(182,68,74)
(173,53,57)
(172,46,58)
(155,41,51)
(126,30,44)
(119,11,43)
(97,15,29)
(85,15,19)
(69,23,19)
(41,23,15)
(31,61,21)
(27,75,23)
(31,89,35)
(29,105,45)
(50,104,50)
(52,106,58)
(62,94,56)
(76,108,66)
(82,86,66)
(89,79,67)
(92,64,62)
(86,54,46)
(98,42,48)
(84,32,36)
(74,26,28)
(57,25,21)
(47,29,15)
(45,33,23)
(41,37,19)
(44,38,14)
(37,35,13)
(39,33,15)
(38,32,6)
(39,31,1)
(37,27,1)
(43,15,-7)
(45,7,-1)
(53,9,-11)
(59,3,-9)
(62,-2,-8)
(75,-9,-17)
(80,2,-20)
(78,-10,-10)
(78,-16,-16)
(89,-7,-13)
(87,-15,-13)
(96,-16,-8)
(92,-14,-6)
(97,-7,-5)
(91,-13,-5)
(96,-2,2)
(98,-8,10)
(100,2,14)
(109,-1,23)
(124,10,14)
(135,29,43)
(134,42,54)
(133,55,53)
(131,43,59)
(120,48,58)
(127,57,67)
(115,57,63)
(113,49,53)
(119,49,57)
(117,43,59)
(125,45,49)
(128,50,56)
(115,47,51)
(114,38,50)
(109,33,43)
(107,25,41)
(96,28,30)
(86,16,16)
(80,8,8)
(75,9,11)
(67,17,-3)
(51,23,9)
(54,40,16)
(60,56,32)
(54,84,44)
(52,110,56)
(63,129,61)
(73,131,59)
(75,139,69)
(80,132,60)
(80,118,62)
(89,95,67)
(93,77,57)
(85,61,47)
(82,42,34)
(69,29,9)
(47,23,1)
(33,25,-19)
(11,23,-27)
(7,43,-31)
(-12,52,-44)
(-19,61,-39)
(-24,72,-46)
(-24,108,-34)
(-28,118,-34)
(-28,144,-26)
(-32,172,-22)
(-19,215,-31)
(-19,237,-37)
(-8,242,-48)
(-23,241,-41)
(-26,242,-44)
(-26,230,-32)
(-15,203,-9)
(-21,191,-5)
(-18,172,-8)
(-16,154,-2)
(-23,133,-1)
(-21,113,-3)
(-20,86,-14)
(-15,77,-23)
(-17,79,-25)
(-24,86,-34)
(-38,98,-30)
(-30,134,-24)
(-19,165,-13)
(-32,176,-22)
(-19,199,-7)
(-16,222,-8)
(2,246,-20)
(3,257,-21)
(-2,250,-12)
(6,248,-22)
(6,242,-6)
(-2,204,-2)
(-13,189,7)
(-14,154,16)
(-26,136,-4)
(-26,138,-14)
(-31,121,-19)
(-40,106,-40)
(-41,101,-45)
(-55,123,-53)
(-40,130,-40)
(-39,149,-29)
(-27,175,-35)
(-27,205,-37)
(-27,207,-27)
(-35,171,-25)
(-39,141,-27)
(-51,117,-33)
(-48,110,-48)
(-46,102,-62)
(-55,111,-69)
(-55,121,-93)
(-67,123,-91)
(-66,142,-96)
(-63,149,-97)
(-61,177,-99)
(-58,202,-98)
(-56,224,-122)
(-49,233,-137)
(-53,245,-141)
(-55,227,-155)
(-71,203,-145)
(-64,190,-158)
(-59,189,-169)
(-55,187,-177)
(-64,192,-206)
(-64,200,-226)
(-57,219,-233)
(-35,233,-239)
(-30,246,-254)
(-18,246,-262)
(-6,264,-260)
(0,266,-260)
(1,281,-261)
(-1,277,-259)
(-2,280,-266)
(-2,282,-258)
(-3,275,-265)
(-5,269,-271)
(-12,252,-270)
(-12,256,-260)
(-20,246,-258)
(-25,241,-271)
(-14,256,-260)
(-19,261,-261)
(-12,266,-250)
(-19,265,-239)
(-16,270,-224)
(-22,274,-220)
(-12,286,-212)
(-16,294,-224)
(0,288,-254)
(-7,285,-257)
(-14,290,-258)
(0,280,-268)
(8,284,-272)
(15,291,-279)
(29,293,-285)
(44,306,-282)
(45,311,-285)
(61,321,-287)
(63,317,-293)
(68,314,-296)
(77,309,-301)
(93,315,-311)
(87,309,-313)
(101,303,-323)
(102,292,-320)
(105,275,-337)
(94,276,-340)
(79,271,-343)
(51,271,-333)
(56,272,-324)
(41,291,-297)
(41,309,-283)
(19,313,-253)
(24,332,-212)
(23,349,-185)
(22,346,-172)
(24,340,-126)
(39,353,-85)
(47,335,-65)
(61,335,-37)
(74,316,-12)
(83,295,19)
(82,288,30)
(79,267,43)
(77,257,45)
(82,236,70)
(87,223,65)
(96,212,72)
(108,206,76)
(114,206,88)
(123,187,79)
(137,193,83)
(142,194,80)
(149,195,89)
(157,203,79)
(159,199,85)
(162,198,88)
(165,201,73)
(156,208,74)
(141,213,81)
(141,209,79)
(139,203,79)
(132,210,80)
(125,203,81)
(137,213,77)
(144,208,80)
(147,215,83)
(145,221,87)
(151,233,79)
(154,250,68)
(159,259,67)
(157,277,51)
(158,294,48)
(161,303,37)
(160,310,28)
(152,326,10)
(159,335,1)
(143,339,-11)
(141,357,-23)
(134,364,-46)
(123,361,-57)
(119,375,-57)
(112,372,-54)
(91,369,-63)
(72,362,-62)
(48,340,-54)
(34,338,-58)
(11,315,-65)
(-4,308,-66)
(-10,292,-60)
(-24,282,-68)
(-34,256,-60)
(-48,238,-62)
(-51,219,-71)
(-56,212,-64)
(-58,194,-72)
(-60,178,-66)
(-57,161,-75)
(-64,158,-62)
(-60,152,-58)
(-61,141,-65)
(-62,130,-68)
(-64,132,-66)
(-56,122,-60)
(-65,115,-73)
(-58,100,-68)
(-55,87,-75)
(-61,83,-81)
(-49,63,-83)
(-43,65,-97)
(-46,58,-114)
(-45,43,-121)
(-45,49,-137)
(-50,40,-140)
(-35,43,-155)
(-55,43,-165)
(-37,43,-181)
(-46,42,-180)
(-42,58,-196)
(-41,53,-201)
(-28,50,-222)
(-42,66,-228)
(-35,73,-231)
(-34,72,-244)
(-29,79,-255)
(-36,88,-268)
(-27,85,-273)
(-21,105,-283)
(-15,121,-299)
(-8,130,-306)
(4,140,-324)
(6,148,-334)
(18,158,-340)
(18,160,-346)
(38,172,-352)
(41,175,-349)
(45,185,-353)
(59,193,-363)
(67,195,-365)
(69,199,-359)
(83,191,-369)
(87,201,-369)
(88,202,-370)
(90,198,-376)
(95,209,-375)
(104,208,-372)
(88,200,-366)
(94,222,-368)
(83,205,-365)
(73,209,-363)
(59,213,-351)
(49,217,-343)
(42,204,-340)
(21,199,-343)
(5,187,-319)
(-12,176,-316)
(-20,150,-302)
(-39,141,-281)
(-38,136,-272)
(-46,122,-248)
(-49,97,-221)
(-59,97,-211)
(-64,80,-192)
(-50,76,-176)
(-57,67,-171)
(-56,66,-148)
(-53,67,-139)
(-51,53,-125)
(-55,55,-119)
(-41,51,-93)
(-47,59,-79)
(-41,59,-65)
(-36,60,-58)
(-37,71,-49)
(-27,83,-29)
(-27,87,-19)
(-22,92,-12)
(-26,98,-4)
(-21,109,7)
(-19,115,7)
(-8,124,20)
(-6,146,30)
(-1,167,29)
(-1,187,37)
(13,185,37)
(12,204,34)
(21,195,31)
(15,215,37)
(32,218,44)
(36,236,32)
(27,237,41)
(25,239,39)
(38,240,32)
(23,239,31)
(36,234,32)
(27,241,35)
(28,212,38)
(15,195,37)
(17,189,35)
(7,177,33)
(-2,166,34)
(-4,158,16)
(-12,148,22)
(-15,137,13)
(-21,127,7)
(-31,109,-11)
(-39,93,-39)
(-43,83,-45)
(-48,78,-72)
(-43,81,-73)
(-53,69,-95)
(-51,71,-109)
(-58,78,-136)
(-60,68,-146)
(-59,69,-179)
(-60,84,-182)
(-45,87,-201)
(-42,108,-246)
(-38,104,-258)
(-27,119,-275)
(-29,121,-285)
(-24,132,-296)
(-8,136,-296)
(-1,135,-311)
(2,152,-332)
(11,159,-329)
(2,160,-326)
(17,167,-341)
(9,167,-341)
(18,176,-340)
(24,176,-334)
(23,171,-337)
(11,177,-329)
(20,168,-334)
(14,162,-336)
(12,160,-322)
(2,152,-324)
(-1,159,-317)
(-9,145,-305)
(-12,126,-294)
(-27,125,-279)
(-33,115,-273)
(-50,106,-242)
(-44,98,-234)
(-55,95,-217)
(-55,85,-205)
(-60,86,-190)
(-58,86,-162)
(-68,88,-154)
(-56,86,-140)
(-69,91,-119)
(-53,89,-107)
(-63,99,-101)
(-60,98,-96)
(-60,100,-78)
(-56,106,-78)
(-61,123,-69)
(-55,131,-45)
(-53,141,-45)
(-44,154,-34)
(-43,159,-25)
(-38,184,-30)
(-33,201,-15)
(-20,228,-20)
(-13,243,-17)
(-14,256,-18)
(-6,264,-18)
(-1,271,-23)
(0,272,-30)
(2,278,-24)
(4,300,-24)
(14,316,-40)
(15,311,-43)
(31,319,-37)
(36,326,-46)
(40,328,-52)
(42,332,-48)
(34,332,-46)
(31,325,-47)
(32,326,-38)
(34,326,-38)
(27,319,-33)
(19,315,-31)
(25,305,-27)
(20,294,-20)
(13,303,-25)
(16,284,-12)
(8,274,-10)
(-6,268,-12)
(-6,254,-16)
(-18,244,-14)
(-36,224,-18)
(-45,207,-37)
(-45,205,-43)
(-55,181,-47)
(-62,174,-48)
(-67,159,-57)
(-73,139,-83)
(-67,127,-99)
(-72,130,-98)
(-66,122,-120)
(-74,118,-130)
(-73,123,-145)
(-68,120,-176)
(-76,114,-174)
(-75,123,-197)
(-65,127,-207)
(-64,132,-224)
(-63,125,-235)
(-57,131,-239)
(-61,139,-255)
(-50,146,-262)
(-41,165,-269)
(-36,166,-282)
(-35,173,-287)
(-31,169,-293)
(-31,171,-287)
(-38,170,-282)
(-40,166,-278)
(-42,162,-268)
(-47,151,-255)
(-52,146,-246)
(-62,134,-232)
(-67,121,-205)
(-62,118,-202)
(-75,127,-205)
(-72,120,-188)
(-70,114,-178)
(-73,113,-163)
(-61,119,-157)
(-66,116,-142)
(-80,126,-124)
(-82,130,-116)
(-74,130,-116)
(-65,147,-109)
(-75,157,-79)
(-72,172,-72)
(-60,176,-80)
(-65,195,-63)
(-60,210,-68)
(-58,224,-62)
(-45,243,-63)
(-37,263,-73)
(-43,263,-67)
(-34,276,-66)
(-33,285,-79)
(-24,292,-82)
(-26,298,-92)
(-22,314,-88)
(-15,311,-99)
(-19,319,-103)
(-13,301,-103)
(-15,307,-99)
(-14,304,-100)
(-18,306,-98)
(-32,302,-78)
(-31,285,-85)
(-29,279,-75)
(-44,262,-66)
(-45,239,-53)
(-50,224,-44)
(-55,209,-61)
(-61,195,-63)
(-60,156,-64)
(-69,155,-79)
(-63,133,-81)
(-72,126,-92)
(-64,130,-98)
(-76,118,-116)
(-69,105,-133)
(-76,108,-146)
(-65,111,-159)
(-73,117,-185)
(-60,106,-190)
(-63,123,-201)
(-65,125,-223)
(-52,140,-244)
(-53,145,-251)
(-54,150,-244)
(-49,155,-257)
(-47,157,-263)
(-48,156,-258)
(-51,157,-255)
(-51,155,-261)
(-45,159,-255)
(-44,152,-258)
(-44,154,-256)
(-47,143,-261)
(-54,138,-240)
(-49,125,-217)
(-62,120,-210)
(-56,120,-202)
(-68,108,-192)
(-73,103,-177)
(-76,100,-158)
(-66,108,-132)
(-72,104,-124)
(-70,126,-112)
(-68,120,-100)
(-75,131,-107)
(-67,147,-95)
(-62,186,-78)
(-58,180,-76)
(-55,201,-65)
(-50,220,-68)
(-55,239,-71)
(-50,250,-74)
(-45,257,-71)
(-38,268,-82)
(-31,279,-93)
(-33,289,-95)
(-21,305,-99)
(-16,308,-104)
(-7,323,-119)
(-2,326,-120)
(-4,326,-128)
(-1,331,-143)
(3,329,-147)
(-7,325,-143)
(1,329,-145)
(7,327,-145)
(-12,322,-130)
(-10,322,-128)
(-13,323,-109)
(-17,319,-103)
(-8,308,-94)
(-8,304,-76)
(-7,305,-55)
(20,294,-8)
(30,298,0)
(53,297,17)
(86,304,32)
(109,291,45)
(140,290,54)
(172,280,58)
(181,275,55)
(192,270,68)
(209,255,57)
(230,258,50)
(239,255,53)
(254,244,32)
(262,242,42)
(273,243,33)
(273,247,39)
(282,246,36)
(289,237,25)
(299,231,15)
(306,246,16)
(302,244,12)
(301,239,9)
(302,242,14)
(281,245,29)
(270,246,42)
(249,249,47)
(225,241,55)
(196,250,72)
(177,253,69)
(161,239,67)
(136,248,76)
(126,246,80)
(102,242,78)
(86,236,76)
(70,236,64)
(53,231,55)
(30,228,50)
(3,215,31)
(-18,208,18)
(-25,201,11)
(-38,200,-2)
(-35,199,-11)
(-44,188,-24)
(-59,189,-51)
(-78,186,-62)
(-69,179,-69)
(-60,194,-58)
(-54,190,-36)
(-55,185,-29)
(-48,186,-20)
(-35,191,-9)
(-34,188,14)
(-3,195,37)
(7,207,47)
(53,215,75)
(94,228,72)
(132,242,86)
(156,254,76)
(167,249,73)
(181,251,59)
(192,258,68)
(206,268,54)
(234,272,42)
(228,272,40)
(242,274,36)
(263,271,29)
(278,282,18)
(291,285,1)
(293,279,-13)
(304,280,-16)
(319,287,-39)
(323,283,-55)
(329,291,-61)
(328,288,-58)
(323,283,-63)
(328,286,-64)
(340,284,-78)
(334,282,-74)
(341,285,-77)
(339,289,-77)
(333,287,-89)
(341,285,-89)
(335,287,-89)
(342,286,-102)
(346,298,-102)
(337,289,-105)
(339,291,-101)
(324,308,-112)
(305,333,-105)
(293,333,-101)
(286,350,-108)
(268,350,-88)
(248,354,-70)
(218,362,-60)
(180,368,-40)
(167,357,-29)
(143,355,-21)
(123,345,-9)
(107,339,-11)
(97,327,-3)
(60,324,2)
(52,314,-2)
(32,310,-2)
(16,306,-8)
(-14,282,-34)
(-32,274,-58)
(-29,277,-55)
(-35,265,-65)
(-49,255,-93)
(-59,241,-121)
(-63,237,-141)
(-65,235,-175)
(-66,222,-178)
(-71,215,-189)
(-70,206,-194)
(-68,206,-224)
(-64,188,-240)
(-55,179,-235)
(-64,164,-248)
(-63,157,-255)
(-53,159,-245)
(-62,158,-256)
(-65,153,-249)
(-71,161,-225)
(-69,157,-215)
(-71,149,-201)
(-73,163,-183)
(-78,148,-166)
(-85,157,-133)
(-80,160,-94)
(-67,177,-71)
(-54,188,-32)
(-38,202,-10)
(-21,223,-3)
(-10,238,-2)
(5,257,11)
(29,269,9)
(34,274,20)
(56,284,24)
(78,296,20)
(130,322,26)
(149,319,21)
(162,332,14)
(178,336,4)
(196,336,-2)
(199,337,-7)
(204,340,-16)
(231,347,-27)
(250,338,-28)
(253,335,-39)
(261,335,-45)
(275,327,-41)
(278,328,-48)
(277,317,-43)
(286,318,-54)
(285,319,-53)
(285,333,-53)
(273,319,-55)
(268,330,-48)
(242,336,-36)
(233,341,-25)
(189,343,-15)
(167,341,-9)
(158,344,-8)
(129,343,-15)
(128,346,-14)
(115,349,-21)
(78,340,-26)
(62,328,-28)
(28,330,-48)
(-4,304,-66)
(-22,300,-88)
(-35,285,-103)
(-35,281,-119)
(-41,273,-129)
(-49,263,-127)
(-49,257,-153)
(-58,252,-168)
(-54,246,-178)
(-57,241,-211)
(-56,224,-232)
(-46,228,-262)
(-26,212,-288)
(-17,195,-303)
(-1,187,-309)
(1,187,-329)
(18,180,-340)
(11,183,-341)
(16,186,-334)
(5,193,-327)
(6,196,-318)
(-11,211,-311)
(-31,217,-279)
(-40,238,-254)
(-39,243,-237)
(-42,244,-228)
(-40,260,-202)
(-39,275,-173)
(-23,293,-147)
(-17,299,-127)
(20,322,-70)
(44,340,-44)
(78,348,-34)
(104,346,-32)
(134,354,-26)
(164,344,-20)
(171,351,-13)
(186,342,-16)
(206,328,-12)
(218,326,-6)
(240,320,-16)
(251,317,-11)
(259,309,-15)
(270,310,-16)
(280,316,-32)
(282,312,-40)
(286,306,-44)
(297,313,-53)
(295,315,-57)
(299,317,-63)
(299,309,-73)
(307,323,-87)
(312,314,-118)
(313,319,-125)
(315,311,-149)
(319,319,-157)
(311,315,-161)
(319,317,-179)
(303,333,-181)
(290,342,-176)
(266,346,-190)
(252,366,-186)
(248,360,-184)
(222,374,-200)
(191,373,-199)
(174,378,-196)
(158,380,-200)
(156,386,-192)
(129,387,-183)
(98,380,-184)
(75,377,-181)
(55,365,-177)
(37,359,-163)
(21,339,-173)
(8,328,-158)
(-11,313,-157)
(-15,307,-161)
(-34,304,-146)
(-35,289,-137)
(-36,286,-120)
(-40,280,-110)
(-29,279,-103)
(-35,279,-93)
(-34,262,-76)
(-38,240,-52)
(-30,240,-36)
(-31,233,-23)
(-25,231,-13)
(-21,229,-11)
(-27,219,-7)
(-17,221,-5)
(-8,208,8)
(-8,202,18)
(5,197,17)
(-7,191,27)
(2,186,24)
(6,170,38)
(0,166,32)
(19,137,47)
(20,132,42)
(17,123,45)
(13,119,39)
(15,121,41)
(14,114,34)
(20,106,36)
(23,107,39)
(24,104,38)
(21,107,39)
(25,121,49)
(27,127,55)
(43,147,59)
(47,163,73)
(47,179,71)
(55,187,65)
(59,187,67)
(71,197,69)
(80,220,70)
(96,242,62)
(95,247,71)
(95,269,57)
(102,276,50)
(96,280,48)
(90,274,44)
(96,274,50)
(89,253,61)
(82,244,58)
(75,229,67)
(73,213,61)
(57,203,65)
(64,206,72)
(53,197,69)
(49,187,57)
(42,184,62)
(41,185,57)
(44,176,50)
(26,178,54)
(30,170,48)
(27,169,55)
(18,160,44)
(5,159,35)
(13,147,43)
(10,140,36)
(4,140,34)
(6,144,34)
(3,147,41)
(9,139,41)
(8,150,46)
(22,148,52)
(30,156,52)
(44,174,60)
(40,182,64)
(46,186,68)
(52,202,64)
(53,219,67)
(55,229,53)
(53,231,57)
(51,237,55)
(49,233,61)
(58,224,58)
(48,226,60)
(49,199,67)
(49,175,71)
(39,163,53)
(35,137,61)
(31,123,45)
(14,108,48)
(10,100,34)
(-1,93,23)
(-17,79,9)
(-19,83,-7)
(-27,83,-31)
(-40,104,-34)
(-34,96,-32)
(-45,109,-35)
(-36,110,-20)
(-26,104,-2)
(-6,122,14)
(-5,131,33)
(5,151,39)
(6,160,42)
(12,162,44)
(22,168,42)
(26,182,54)
(25,189,53)
(29,193,47)
(34,186,54)
(27,181,55)
(27,175,41)
(16,144,46)
(-2,150,44)
(-5,131,25)
(-13,123,7)
(-24,124,-2)
(-32,120,-24)
(-46,124,-32)
(-58,126,-58)
(-62,124,-74)
(-69,129,-83)
(-69,131,-95)
(-68,138,-102)
(-69,137,-103)
(-71,143,-93)
(-64,142,-78)
(-63,143,-53)
(-48,140,-22)
(-34,168,-8)
(-19,187,5)
(-13,195,7)
(-11,205,15)
(-6,214,18)
(-4,204,24)
(-3,203,19)
(-9,189,19)
(-1,161,27)
(-14,154,26)
(-7,131,17)
(-8,110,8)
(-26,94,-2)
(-45,91,-43)
(-42,88,-50)
(-52,88,-56)
(-62,98,-76)
(-67,107,-103)
(-74,110,-106)
(-72,130,-134)
(-65,121,-139)
(-74,150,-158)
(-69,141,-167)
(-61,159,-173)
(-68,162,-182)
(-70,160,-192)
(-69,165,-187)
(-75,159,-177)
(-73,153,-175)
(-76,138,-140)
(-66,130,-110)
(-68,112,-78)
(-61,113,-53)
(-49,111,-39)
(-42,120,-12)
(-34,134,-8)
(-26,136,8)
(-25,157,11)
(-11,173,19)
(0,192,34)
(5,211,33)
(15,235,27)
(24,238,32)
(26,256,36)
(30,250,32)
(23,241,39)
(19,233,37)
(17,223,43)
(1,203,41)
(-6,182,28)
(-17,163,27)
(-24,148,8)
(-42,128,-16)
(-48,122,-50)
(-60,116,-64)
(-63,119,-89)
(-71,127,-113)
(-69,141,-123)
(-79,151,-133)
(-71,169,-139)
(-80,190,-144)
(-76,206,-134)
(-67,211,-135)
(-68,194,-112)
(-71,197,-97)
(-69,175,-87)
(-63,157,-75)
(-60,138,-68)
(-73,131,-77)
(-67,105,-73)
(-66,102,-84)
(-65,101,-91)
(-70,122,-96)
(-73,137,-103)
(-73,165,-99)
(-65,183,-93)
(-65,199,-97)
(-62,234,-94)
(-56,236,-84)
(-48,244,-74)
(-55,233,-63)
(-51,223,-51)
(-54,198,-44)
(-54,182,-44)
(-65,145,-45)
(-62,136,-48)
(-57,121,-57)
(-69,123,-71)
(-70,118,-82)
(-68,140,-88)
(-65,153,-83)
(-69,181,-87)
(-55,187,-85)
(-53,223,-71)
(-54,218,-56)
(-46,214,-54)
(-49,201,-41)
(-51,173,-33)
(-40,158,-36)
(-45,141,-41)
(-52,112,-48)
(-59,111,-65)
(-56,108,-74)
(-61,113,-91)
(-69,135,-97)
(-75,147,-97)
(-70,172,-96)
(-75,169,-91)
(-65,189,-97)
(-61,193,-83)
(-62,180,-76)
(-72,150,-64)
(-61,129,-67)
(-59,105,-59)
(-48,84,-68)
(-47,73,-73)
(-57,61,-89)
(-58,66,-110)
(-62,86,-132)
(-58,102,-152)
(-73,121,-155)
(-76,130,-154)
(-76,144,-164)
(-75,145,-153)
(-73,127,-149)
(-72,118,-130)
(-69,93,-121)
(-67,85,-129)
(-60,84,-138)
(-71,87,-157)
(-69,101,-171)
(-67,129,-185)
(-77,135,-187)
(-74,154,-194)
(-75,167,-193)
(-75,171,-185)
(-73,157,-171)
(-76,148,-156)
(-83,139,-151)
(-76,118,-148)
(-76,118,-142)
(-66,102,-140)
(-69,95,-151)
(-75,103,-159)
(-71,129,-159)
(-71,141,-161)
(-77,159,-161)
(-79,165,-153)
(-72,176,-134)
(-69,187,-117)
(-65,201,-97)
(-62,212,-74)
(-45,223,-53)
(-41,231,-37)
(-36,224,-24)
(-36,200,-14)
(-33,179,-7)
(-30,162,-2)
(-34,168,0)
(-25,173,-1)
(-18,204,2)
(-8,228,2)
(6,248,-4)
(12,278,-4)
(23,295,-21)
(8,306,-32)
(11,299,-37)
(-8,274,-32)
(-10,254,-20)
(-10,234,-6)
(-7,229,5)
(-4,224,4)
(16,238,16)
(28,262,10)
(41,295,-3)
(49,305,-9)
(49,329,-25)
(55,341,-39)
(39,339,-59)
(27,331,-55)
(14,314,-38)
(13,293,-21)
(14,278,-8)
(15,269,5)
(19,253,17)
(29,247,21)
(31,249,35)
(45,257,33)
(54,284,30)
(71,311,9)
(71,329,-19)
(69,355,-51)
(67,361,-77)
(57,359,-93)
(49,353,-109)
(30,338,-112)
(13,327,-89)
(-6,312,-76)
(-18,288,-54)
(-25,273,-45)
(-27,263,-39)
(-15,253,-27)
(1,265,-27)
(5,273,-27)
(28,308,-34)
(40,328,-46)
(50,356,-72)
(74,364,-88)
(81,381,-127)
(82,374,-154)
(61,371,-159)
(29,357,-165)
(15,349,-147)
(1,323,-123)
(-28,298,-110)
(-26,290,-100)
(-27,295,-95)
(-19,301,-73)
(11,305,-65)
(35,325,-49)
(62,348,-60)
(89,371,-81)
(107,381,-111)
(111,377,-141)
(111,389,-169)
(96,376,-186)
(83,363,-197)
(45,351,-199)
(16,334,-192)
(-14,308,-174)
(-24,292,-170)
(-42,270,-158)
(-44,264,-148)
(-38,266,-134)
(-29,287,-107)
(-8,300,-90)
(19,319,-69)
(42,340,-54)
(63,361,-75)
(77,367,-107)
(90,374,-150)
(93,371,-177)
(72,370,-186)
(50,342,-196)
(22,332,-194)
(-11,317,-173)
(-27,291,-157)
(-45,275,-153)
(-47,261,-139)
(-55,245,-135)
(-58,240,-124)
(-52,242,-104)
(-58,234,-90)
(-44,214,-74)
(-51,199,-59)
(-51,183,-51)
(-54,166,-46)
(-62,142,-56)
(-60,120,-68)
(-54,100,-80)
(-60,96,-92)
(-57,89,-91)
(-56,84,-104)
(-51,69,-109)
(-47,57,-131)
(-45,63,-143)
(-45,55,-157)
(-42,46,-144)
(-44,46,-162)
(-40,26,-142)
(-38,28,-132)
(-34,26,-138)
(-33,31,-147)
(-40,52,-166)
(-44,46,-168)
(-44,64,-178)
(-47,69,-191)
(-44,72,-202)
(-44,90,-216)
(-48,108,-224)
(-45,123,-251)
(-39,125,-247)
(-34,142,-272)
(-38,148,-276)
(-40,140,-264)
(-46,134,-254)
(-46,126,-228)
(-58,104,-206)
(-52,82,-190)
(-42,46,-172)
(-21,23,-147)
(-5,3,-123)
(7,-17,-117)
(32,-28,-104)
(50,-42,-88)
(67,-37,-85)
(83,-49,-75)
(94,-46,-60)
(117,-47,-47)
(124,-46,-36)
(142,-30,-16)
(165,-15,-3)
(164,-8,8)
(185,-5,1)
(187,-1,15)
(182,8,20)
(175,-3,15)
(162,-4,14)
(145,-13,3)
(116,-18,2)
(104,-20,-14)
(79,-15,-19)
(57,-13,-29)
(40,-8,-42)
(17,5,-53)
(8,4,-60)
(-7,19,-69)
(-20,28,-86)
(-28,36,-96)
(-40,50,-126)
(-54,68,-130)
(-60,86,-146)
(-58,98,-160)
(-55,105,-165)
(-56,102,-162)
(-60,108,-168)
(-60,96,-160)
(-61,89,-143)
(-54,70,-134)
(-42,60,-114)
(-34,46,-98)
(-22,24,-82)
(-5,15,-61)
(18,8,-52)
(23,7,-49)
(33,-1,-27)
(39,9,-31)
(43,-1,-21)
(50,-4,-24)
(61,-5,-19)
(72,-12,-10)
(86,-8,-4)
(91,-9,1)
(105,-3,-1)
(110,-12,4)
(100,-6,4)
(94,4,-2)
(85,-3,-3)
(70,0,-14)
(61,7,-7)
(57,1,-7)
(47,-1,-13)
(42,6,-16)
(35,13,-25)
(27,15,-27)
(23,21,-29)
(18,20,-34)
(13,9,-41)
(9,27,-39)
(-1,25,-33)
(1,27,-47)
(-3,37,-61)
(-8,38,-54)
(-23,43,-61)
(-18,42,-62)
(-23,47,-63)
(-20,48,-68)
(-24,56,-78)
(-32,56,-80)
(-29,47,-77)
(-42,58,-94)
(-37,59,-91)
(-35,65,-79)
(-33,59,-79)
(-32,50,-78)
(-24,44,-76)
(-17,39,-63)
(-13,39,-63)
(-8,36,-50)
(-5,29,-47)
(5,25,-35)
(11,23,-35)
(15,25,-29)
(15,23,-27)
(29,17,-17)
(23,13,-17)
(35,21,-17)
(39,13,-7)
(58,10,-4)
(59,5,-5)
(66,12,4)
(67,13,5)
(79,9,9)
(88,16,18)
(87,17,15)
(96,10,18)
(102,10,24)
(82,16,12)
(71,9,11)
(60,16,10)
(45,17,-1)
(35,25,-1)
(33,27,-11)
(16,30,-22)
(-3,37,-31)
(-9,45,-39)
(-20,46,-46)
(-28,60,-60)
(-33,61,-69)
(-48,68,-86)
(-48,74,-92)
(-54,86,-108)
(-59,89,-115)
(-63,99,-115)
(-56,96,-120)
(-53,99,-123)
(-53,87,-113)
(-51,81,-91)
(-40,74,-70)
(-32,62,-50)
(-22,66,-34)
(-8,60,-20)
(8,56,-8)
(26,60,16)
(31,63,25)
(52,68,34)
(58,84,52)
(65,91,63)
(73,101,65)
(78,104,60)
(79,105,65)
(89,119,71)
(84,114,70)
(80,132,76)
(83,137,67)
(59,133,71)
(48,136,60)
(34,134,48)
(23,137,47)
(5,133,39)
(5,133,27)
(1,127,17)
(-19,127,3)
(-23,121,-3)
(-27,113,-21)
(-32,120,-24)
(-42,126,-34)
(-52,126,-36)
(-55,137,-49)
(-61,143,-73)
(-60,150,-74)
(-66,150,-68)
(-49,141,-67)
(-49,123,-35)
(-36,110,-22)
(-20,108,-10)
(-10,96,12)
(1,97,11)
(9,79,27)
(21,83,29)
(23,81,33)
(31,73,47)
(49,71,41)
(62,72,46)
(64,60,50)
(68,58,52)
(87,61,61)
(93,59,55)
(119,65,67)
(120,64,66)
(128,74,76)
(143,81,73)
(154,88,78)
(158,94,72)
(173,115,75)
(167,121,85)
(183,129,81)
(185,155,87)
(186,160,90)
(187,163,79)
(194,174,82)
(186,182,76)
(194,186,76)
(203,191,77)
(204,206,82)
(197,201,73)
(202,214,70)
(202,218,72)
(199,219,67)
(199,215,77)
(198,218,74)
(197,205,77)
(189,191,73)
(185,185,81)
(177,173,87)
(170,166,82)
(168,154,82)
(153,153,85)
(150,142,84)
(133,123,85)
(131,125,81)
(132,116,84)
(127,113,77)
(115,103,75)
(109,109,73)
(98,110,80)
(91,111,65)
(82,110,70)
(72,102,72)
(67,113,57)
(59,115,69)
(53,113,57)
(42,114,50)
(37,117,49)
(40,120,50)
(47,115,53)
(47,111,63)
(61,99,59)
(78,102,68)
(86,100,74)
(109,123,79)
(121,117,75)
(127,129,81)
(140,130,88)
(137,141,83)
(157,149,89)
(153,161,81)
(161,165,83)
(168,172,84)
(163,185,81)
(173,181,83)
(164,182,86)
(162,170,86)
(160,158,84)
(149,147,81)
(146,128,78)
(127,115,81)
(117,97,67)
(98,96,64)
(88,84,56)
(69,87,59)
(53,83,51)
(46,78,38)
(36,94,38)
(30,92,34)
(21,99,37)
(14,106,30)
(2,108,32)
(-6,114,18)
(-7,125,9)
(-20,132,6)
(-20,136,8)
(-23,129,-3)
(-18,138,-8)
(-28,146,-6)
(-24,128,-8)
(-11,117,7)
(5,121,23)
(27,99,35)
(34,112,50)
(56,116,66)
(76,120,62)
(85,135,77)
(100,134,82)
(100,148,70)
(110,144,86)
(101,131,75)
(74,128,70)
(58,128,62)
(28,140,52)
(7,163,35)
(11,193,31)
(16,204,36)
(21,195,43)
(40,172,54)
(32,142,58)
(35,121,49)
(18,104,34)
(-5,119,7)
(-28,138,-10)
(-28,170,-12)
(-21,185,-9)
(-18,202,-14)
(-16,182,10)
(-15,141,13)
(-22,132,8)
(-38,132,-16)
(-40,138,-38)
(-48,164,-54)
(-48,194,-60)
(-48,206,-68)
(-38,198,-50)
(-35,179,-33)
(-37,157,-25)
(-36,142,-24)
(-48,128,-46)
(-56,142,-58)
(-58,158,-70)
(-55,171,-77)
(-51,187,-79)
(-54,204,-82)
(-48,186,-80)
(-54,168,-58)
(-47,147,-57)
(-47,127,-59)
(-60,122,-68)
(-64,138,-88)
(-62,144,-106)
(-60,164,-120)
(-70,182,-136)
(-73,195,-147)
(-67,183,-129)
(-72,168,-110)
(-71,143,-99)
(-64,140,-86)
(-74,130,-80)
(-57,121,-89)
(-66,122,-114)
(-67,139,-125)
(-64,164,-140)
(-68,178,-152)
(-65,195,-169)
(-68,200,-168)
(-68,180,-158)
(-67,175,-151)
(-80,154,-138)
(-66,158,-148)
(-60,180,-162)
(-69,203,-179)
(-58,228,-186)
(-56,248,-198)
(-42,246,-206)
(-27,261,-225)
(-25,249,-235)
(-38,246,-222)
(-47,239,-207)
(-38,252,-200)
(-25,273,-207)
(-13,283,-209)
(-5,295,-219)
(3,295,-235)
(0,286,-252)
(-4,274,-256)
(-23,251,-241)
(-27,255,-233)
(-25,255,-219)
(-31,257,-215)
(-9,293,-211)
(10,306,-216)
(21,311,-237)
(14,306,-232)
(12,304,-230)
(-18,292,-204)
(-12,288,-188)
(-11,305,-181)
(-4,306,-180)
(11,313,-173)
(0,312,-162)
(-6,318,-146)
(-12,314,-142)
(1,311,-129)
(-13,291,-127)
(-6,312,-158)
(2,328,-182)
(24,324,-200)
(41,329,-227)
(47,327,-235)
(51,327,-237)
(39,315,-223)
(31,325,-209)
(24,316,-220)
(22,304,-230)
(32,312,-236)
(45,325,-251)
(52,330,-256)
(66,330,-252)
(75,339,-269)
(82,328,-266)
(82,328,-284)
(87,325,-285)
(92,322,-276)
(96,334,-284)
(86,334,-262)
(56,330,-260)
(57,335,-243)
(59,331,-235)
(42,334,-218)
(46,338,-208)
(42,332,-190)
(28,338,-180)
(26,328,-190)
(45,335,-211)
(38,330,-226)
(52,330,-244)
(47,325,-259)
(59,315,-277)
(74,306,-296)
(91,309,-295)
(88,310,-300)
(90,310,-296)
(98,324,-294)
(121,323,-295)
(141,331,-295)
(164,324,-300)
(173,319,-301)
(191,317,-305)
(201,315,-315)
(217,299,-307)
(219,299,-311)
(230,290,-304)
(240,308,-292)
(242,320,-272)
(228,334,-250)
(238,336,-240)
(241,343,-245)
(245,337,-241)
(252,342,-250)
(240,336,-248)
(241,333,-249)
(221,349,-243)
(201,353,-245)
(174,366,-246)
(147,359,-239)
(137,355,-245)
(101,355,-227)
(94,356,-228)
(75,349,-225)
(62,340,-224)
(67,341,-221)
(90,344,-228)
(106,352,-242)
(118,344,-256)
(140,352,-250)
(158,348,-264)
(184,332,-278)
(203,323,-277)
(230,318,-296)
(233,303,-297)
(238,300,-292)
(244,298,-296)
(241,303,-293)
(236,310,-284)
(202,328,-286)
(187,339,-283)
(156,348,-280)
(117,345,-275)
(114,342,-266)
(92,348,-262)
(67,347,-261)
(52,332,-244)
(42,334,-238)
(20,314,-232)
(7,311,-213)
(-8,300,-208)
(-26,288,-198)
(-37,267,-177)
(-45,251,-157)
(-43,243,-143)
(-40,238,-130)
(-53,221,-103)
(-50,208,-84)
(-45,207,-53)
(-37,199,-27)
(-17,201,9)
(14,200,28)
(24,204,38)
(38,204,54)
(48,202,64)
(61,197,59)
(74,194,70)
(88,206,62)
(94,204,70)
(109,211,65)
(122,220,62)
(122,226,68)
(132,220,70)
(130,226,68)
(139,225,63)
(149,237,71)
(150,238,70)
(156,246,66)
(165,245,63)
(174,254,62)
(184,264,52)
(181,267,57)
(187,259,49)
(188,276,46)
(186,270,42)
(179,253,61)
(174,234,68)
(164,214,70)
(168,208,82)
(146,184,76)
(142,164,82)
(127,157,73)
(109,163,83)
(92,146,82)
(76,142,70)
(68,146,74)
(57,145,55)
(42,146,58)
(36,156,50)
(34,148,44)
(31,151,47)
(23,147,37)
(22,148,42)
(43,143,61)
(58,146,66)
(88,154,72)
(103,159,71)
(128,174,86)
(145,181,81)
(162,190,90)
(171,195,75)
(191,205,79)
(197,211,71)
(209,223,57)
(219,233,61)
(228,254,62)
(222,262,46)
(221,265,45)
(224,276,36)
(214,290,30)
(211,299,37)
(209,297,29)
(216,290,34)
(213,271,47)
(219,247,65)
(202,222,68)
(190,200,76)
(174,180,80)
(157,163,87)
(145,141,85)
(124,136,84)
(115,127,81)
(99,125,77)
(79,115,71)
(69,115,69)
(54,114,68)
(43,107,47)
(33,117,45)
(22,124,42)
(18,120,38)
(3,129,31)
(-8,136,26)
(-16,138,6)
(-27,155,3)
(-23,165,-17)
(-36,176,-16)
(-44,186,-24)
(-48,204,-50)
(-49,209,-61)
(-51,229,-75)
(-56,240,-98)
(-47,249,-99)
(-43,263,-123)
(-39,281,-111)
(-32,276,-136)
(-31,281,-147)
(-29,293,-151)
(-19,293,-155)
(-33,285,-161)
(-41,277,-139)
(-54,254,-124)
(-53,241,-105)
(-57,221,-85)
(-56,216,-74)
(-52,202,-50)
(-36,180,-32)
(-32,170,-12)
(-12,156,4)
(8,158,30)
(20,144,44)
(34,148,54)
(41,147,65)
(67,147,69)
(75,149,71)
(77,159,77)
(91,159,77)
(108,168,82)
(118,176,90)
(134,180,76)
(150,190,80)
(150,202,86)
(159,221,75)
(176,220,68)
(183,231,77)
(178,234,64)
(181,241,67)
(200,266,56)
(198,270,58)
(206,278,50)
(205,283,41)
(202,292,34)
(201,301,29)
(208,300,12)
(200,316,4)
(208,324,8)
(195,327,-7)
(193,333,-9)
(194,336,-8)
(188,336,-16)
(185,339,-21)
(177,349,-27)
(169,347,-29)
(169,355,-29)
(175,355,-31)
(151,349,-29)
(140,354,-40)
(131,359,-45)
(121,355,-45)
(117,353,-39)
(117,351,-33)
(105,351,-31)
(95,345,-29)
(90,340,-24)
(80,342,-26)
(63,341,-31)
(62,330,-28)
(47,325,-31)
(60,328,-40)
(55,343,-49)
(75,345,-33)
(80,338,-34)
(92,338,-16)
(99,325,3)
(110,324,6)
(117,309,33)
(120,298,34)
(119,283,41)
(119,275,55)
(111,259,55)
(99,257,75)
(87,241,63)
(85,235,63)
(67,223,75)
(66,214,74)
(52,208,72)
(43,197,59)
(44,204,52)
(31,175,57)
(10,174,44)
(23,169,43)
(2,154,44)
(-12,146,24)
(-19,143,11)
(-26,144,-6)
(-35,135,-27)
(-64,126,-86)
(-76,134,-106)
(-70,160,-134)
(-77,151,-139)
(-71,157,-167)
(-77,179,-185)
(-44,250,-210)
(-46,254,-216)
(-41,259,-219)
(-50,258,-206)
(-37,259,-209)
(-34,258,-208)
(-41,263,-207)
(-33,273,-207)
(-45,263,-193)
(-40,268,-178)
(-31,279,-193)
(-66,214,-106)
(-70,172,-78)
(-65,137,-55)
(-42,98,-40)
(-38,70,-34)
(-22,48,-42)
(-19,27,-37)
(-1,19,-37)
(5,11,-31)
(28,-4,-40)
(24,-14,-42)
(35,-21,-35)
(37,-25,-45)
(42,-18,-34)
(36,-18,-40)
(14,-6,-52)
(-11,7,-57)
(-36,36,-74)
(-48,58,-80)
(-62,82,-92)
(-65,107,-107)
(-75,141,-119)
(-84,170,-142)
(-83,197,-157)
(-61,205,-169)
(-70,202,-160)
(-66,206,-154)
(-70,168,-128)
(-70,142,-92)
(-57,113,-61)
(-52,94,-40)
(-33,77,-25)
(-2,62,-4)
(14,44,6)
(29,49,19)
(36,42,24)
(50,46,38)
(47,41,27)
(47,41,37)
(46,42,28)
(26,42,16)
(17,51,11)
(1,53,3)
(-14,54,-16)
(-30,68,-18)
(-48,94,-48)
(-64,120,-68)
(-74,132,-72)
(-67,133,-91)
(-69,155,-97)
(-73,149,-97)
(-71,149,-101)
(-64,132,-74)
(-60,110,-60)
(-37,101,-27)
(-18,78,-12)
(-7,73,7)
(22,62,16)
(27,71,35)
(37,61,27)
(45,69,41)
(51,57,45)
(62,70,52)
(50,62,36)
(41,59,33)
(29,67,37)
(18,70,20)
(11,71,13)
(-1,79,11)
(-16,88,8)
(-28,100,-6)
(-25,105,-19)
(-39,117,-25)
(-40,126,-32)
(-46,140,-42)
(-54,152,-44)
(-55,155,-47)
(-49,145,-43)
(-48,130,-30)
(-39,119,-15)
(-25,99,-3)
(-8,92,10)
(5,75,13)
(17,63,17)
(34,50,34)
(42,54,30)
(53,45,37)
(57,45,43)
(68,42,42)
(58,48,40)
(55,45,39)
(41,51,25)
(14,50,14)
(8,74,10)
(-1,69,5)
(-24,86,-8)
(-29,93,-7)
(-37,107,-31)
(-42,128,-44)
(-58,152,-56)
(-60,172,-78)
(-67,175,-83)
(-68,176,-92)
(-62,176,-80)
(-53,159,-67)
(-48,132,-40)
(-38,106,-26)
(-25,95,-9)
(-6,78,2)
(-3,77,15)
(-3,77,9)
(9,79,19)
(9,81,17)
(12,86,24)
(13,83,25)
(8,92,36)
(1,97,27)
(-22,112,6)
(-27,127,-9)
(-36,134,-26)
(-44,148,-42)
(-64,146,-38)
(-60,172,-70)
(-68,180,-96)
(-70,186,-122)
(-66,196,-150)
(-64,204,-180)
(-58,198,-204)
(-50,200,-238)
(-35,203,-273)
(-30,214,-298)
(-2,202,-314)
(9,195,-329)
(25,193,-339)
(52,198,-356)
(73,191,-367)
(95,199,-363)
(115,201,-379)
(142,204,-376)
(153,205,-387)
(176,222,-374)
(192,230,-374)
(203,223,-367)
(205,227,-367)
(203,233,-361)
(210,232,-364)
(213,241,-365)
(213,233,-361)
(207,235,-363)
(213,231,-361)
(198,242,-366)
(179,253,-371)
(141,245,-361)
(109,261,-359)
(77,263,-341)
(32,258,-316)
(-7,243,-287)
(-15,235,-283)
(-38,230,-256)
(-52,212,-232)
(-57,203,-211)
(-64,196,-176)
(-76,182,-154)
(-72,164,-116)
(-68,156,-94)
(-56,148,-66)
(-43,145,-31)
(-35,133,-13)
(-28,130,6)
(-18,132,8)
(0,136,22)
(13,137,33)
(8,140,40)
(22,142,48)
(36,148,48)
(36,158,56)
(47,159,71)
(52,162,62)
(51,167,67)
(58,156,76)
(58,150,74)
(60,152,68)
(41,145,65)
(18,150,48)
(10,150,38)
(-9,151,21)
(-24,160,-6)
(-38,178,-18)
(-38,184,-52)
(-59,199,-65)
(-58,210,-110)
(-64,226,-138)
(-60,240,-156)
(-47,255,-187)
(-39,263,-201)
(-30,268,-232)
(-15,273,-245)
(-12,274,-258)
(-7,267,-259)
(-18,268,-248)
(-19,265,-239)
(-35,261,-219)
(-38,256,-200)
(-54,244,-162)
(-60,230,-130)
(-54,210,-102)
(-52,194,-66)
(-40,178,-38)
(-33,171,-11)
(-18,164,12)
(3,145,25)
(10,136,38)
(12,130,42)
(24,128,44)
(19,131,45)
(20,124,42)
(4,142,30)
(-15,137,15)
(-22,158,4)
(-26,168,-16)
(-37,173,-31)
(-45,181,-51)
(-51,181,-59)
(-60,204,-82)
(-59,207,-115)
(-64,224,-134)
(-47,235,-157)
(-57,243,-177)
(-37,247,-211)
(-24,252,-230)
(-21,265,-251)
(-9,263,-257)
(-6,260,-274)
(-3,257,-279)
(-5,257,-265)
(-18,242,-240)
(-38,238,-218)
(-51,225,-201)
(-55,223,-175)
(-61,211,-157)
(-58,200,-136)
(-62,188,-108)
(-59,167,-83)
(-50,158,-64)
(-37,161,-37)
(-48,148,-44)
(-38,162,-40)
(-43,155,-39)
(-43,171,-47)
(-48,174,-64)
(-61,189,-93)
(-57,199,-105)
(-64,214,-134)
(-57,223,-155)
(-52,226,-162)
(-42,250,-200)
(-35,247,-225)
(-33,253,-241)
(-24,250,-254)
(-13,253,-257)
(-4,264,-280)
(1,263,-285)
(4,260,-290)
(10,256,-294)
(-18,252,-262)
(-37,233,-233)
(-46,230,-200)
(-52,226,-176)
(-64,210,-156)
(-61,205,-127)
(-67,201,-101)
(-60,186,-74)
(-56,184,-44)
(-33,177,-19)
(-29,179,-9)
(-19,177,-3)
(-28,182,-16)
(-42,194,-38)
(-56,206,-74)
(-60,210,-112)
(-58,218,-146)
(-55,223,-187)
(-44,224,-224)
(-41,227,-235)
(-25,219,-267)
(-3,235,-285)
(9,239,-307)
(39,233,-329)
(51,219,-345)
(76,216,-354)
(100,216,-364)
(118,208,-370)
(139,209,-367)
(164,192,-368)
(176,182,-372)
(186,172,-368)
(204,162,-376)
(228,160,-372)
(232,138,-362)
(256,128,-346)
(250,130,-350)
(242,124,-356)
(219,135,-371)
(192,146,-374)
(138,166,-380)
(80,192,-362)
(34,202,-334)
(0,212,-308)
(-27,215,-273)
(-38,216,-244)
(-49,211,-217)
(-60,198,-190)
(-63,197,-175)
(-64,200,-202)
(-45,191,-253)
(-21,201,-291)
(-17,201,-299)
(10,190,-320)
(50,192,-346)
(60,192,-358)
(92,188,-374)
(132,184,-372)
(141,181,-383)
(162,176,-380)
(176,174,-378)
(186,148,-382)
(191,155,-375)
(183,139,-383)
(155,139,-379)
(118,146,-374)
(73,151,-363)
(21,159,-337)
(-24,190,-292)
(-50,186,-254)
(-52,196,-242)
(-51,201,-251)
(-46,178,-252)
(-32,176,-292)
(-2,162,-308)
(11,143,-335)
(36,134,-348)
(60,126,-352)
(91,95,-367)
(106,88,-362)
(115,81,-365)
(140,70,-350)
(148,60,-362)
(158,62,-358)
(141,69,-363)
(113,83,-367)
(84,94,-360)
(47,101,-345)
(29,115,-347)
(27,129,-329)
(18,116,-326)
(1,121,-319)
(0,108,-314)
(27,89,-337)
(48,84,-338)
(49,87,-347)
(73,61,-341)
(92,62,-356)
(102,40,-344)
(102,38,-340)
(114,32,-330)
(128,24,-328)
(115,13,-321)
(116,12,-306)
(113,1,-311)
(113,-7,-289)
(105,-15,-293)
(107,-25,-279)
(112,-26,-280)
(114,-28,-268)
(104,-36,-266)
(120,-40,-264)
(124,-34,-260)
(130,-40,-248)
(135,-47,-249)
(142,-56,-244)
(138,-54,-238)
(141,-43,-233)
(149,-45,-235)
(155,-63,-233)
(161,-51,-223)
(159,-45,-219)
(163,-59,-225)
(174,-50,-214)
(163,-53,-203)
(168,-60,-214)
(174,-56,-206)
(176,-60,-210)
(188,-54,-206)
(182,-48,-204)
(189,-57,-215)
(191,-49,-215)
(190,-54,-200)
(188,-48,-210)
(198,-56,-206)
(204,-50,-206)
(200,-46,-208)
(215,-45,-219)
(205,-51,-211)
(205,-47,-213)
(200,-46,-214)
(209,-39,-215)
(210,-50,-214)
(205,-35,-213)
(198,-40,-218)
(205,-43,-219)
(202,-42,-224)
(206,-46,-228)
(198,-46,-222)
(204,-34,-226)
(187,-43,-221)
(182,-44,-226)
(187,-41,-235)
(178,-46,-232)
(175,-41,-235)
(169,-53,-239)
(168,-48,-236)
(166,-46,-240)
(159,-43,-251)
(150,-40,-250)
(142,-36,-254)
(146,-34,-256)
(129,-35,-257)
(112,-32,-260)
(114,-24,-268)
(108,-30,-270)
(100,-20,-272)
(89,-21,-273)
(98,-22,-274)
(82,-8,-282)
(83,-5,-293)
(82,-4,-294)
(80,2,-286)
(61,11,-285)
(57,17,-291)
(44,20,-292)
(39,29,-289)
(27,31,-291)
(18,36,-288)
(14,40,-294)
(18,44,-298)
(0,42,-286)
(1,57,-283)
(7,61,-277)
(-14,58,-282)
(-10,64,-286)
(-6,56,-274)
(-22,72,-272)
(-18,76,-276)
(-20,76,-284)
(-25,83,-271)
(-27,87,-271)
(-36,88,-260)
(-40,98,-264)
(-40,110,-258)
(-52,112,-256)
(-52,112,-244)
(-52,122,-238)
(-55,135,-237)
(-60,144,-234)
(-57,137,-227)
(-64,146,-230)
(-58,144,-230)
(-62,142,-228)
(-58,148,-234)
(-55,139,-235)
(-53,129,-241)
(-51,137,-253)
(-35,111,-263)
(-30,104,-282)
(-7,85,-293)
(11,83,-305)
(29,67,-315)
(50,44,-324)
(70,38,-318)
(90,22,-326)
(106,20,-326)
(118,14,-322)
(150,6,-312)
(164,2,-310)
(159,-3,-307)
(173,-3,-303)
(182,-10,-304)
(202,-18,-280)
(206,-14,-278)
(205,-23,-271)
(223,-25,-263)
(223,-27,-263)
(224,-16,-250)
(234,-30,-240)
(221,-35,-217)
(226,-38,-216)
(229,-29,-217)
(241,-33,-215)
(250,-30,-210)
(254,-24,-208)
(256,-22,-212)
(259,-21,-209)
(269,-19,-213)
(266,-12,-220)
(271,-9,-213)
(269,-21,-221)
(274,-6,-232)
(280,4,-224)
(283,11,-239)
(290,14,-256)
(279,27,-267)
(268,46,-300)
(262,38,-304)
(240,66,-326)
(221,75,-347)
(205,97,-357)
(185,105,-365)
(157,119,-367)
(132,130,-376)
(126,142,-384)
(107,145,-375)
(97,149,-369)
(71,167,-373)
(47,161,-363)
(43,169,-343)
(24,174,-342)
(20,176,-336)
(21,179,-331)
(23,173,-337)
(31,169,-351)
(76,164,-354)
(106,158,-372)
(136,150,-374)
(153,143,-379)
(167,139,-377)
(177,127,-375)
(189,115,-377)
(195,111,-363)
(203,103,-359)
(211,103,-369)
(220,86,-354)
(220,84,-344)
(234,76,-340)
(235,53,-331)
(243,51,-323)
(241,45,-319)
(243,47,-319)
(237,47,-327)
(218,48,-332)
(211,59,-345)
(202,68,-342)
(190,80,-354)
(187,79,-357)
(162,66,-358)
(146,60,-354)
(142,70,-356)
(147,83,-369)
(149,107,-373)
(146,136,-372)
(141,133,-377)
(140,124,-376)
(135,113,-367)
(129,107,-375)
(130,108,-372)
(133,115,-373)
(131,127,-375)
(131,143,-377)
(138,152,-380)
(135,155,-383)
(134,158,-380)
(130,156,-382)
(123,149,-377)
(109,143,-375)
(113,151,-357)
(99,161,-367)
(91,181,-377)
(84,192,-366)
(78,202,-362)
(67,205,-355)
(62,220,-346)
(52,224,-340)
(61,239,-345)
(61,243,-341)
(61,253,-327)
(52,288,-316)
(65,313,-297)
(70,324,-274)
(73,329,-269)
(78,336,-272)
(65,331,-275)
(67,321,-267)
(43,325,-259)
(48,332,-262)
(51,327,-249)
(52,336,-242)
(63,341,-227)
(63,353,-219)
(79,345,-205)
(76,360,-200)
(90,360,-180)
(86,362,-186)
(83,369,-181)
(87,361,-169)
(84,372,-162)
(85,359,-155)
(88,362,-148)
(99,365,-149)
(115,361,-153)
(110,366,-156)
(116,374,-168)
(111,375,-167)
(113,367,-195)
(102,364,-182)
(89,361,-167)
(89,361,-159)
(99,367,-149)
(107,367,-155)
(113,373,-155)
(123,367,-161)
(124,370,-170)
(129,373,-183)
(117,369,-189)
(120,366,-196)
(97,369,-185)
(94,362,-180)
(79,361,-173)
(91,363,-175)
(80,362,-170)
(79,361,-181)
(70,350,-194)
(66,354,-184)
(41,335,-187)
(25,315,-185)
(18,320,-186)
(-1,297,-195)
(-13,287,-211)
(-13,287,-217)
(-3,273,-241)
(-7,257,-259)
(-1,253,-279)
(5,249,-287)
(14,232,-302)
(28,202,-328)
(49,195,-333)
(63,173,-357)
(69,173,-361)
(79,167,-361)
(104,148,-374)
(129,135,-373)
(147,135,-371)
(142,136,-370)
(160,118,-368)
(173,113,-361)
(172,112,-364)
(195,99,-357)
(196,88,-348)
(211,75,-337)
(208,68,-346)
(216,62,-330)
(207,69,-333)
(219,49,-325)
(223,59,-329)
(223,49,-319)
(234,36,-312)
(227,21,-299)
(229,29,-295)
(235,15,-279)
(242,14,-282)
(244,2,-256)
(236,-6,-262)
(247,-9,-249)
(239,-17,-233)
(249,-13,-239)
(245,-23,-223)
(236,-24,-218)
(231,-27,-209)
(224,-34,-208)
(218,-34,-198)
(213,-49,-185)
(215,-41,-183)
(208,-50,-168)
(207,-43,-169)
(211,-47,-159)
(209,-49,-159)
(189,-47,-149)
(191,-47,-139)
(197,-57,-137)
(196,-56,-132)
(184,-46,-124)
(185,-45,-119)
(188,-58,-116)
(195,-51,-111)
(184,-54,-104)
(195,-47,-105)
(193,-47,-117)
(185,-49,-127)
(178,-54,-128)
(171,-55,-129)
(181,-49,-135)
(181,-57,-147)
(162,-48,-140)
(167,-55,-147)
(173,-63,-153)
(154,-48,-150)
(138,-56,-166)
(136,-56,-168)
(126,-54,-176)
(123,-55,-177)
(121,-51,-175)
(113,-49,-173)
(117,-59,-175)
(109,-51,-183)
(106,-54,-172)
(97,-53,-181)
(111,-53,-177)
(112,-56,-174)
(123,-53,-181)
(131,-53,-175)
(149,-71,-173)
(158,-52,-154)
(171,-59,-153)
(170,-52,-154)
(179,-57,-151)
(186,-52,-142)
(191,-55,-141)
(198,-48,-136)
(200,-56,-138)
(196,-44,-132)
(193,-49,-135)
(192,-60,-144)
(189,-53,-147)
(171,-55,-145)
(166,-54,-148)
(161,-51,-161)
(145,-57,-167)
(139,-57,-177)
(122,-54,-188)
(118,-48,-178)
(104,-52,-186)
(85,-45,-187)
(72,-50,-190)
(72,-44,-194)
(58,-38,-192)
(61,-37,-193)
(51,-27,-193)
(51,-25,-193)
(52,-28,-194)
(56,-38,-198)
(62,-38,-190)
(76,-44,-184)
(82,-40,-184)
(89,-51,-181)
(115,-57,-183)
(121,-59,-175)
(130,-56,-164)
(123,-61,-169)
(137,-59,-167)
(149,-63,-167)
(157,-63,-155)
(156,-60,-156)
(173,-63,-143)
(169,-65,-143)
(173,-55,-159)
(181,-57,-151)
(188,-56,-142)
(192,-56,-146)
(184,-56,-144)
(179,-55,-141)
(175,-59,-149)
(172,-56,-158)
(157,-65,-159)
(147,-59,-173)
(144,-50,-172)
(129,-57,-181)
(113,-59,-187)
(93,-53,-187)
(92,-50,-188)
(78,-46,-192)
(79,-39,-193)
(64,-36,-198)
(49,-33,-201)
(37,-21,-201)
(28,-20,-190)
(27,-27,-193)
(8,-6,-196)
(2,-4,-192)
(3,-1,-191)
(-7,9,-191)
(-8,6,-190)
(-19,11,-193)
(-19,13,-193)
(-26,20,-188)
(-37,37,-187)
(-17,23,-195)
(-5,7,-193)
(11,-9,-197)
(38,-30,-208)
(51,-33,-199)
(77,-39,-203)
(93,-55,-191)
(113,-57,-199)
(161,-61,-185)
(182,-48,-180)
(187,-47,-181)
(211,-57,-185)
(223,-45,-175)
(234,-42,-186)
(251,-41,-191)
(253,-37,-181)
(245,-39,-177)
(251,-29,-183)
(260,-24,-182)
(263,-27,-179)
(268,-22,-178)
(281,-7,-185)
(282,-10,-182)
(288,-8,-188)
(288,0,-186)
(294,-2,-192)
(291,5,-197)
(305,13,-205)
(302,10,-212)
(292,14,-210)
(282,4,-218)
(279,-3,-231)
(260,-2,-246)
(260,-2,-244)
(237,-13,-259)
(223,-17,-269)
(195,-19,-283)
(177,-13,-281)
(151,-15,-297)
(109,7,-305)
(114,6,-310)
(79,31,-311)
(50,42,-308)
(17,71,-305)
(11,67,-295)
(-5,87,-287)
(-36,106,-268)
(-37,117,-265)
(-35,131,-259)
(-50,134,-246)
(-42,136,-230)
(-52,144,-240)
(-54,158,-228)
(-59,167,-225)
(-60,166,-218)
(-62,166,-216)
(-65,179,-207)
(-65,191,-205)
(-59,187,-203)
(-61,199,-189)
(-71,207,-191)
(-53,243,-169)
(-48,250,-154)
(-42,262,-144)
(-41,257,-155)
(-40,268,-134)
(-34,266,-134)
(-30,284,-122)
(-22,292,-114)
(-14,302,-108)
(-17,311,-105)
(-10,308,-94)
(1,317,-105)
(20,328,-96)
(42,342,-86)
(53,349,-83)
(75,355,-81)
(80,360,-82)
(87,365,-91)
(90,372,-94)
(94,374,-102)
(97,371,-101)
(102,370,-94)
(104,372,-110)
(91,375,-103)
(97,367,-107)
(90,370,-106)
(82,358,-98)
(73,371,-105)
(83,369,-115)
(83,375,-123)
(84,372,-138)
(72,366,-146)
(47,363,-145)
(19,347,-137)
(-1,323,-151)
(-18,308,-160)
(-23,303,-163)
(-34,280,-176)
(-54,258,-204)
(-51,251,-213)
(-49,235,-225)
(-56,228,-236)
(-52,198,-250)
(-49,193,-255)
(-53,181,-263)
(-48,182,-262)
(-57,191,-249)
(-60,198,-250)
(-55,229,-215)
(-51,267,-189)
(-50,268,-180)
(-38,292,-158)
(-21,301,-119)
(2,316,-110)
(29,337,-87)
(35,341,-75)
(49,357,-67)
(53,355,-63)
(59,351,-65)
(70,344,-50)
(82,354,-54)
(100,350,-40)
(103,357,-41)
(116,350,-32)
(134,358,-36)
(149,357,-41)
(160,356,-38)
(190,350,-30)
(211,347,-37)
(229,347,-47)
(221,349,-59)
(250,352,-64)
(253,339,-63)
(258,344,-72)
(269,335,-69)
(270,336,-82)
(277,347,-85)
(280,338,-92)
(272,344,-96)
(258,348,-112)
(255,359,-113)
(222,368,-112)
(216,372,-112)
(200,378,-96)
(180,364,-62)
(175,365,-63)
(174,354,-44)
(170,348,-30)
(181,335,-7)
(173,337,-11)
(192,336,-6)
(200,336,-16)
(198,338,-22)
(203,343,-33)
(207,339,-39)
(193,351,-69)
(173,367,-81)
(158,372,-80)
(164,364,-80)
(131,359,-67)
(138,352,-40)
(127,351,-33)
(124,340,-30)
(127,345,-27)
(119,331,-27)
(111,333,-21)
(107,325,-29)
(98,340,-34)
(102,344,-44)
(99,343,-61)
(82,342,-62)
(64,336,-54)
(66,322,-42)
(60,330,-42)
(61,327,-33)
(53,323,-37)
(64,326,-42)
(70,340,-50)
(90,352,-66)
(84,354,-76)
(68,346,-78)
(63,339,-79)
(31,325,-53)
(14,298,-40)
(21,301,-37)
(15,289,-33)
(14,280,-38)
(15,277,-29)
(18,280,-32)
(2,280,-40)
(-7,279,-51)
(-22,260,-74)
(-35,261,-81)
(-56,232,-110)
(-60,224,-110)
(-64,214,-120)
(-56,226,-120)
(-56,228,-124)
(-52,222,-122)
(-55,231,-121)
(-50,236,-132)
(-51,237,-139)
(-59,223,-109)
(-56,208,-102)
(-55,193,-91)
(-57,179,-75)
(-52,160,-62)
(-49,145,-57)
(-59,139,-63)
(-64,162,-80)
(-63,189,-83)
(-65,201,-87)
(-54,206,-92)
(-54,202,-82)
(-49,205,-87)
(-53,187,-75)
(-58,156,-58)
(-56,130,-58)
(-56,144,-74)
(-64,160,-88)
(-66,162,-84)
(-64,172,-94)
(-62,198,-86)
(-56,200,-88)
(-57,197,-79)
(-58,172,-82)
(-64,172,-88)
(-65,171,-85)
(-63,161,-87)
(-57,175,-101)
(-65,181,-105)
(-61,187,-101)
(-60,202,-106)
(-60,204,-106)
(-62,210,-118)
(-61,193,-111)
(-63,183,-95)
(-62,174,-102)
(-69,165,-111)
(-61,173,-117)
(-62,184,-136)
(-63,195,-129)
(-67,209,-143)
(-53,233,-155)
(-49,231,-151)
(-59,223,-161)
(-56,222,-154)
(-63,211,-145)
(-67,205,-143)
(-61,187,-129)
(-67,181,-135)
(-66,170,-134)
(-68,172,-128)
(-64,178,-150)
(-67,179,-155)
(-66,186,-164)
(-69,181,-163)
(-76,172,-162)
(-65,165,-153)
(-65,157,-165)
(-71,153,-159)
(-64,156,-174)
(-58,168,-178)
(-62,172,-184)
(-62,180,-202)
(-56,184,-212)
(-57,191,-231)
(-42,190,-252)
(-30,156,-272)
(-5,135,-311)
(13,133,-329)
(33,131,-335)
(48,142,-354)
(50,150,-354)
(59,161,-351)
(68,172,-366)
(74,188,-368)
(103,205,-373)
(125,211,-377)
(141,209,-377)
(172,200,-364)
(180,192,-380)
(209,179,-371)
(238,170,-360)
(252,170,-364)
(254,166,-356)
(233,163,-369)
(201,169,-375)
(126,182,-378)
(64,176,-348)
(-12,184,-306)
(-27,185,-289)
(-48,182,-234)
(-52,178,-220)
(-76,162,-166)
(-65,159,-99)
(-45,151,-49)
(-36,166,-20)
(-36,132,-4)
(-26,114,-12)
(-26,74,-30)
(-27,41,-53)
(-13,29,-69)
(-11,9,-85)
(-1,-3,-103)
(-8,-12,-102)
(7,-15,-113)
(20,-26,-114)
(18,-26,-122)
(4,-12,-128)
(-19,-1,-123)
(-10,8,-102)
(-7,5,-93)
(9,-7,-93)
(17,-5,-79)
(8,-14,-90)
(-5,-5,-111)
(-8,0,-128)
(-9,9,-171)
(-15,17,-205)
(-2,26,-218)
(-3,41,-243)
(4,38,-278)
(14,44,-288)
(23,43,-293)
(37,47,-309)
(58,32,-306)
(69,21,-305)
(69,15,-309)
(81,13,-317)
(70,22,-306)
(40,36,-308)
(25,31,-289)
(-4,52,-274)
(-37,59,-221)
(-49,71,-213)
(-55,71,-171)
(-55,65,-113)
(-47,73,-69)
(-38,82,-30)
(-21,73,-21)
(-23,87,-9)
(-7,85,11)
(1,93,25)
(3,91,19)
(-1,97,19)
(-3,105,19)
(-9,117,21)
(-20,116,2)
(-50,122,-38)
(-55,121,-43)
(-63,117,-75)
(-65,123,-105)
(-69,123,-149)
(-69,119,-189)
(-56,118,-216)
(-50,108,-238)
(-52,112,-242)
(-58,108,-216)
(-78,114,-176)
(-76,96,-120)
(-42,82,-48)
(-32,76,-20)
(0,64,2)
(14,68,18)
(29,67,39)
(35,87,49)
(28,90,48)
(16,92,32)
(-11,101,5)
(-18,104,0)
(-24,96,-12)
(-36,96,-38)
(-59,107,-73)
(-59,113,-77)
(-70,98,-104)
(-69,109,-155)
(-70,124,-180)
(-74,124,-190)
(-71,121,-195)
(-68,120,-190)
(-68,110,-184)
(-74,116,-164)
(-66,112,-116)
(-50,90,-64)
(-25,73,-21)
(-15,69,-5)
(-5,65,-1)
(1,61,3)
(18,46,16)
(13,55,13)
(-18,70,-16)
(-20,78,-24)
(-36,84,-36)
(-45,105,-29)
(-45,97,-27)
(-33,103,-15)
(-23,81,-21)
(-28,54,-32)
(-42,66,-52)
(-52,74,-64)
(-52,78,-70)
(-65,103,-85)
(-61,117,-77)
(-64,114,-54)
(-42,86,-44)
(-32,66,-40)
(-37,71,-45)
(-40,70,-50)
(-43,87,-61)
(-60,100,-76)
(-61,103,-71)
(-58,112,-62)
(-55,107,-49)
(-41,85,-39)
(-39,75,-51)
(-44,70,-52)
(-50,72,-66)
(-67,89,-99)
(-66,120,-124)
(-73,115,-131)
(-68,118,-150)
(-79,129,-173)
(-68,118,-206)
(-56,134,-234)
(-53,141,-257)
(-45,135,-263)
(-40,136,-272)
(-28,122,-286)
(-17,123,-293)
(-25,125,-301)
(-15,113,-305)
(-3,107,-309)
(0,112,-320)
(37,101,-337)
(30,100,-348)
(40,88,-348)
(43,87,-341)
(60,84,-356)
(59,87,-351)
(55,87,-347)
(44,84,-338)
(32,86,-330)
(11,89,-319)
(-17,87,-287)
(-41,97,-269)
(-45,91,-251)
(-52,98,-236)
(-51,107,-223)
(-63,85,-193)
(-65,85,-163)
(-67,85,-163)
(-62,76,-132)
(-61,75,-99)
(-51,75,-75)
(-48,74,-68)
(-28,70,-48)
(-31,65,-29)
(-24,66,-14)
(-16,82,0)
(-4,84,12)
(17,79,21)
(17,81,29)
(22,76,38)
(13,75,33)
(-1,79,7)
(-9,87,3)
(-26,90,-14)
(-41,85,-29)
(-54,92,-48)
(-53,93,-75)
(-61,101,-81)
(-56,104,-106)
(-68,102,-106)
(-72,96,-120)
(-65,97,-93)
(-54,88,-60)
(-25,71,-25)
(-10,66,-2)
(-1,65,11)
(2,68,10)
(-3,71,21)
(9,83,27)
(9,81,19)
(6,78,26)
(2,90,24)
(-6,94,14)
(-11,93,5)
(-29,103,-9)
(-45,121,-25)
(-50,128,-40)
(-55,133,-53)
(-72,134,-74)
(-69,135,-81)
(-70,132,-84)
(-54,114,-54)
(-40,114,-28)
(-38,102,-14)
(-26,108,-2)
(-18,102,-4)
(-13,111,3)
(-8,112,24)
(6,124,36)
(20,126,46)
(11,131,41)
(29,129,57)
(37,143,55)
(41,147,65)
(44,148,68)
(48,142,66)
(47,153,73)
(67,177,73)
(72,184,86)
(83,177,73)
(87,177,85)
(97,189,77)
(81,205,85)
(69,169,81)
(58,144,70)
(37,113,53)
(21,99,35)
(-3,75,17)
(-8,58,-10)
(-23,65,-29)
(-42,72,-50)
(-46,80,-64)
(-55,93,-51)
(-49,79,-43)
(-27,71,-19)
(-12,78,-8)
(14,72,18)
(19,85,35)
(-18,80,-2)
(-23,95,-23)
(-42,92,-38)
(-53,97,-59)
(-57,99,-65)
(-62,100,-76)
(-65,101,-87)
(-70,116,-90)
(-73,123,-109)
(-71,129,-115)
(-79,131,-147)
(-80,138,-138)
(-57,115,-105)
(-60,86,-66)
(-30,78,-22)
(-17,67,-9)
(-10,76,12)
(-7,75,17)
(6,82,24)
(9,85,29)
(11,91,39)
(18,90,44)
(31,93,47)
(32,90,44)
(29,75,47)
(21,67,39)
(23,57,29)
(17,53,21)
(14,38,10)
(12,38,8)
(18,32,2)
(10,22,-4)
(6,26,-10)
(14,28,-6)
(9,49,7)
(0,74,0)
(-2,70,20)
(15,81,33)
(30,94,40)
(28,104,50)
(41,111,57)
(41,137,65)
(40,146,72)
(39,161,67)
(63,165,69)
(46,176,70)
(55,189,73)
(62,198,66)
(64,188,78)
(52,186,80)
(64,196,72)
(57,187,69)
(59,189,73)
(60,214,70)
(71,221,65)
(61,221,71)
(71,207,67)
(59,187,77)
(60,168,68)
(51,139,73)
(60,116,68)
(44,98,58)
(36,76,44)
(27,61,37)
(19,49,17)
(12,50,20)
(27,47,19)
(20,56,26)
(32,82,42)
(43,99,57)
(44,104,58)
(37,129,67)
(44,134,64)
(56,146,76)
(43,147,73)
(50,148,66)
(52,138,70)
(36,112,52)
(37,111,59)
(24,94,40)
(21,81,29)
(8,74,16)
(-10,64,4)
(-15,73,-19)
(-22,68,-40)
(-30,68,-40)
(-29,59,-47)
(-21,41,-39)
(-24,42,-46)
(-39,81,-51)
(-52,114,-46)
(-48,134,-46)
(-49,157,-47)
(-47,185,-33)
(-30,226,-28)
(-29,243,-27)
(-14,262,-28)
(-16,272,-38)
(-18,276,-38)
(-13,273,-51)
(-30,260,-62)
(-37,253,-53)
(-40,228,-48)
(-58,188,-64)
(-74,168,-92)
(-67,133,-123)
(-70,118,-154)
(-65,95,-189)
(-44,78,-218)
(-40,56,-232)
(-20,50,-240)
(3,19,-251)
(18,0,-252)
(41,-5,-247)
(51,-17,-245)
(38,-14,-230)
(46,-34,-230)
(64,-36,-222)
(61,-39,-215)
(67,-43,-193)
(62,-54,-178)
(75,-59,-171)
(70,-58,-150)
(65,-53,-141)
(68,-54,-114)
(55,-45,-109)
(53,-43,-117)
(43,-37,-141)
(40,-42,-166)
(32,-30,-200)
(32,-12,-238)
(9,23,-261)
(2,54,-286)
(-1,77,-301)
(-2,116,-314)
(8,132,-332)
(7,181,-335)
(12,202,-332)
(22,214,-328)
(24,250,-326)
(23,267,-309)
(22,284,-296)
(19,291,-281)
(21,301,-275)
(15,303,-263)
(16,304,-256)
(11,315,-233)
(-9,305,-213)
(-29,289,-179)
(-42,278,-132)
(-49,259,-111)
(-39,249,-103)
(-44,250,-86)
(-35,245,-77)
(-29,247,-59)
(-12,254,-36)
(-10,260,-28)
(-1,265,-31)
(6,292,-38)
(10,298,-44)
(2,306,-48)
(14,322,-52)
(27,325,-57)
(24,322,-52)
(13,319,-61)
(5,311,-79)
(-1,305,-77)
(-10,308,-88)
(-28,288,-100)
(-39,269,-107)
(-60,236,-136)
(-66,208,-164)
(-57,203,-175)
(-65,197,-211)
(-59,179,-243)
(-46,168,-258)
(-37,135,-277)
(-16,102,-298)
(-5,81,-301)
(14,64,-296)
(10,58,-304)
(22,42,-298)
(32,36,-296)
(39,25,-301)
(48,20,-294)
(39,31,-293)
(40,24,-298)
(24,48,-290)
(10,64,-290)
(1,67,-291)
(-16,92,-288)
(-21,111,-283)
(-14,102,-292)
(-13,97,-299)
(-3,85,-299)
(24,60,-314)
(32,50,-308)
(45,39,-317)
(60,34,-312)
(69,33,-319)
(83,19,-317)
(91,15,-313)
(101,11,-295)
(107,1,-303)
(102,-14,-286)
(104,-18,-276)
(93,-29,-257)
(94,-42,-240)
(109,-47,-217)
(105,-57,-203)
(105,-57,-191)
(103,-67,-179)
(98,-54,-168)
(102,-58,-144)
(94,-58,-156)
(95,-65,-141)
(84,-66,-150)
(80,-48,-146)
(70,-50,-148)
(54,-56,-154)
(61,-45,-177)
(40,-24,-210)
(19,-17,-229)
(12,0,-230)
(-12,16,-232)
(-23,51,-229)
(-26,56,-232)
(-39,69,-231)
(-49,87,-237)
(-49,107,-233)
(-65,137,-229)
(-66,158,-200)
(-70,164,-196)
(-58,184,-168)
(-68,202,-130)
(-54,196,-80)
(-38,190,-36)
(-15,191,-7)
(6,218,18)
(42,238,40)
(87,253,57)
(121,285,41)
(128,288,30)
(164,306,20)
(173,329,5)
(175,327,3)
(194,342,-12)
(191,343,-25)
(190,356,-38)
(182,354,-42)
(177,371,-51)
(163,369,-57)
(138,374,-74)
(111,377,-87)
(104,360,-88)
(94,372,-106)
(99,367,-87)
(110,364,-58)
(117,349,-39)
(120,348,-14)
(125,329,11)
(128,308,26)
(120,270,58)
(112,248,62)
(100,230,78)
(88,202,70)
(71,187,67)
(47,143,63)
(35,121,55)
(25,107,45)
(22,98,34)
(15,89,27)
(11,83,19)
(13,81,19)
(11,105,33)
(28,154,44)
(21,167,45)
(26,174,52)
(38,182,48)
(36,184,44)
(24,138,52)
(24,130,42)
(26,114,44)
(31,117,43)
(35,117,47)
(47,91,51)
(38,68,38)
(18,64,18)
(20,64,16)
(12,118,30)
(17,121,41)
(22,108,48)
(31,67,25)
(7,59,-5)
(-1,71,-7)
(15,101,19)
(37,71,35)
(44,56,28)
(34,28,6)
(16,36,-12)
(25,51,11)
(42,52,28)
(37,25,1)
(28,26,-6)
(7,37,-25)
(1,35,-15)
(-5,67,-19)
(12,104,10)
(25,73,23)
(29,41,7)
(22,26,-4)
(22,32,-4)
(42,12,0)
(54,-2,-22)
(31,-7,-39)
(26,16,-28)
(16,30,-16)
(17,85,15)
(14,148,38)
(31,157,51)
(33,155,49)
(36,184,36)
(60,234,46)
(58,220,50)
(47,167,71)
(40,178,60)
(60,220,48)
(75,253,43)
(75,233,57)
(70,216,64)
(55,195,61)
(58,212,56)
(77,245,43)
(75,265,29)
(81,293,23)
(79,293,21)
(72,236,54)
(69,247,47)
(88,286,24)
(104,326,-8)
(102,330,-10)
(80,316,2)
(76,274,18)
(51,213,47)
(47,191,45)
(65,267,31)
(77,315,1)
(73,325,-5)
(96,338,-12)
(92,328,-10)
(101,351,-19)
(84,346,-32)
(87,357,-55)
(90,360,-68)
(96,368,-92)
(71,359,-109)
(56,350,-84)
(58,358,-102)
(73,361,-107)
(87,351,-75)
(88,322,-16)
(85,285,25)
(104,266,44)
(98,268,52)
(100,264,38)
(98,276,36)
(93,237,61)
(65,223,55)
(56,226,58)
(61,255,39)
(61,229,39)
(40,182,48)
(20,170,40)
(14,210,28)
(41,223,29)
(29,165,47)
(20,130,44)
(4,138,26)
(-8,160,14)
(5,213,15)
(10,182,36)
(15,133,33)
(1,111,19)
(-12,128,20)
(0,162,24)
(12,144,42)
(31,85,29)
(31,41,13)
(24,20,-22)
(22,6,-40)
(12,4,-62)
(18,-6,-62)
(23,-17,-89)
(28,-20,-96)
(12,-18,-92)
(8,-12,-92)
(7,-9,-65)
(23,15,-33)
(23,27,-1)
(29,49,17)
(24,68,22)
(31,69,25)
(21,75,35)
(32,84,36)
(30,98,44)
(33,97,37)
(40,106,48)
(37,95,47)
(40,66,26)
(37,51,15)
(43,39,13)
(45,15,-1)
(51,15,-5)
(51,9,-15)
(54,0,-18)
(65,-17,-21)
(72,-26,-30)
(83,-29,-35)
(83,-21,-23)
(62,10,-10)
(43,35,15)
(45,63,33)
(43,99,49)
(39,125,59)
(45,135,55)
(39,139,65)
(50,162,56)
(57,171,59)
(55,165,63)
(47,139,59)
(47,101,57)
(57,69,49)
(52,40,34)
(42,38,10)
(35,39,15)
(44,46,24)
(52,56,26)
(51,69,49)
(56,88,48)
(54,102,48)
(51,125,63)
(60,134,54)
(55,137,71)
(60,150,78)
(61,143,67)
(60,120,68)
(58,80,54)
(48,64,44)
(57,43,31)
(70,68,48)
(67,83,65)
(45,99,59)
(53,141,55)
(52,186,56)
(59,179,47)
(43,169,51)
(29,137,53)
(5,111,27)
(-5,95,9)
(-21,75,-21)
(-37,81,-41)
(-52,92,-62)
(-62,96,-86)
(-57,105,-107)
(-71,107,-105)
(-69,95,-133)
(-62,98,-104)
(-46,100,-36)
(-34,96,-32)
(-15,99,-3)
(12,102,38)
(51,115,55)
(83,127,73)
(130,128,74)
(165,137,83)
(178,134,80)
(200,130,74)
(217,139,69)
(233,143,65)
(230,132,70)
(230,136,64)
(242,132,64)
(243,139,59)
(251,135,49)
(265,155,49)
(271,151,43)
(277,151,47)
(269,157,43)
(286,146,34)
(292,156,36)
(303,159,27)
(310,162,18)
(302,152,18)
(315,157,11)
(308,160,4)
(319,167,-1)
(303,165,5)
(299,147,17)
(301,149,29)
(293,169,23)
(308,196,14)
(305,175,17)
(293,165,25)
(296,194,22)
(301,223,11)
(299,217,7)
(289,173,29)
(279,167,37)
(296,218,18)
(295,239,-1)
(300,210,12)
(298,182,22)
(312,168,26)
(305,171,21)
(310,170,22)
(287,161,31)
(291,189,35)
(282,192,30)
(306,212,22)
(310,218,16)
(296,178,22)
(278,164,52)
(265,187,47)
(272,222,38)
(260,232,42)
(244,208,58)
(229,213,55)
(233,251,41)
(216,268,34)
(206,232,68)
(185,223,69)
(177,265,47)
(178,288,50)
(176,232,74)
(179,219,73)
(180,230,68)
(202,258,48)
(210,284,36)
(221,281,53)
(226,244,50)
(233,237,41)
(235,283,19)
(242,286,34)
(241,273,45)
(228,282,38)
(232,302,20)
(222,290,40)
(233,287,35)
(229,321,9)
(218,300,14)
(216,296,22)
(216,330,-8)
(211,337,-15)
(208,314,16)
(210,318,20)
(201,329,5)
(206,320,6)
(200,322,10)
(200,300,26)
(192,322,8)
(181,329,3)
(173,313,25)
(177,313,17)
(182,336,0)
(187,315,3)
(187,311,27)
(188,334,-6)
(164,346,-10)
(157,335,15)
(162,324,18)
(167,349,-19)
(149,339,5)
(169,319,25)
(163,339,1)
(154,322,14)
(149,271,49)
(149,253,67)
(147,249,63)
(146,284,50)
(127,247,63)
(110,230,68)
(105,253,61)
(101,275,35)
(95,257,53)
(81,255,47)
(93,291,33)
(77,289,33)
(79,255,43)
(82,272,44)
(84,310,14)
(68,296,24)
(52,264,36)
(52,252,38)
(46,288,4)
(29,263,25)
(21,237,17)
(3,235,3)
(-17,227,-13)
(-38,220,-20)
(-30,214,-24)
(-41,211,-25)
(-47,205,-45)
(-50,206,-46)
(-50,202,-36)
(-19,195,1)
(4,190,32)
(31,181,49)
(67,185,63)
(95,195,83)
(134,192,74)
(157,201,87)
(181,195,79)
(201,197,71)
(218,208,70)
(236,196,64)
(252,198,60)
(266,204,38)
(278,208,30)
(292,206,20)
(295,213,23)
(304,224,-2)
(313,229,-7)
(319,233,-19)
(321,239,-7)
(320,230,-20)
(324,232,-30)
(322,230,-26)
(323,221,-9)
(315,211,-1)
(311,209,5)
(315,219,-3)
(314,234,0)
(305,241,-11)
(303,251,-7)
(300,262,-18)
(301,267,-19)
(310,272,-22)
(308,282,-36)
(310,300,-46)
(298,314,-48)
(301,327,-65)
(290,322,-68)
(288,326,-66)
(291,319,-53)
(294,300,-30)
(283,281,-5)
(279,259,15)
(277,227,55)
(267,195,53)
(254,162,64)
(235,131,77)
(223,123,71)
(212,108,70)
(204,90,76)
(196,84,70)
(195,69,69)
(194,90,62)
(210,104,70)
(200,98,72)
(200,94,68)
(216,130,72)
(237,147,71)
(227,129,77)
(215,101,69)
(205,71,75)
(194,60,62)
(177,55,61)
(187,53,53)
(186,60,54)
(221,127,75)
(249,177,69)
(270,212,50)
(275,233,39)
(272,230,34)
(268,198,60)
(245,149,65)
(240,128,66)
(226,110,72)
(241,133,67)
(257,179,59)
(280,222,44)
(267,219,43)
(266,210,44)
(262,176,62)
(240,144,76)
(236,120,66)
(229,123,71)
(247,149,67)
(267,199,47)
(286,234,32)
(287,261,17)
(277,253,25)
(270,224,40)
(265,221,45)
(272,240,32)
(283,259,23)
(276,272,8)
(280,272,20)
(253,239,51)
(239,225,65)
(219,173,77)
(202,144,84)
(204,98,84)
(182,76,66)
(166,52,56)
(161,45,53)
(163,41,67)
(164,52,62)
(180,70,66)
(195,89,73)
(219,143,83)
(213,119,69)
(194,82,68)
(176,80,70)
(206,134,84)
(225,163,83)
(217,129,79)
(201,99,75)
(194,92,78)
(217,145,71)
(232,184,66)
(237,187,67)
(222,134,82)
(206,114,72)
(224,128,76)
(234,202,66)
(239,195,65)
(224,132,78)
(206,90,74)
(193,87,69)
(218,120,72)
(241,201,63)
(252,198,64)
(238,172,72)
(222,128,80)
(199,99,71)
(188,64,66)
(177,45,57)
(173,33,51)
(175,25,53)
(161,19,49)
(160,12,46)
(146,24,46)
(160,34,60)
(186,88,84)
(194,118,76)
(203,153,81)
(197,119,83)
(187,83,79)
(167,51,71)
(156,36,52)
(147,35,55)
(154,42,54)
(178,88,76)
(193,129,83)
(201,145,85)
(189,157,85)
(182,126,80)
(170,102,78)
(176,96,78)
(179,117,77)
(217,187,79)
(214,224,74)
(200,170,78)
(191,123,89)
(193,113,83)
(204,190,74)
(219,207,69)
(226,242,56)
(232,232,56)
(212,190,74)
(191,149,81)
(145,119,87)
(107,105,75)
(81,111,69)
(54,126,64)
(23,139,45)
(-3,145,31)
(-20,172,18)
(-29,181,-15)
(-36,202,-30)
(-39,215,-39)
(-38,228,-40)
(-39,233,-55)
(-48,228,-56)
(-58,234,-70)
(-56,220,-60)
(-61,203,-71)
(-61,213,-103)
(-64,230,-136)
(-56,246,-182)
(-35,265,-215)
(-26,272,-240)
(-3,285,-269)
(15,281,-273)
(14,282,-284)
(-16,272,-258)
(-56,250,-170)
(-60,244,-154)
(-52,220,-70)
(-42,188,-34)
(-33,163,-11)
(-16,130,2)
(-17,103,9)
(0,70,10)
(7,57,-5)
(-2,54,-4)
(-2,76,0)
(-13,103,-5)
(-24,126,-2)
(-25,149,-3)
(-27,155,-13)
(-31,163,-13)
(-36,188,-26)
(-29,183,-23)
(-22,206,-24)
(-12,216,-14)
(-6,240,-4)
(-5,237,1)
(6,194,28)
(17,165,49)
(17,147,39)
(27,173,39)
(26,218,28)
(29,241,19)
(10,222,30)
(-8,196,14)
(-18,182,-2)
(-28,184,-16)
(-38,192,-24)
(-22,222,-28)
(-21,233,-31)
(-25,253,-35)
(-17,249,-39)
(-21,227,-39)
(-41,201,-29)
(-46,184,-38)
(-45,189,-35)
(-37,197,-35)
(-34,224,-26)
(-27,237,-37)
(-29,225,-43)
(-36,214,-64)
(-46,224,-66)
(-39,239,-81)
(-46,248,-90)
(-40,244,-108)
(-49,239,-133)
(-54,218,-196)
(-54,210,-234)
(-26,208,-272)
(-3,211,-303)
(9,207,-331)
(47,211,-337)
(63,225,-349)
(67,239,-335)
(57,241,-337)
(46,258,-328)
(21,275,-289)
(-22,270,-230)
(-42,258,-178)
(-49,229,-107)
(-36,218,-56)
(-30,212,-26)
(-7,213,5)
(24,234,12)
(29,233,19)
(38,258,8)
(60,278,16)
(63,283,11)
(73,305,17)
(68,310,6)
(63,311,-15)
(45,313,-29)
(16,314,-42)
(-2,304,-50)
(-16,292,-66)
(-28,258,-60)
(-39,229,-57)
(-45,203,-55)
(-45,175,-55)
(-49,141,-49)
(-43,143,-45)
(-30,126,-20)
(-31,127,-29)
(-32,142,-32)
(-30,168,-10)
(-22,176,-4)
(-21,185,1)
(-16,218,-4)
(-41,227,-55)
(-51,245,-99)
(-44,266,-158)
(-30,272,-204)
(-7,271,-259)
(22,280,-288)
(46,270,-322)
(46,272,-314)
(12,268,-284)
(-24,256,-240)
(-49,231,-183)
(-60,214,-114)
(-45,187,-67)
(-30,180,-26)
(-12,158,2)
(9,149,39)
(37,151,55)
(68,170,64)
(79,169,71)
(110,212,68)
(137,245,61)
(149,277,49)
(139,307,29)
(142,332,4)
(133,335,-1)
(121,327,11)
(121,319,19)
(109,287,39)
(103,235,65)
(73,209,59)
(58,194,52)
(26,176,42)
(12,178,32)
(6,166,20)
(-22,164,-2)
(-38,162,-22)
(-42,152,-50)
(-53,167,-69)
(-55,181,-83)
(-58,196,-110)
(-64,194,-110)
(-69,209,-123)
(-51,237,-159)
(-24,262,-228)
(-4,274,-262)
(19,283,-303)
(43,287,-317)
(55,287,-309)
(34,300,-286)
(24,316,-252)
(33,321,-233)
(16,322,-220)
(16,312,-192)
(-7,301,-167)
(-34,280,-134)
(-42,246,-116)
(-54,214,-108)
(-54,218,-112)
(-48,218,-110)
(-46,250,-114)
(-29,279,-141)
(-22,290,-156)
(-7,293,-225)
(-19,255,-257)
(-19,201,-281)
(-18,144,-298)
(-14,96,-292)
(-1,69,-277)
(20,24,-274)
(53,-5,-247)
(62,-36,-214)
(70,-42,-184)
(89,-53,-171)
(94,-58,-148)
(101,-59,-151)
(86,-52,-160)
(85,-51,-167)
(63,-43,-185)
(30,-36,-190)
(30,-26,-202)
(8,0,-224)
(-5,33,-229)
(-26,64,-246)
(-36,96,-246)
(-45,105,-245)
(-52,116,-220)
(-63,117,-205)
(-64,116,-182)
(-61,127,-187)
(-69,141,-161)
(-70,130,-152)
(-57,109,-149)
(-64,114,-184)
(-57,137,-197)
(-62,154,-200)
(-63,179,-195)
(-71,169,-173)
(-74,138,-162)
(-70,94,-160)
(-54,96,-190)
(-60,130,-212)
(-64,170,-196)
(-63,197,-177)
(-61,203,-165)
(-65,195,-143)
(-66,176,-128)
(-73,129,-121)
(-72,142,-136)
(-65,169,-145)
(-59,187,-149)
(-65,173,-135)
(-63,149,-125)
(-67,99,-141)
(-57,85,-167)
(-44,102,-212)
(-52,104,-234)
(-47,85,-231)
(-40,62,-204)
(-31,61,-211)
(-32,68,-234)
(-49,57,-219)
(-43,61,-181)
(-43,33,-167)
(-36,56,-206)
(-37,65,-207)
(-46,84,-218)
(-62,96,-212)
(-52,88,-188)
(-54,72,-194)
(-43,75,-209)
(-51,91,-213)
(-43,93,-193)
(-56,74,-178)
(-53,65,-183)
(-50,78,-196)
(-49,111,-217)
(-58,124,-196)
(-60,94,-190)
(-53,95,-181)
(-33,55,-213)
(-34,72,-242)
(-43,101,-235)
(-51,95,-211)
(-49,75,-197)
(-44,48,-172)
(-31,63,-217)
(-41,79,-237)
(-36,80,-240)
(-33,83,-243)
(-36,58,-228)
(-26,52,-224)
(-20,36,-222)
(5,5,-215)
(12,10,-224)
(9,17,-247)
(4,38,-262)
(0,62,-290)
(-19,101,-289)
(-28,120,-282)
(-28,132,-276)
(-32,148,-274)
(-39,155,-271)
(-46,168,-254)
(-50,172,-252)
(-40,190,-240)
(-47,193,-213)
(-58,198,-214)
(-60,202,-206)
(-64,176,-200)
(-58,138,-194)
(-51,103,-207)
(-34,82,-224)
(-25,51,-221)
(-7,33,-231)
(9,21,-235)
(16,8,-228)
(26,-6,-240)
(31,-5,-231)
(14,12,-254)
(16,30,-258)
(-4,54,-274)
(-25,73,-269)
(-37,105,-247)
(-44,112,-246)
(-46,110,-248)
(-49,109,-245)
(-53,115,-237)
(-48,96,-232)
(-59,119,-237)
(-55,155,-237)
(-55,195,-205)
(-71,155,-193)
(-38,92,-226)
(-11,39,-235)
(14,4,-244)
(43,-15,-219)
(59,-27,-221)
(40,12,-274)
(27,9,-247)
(42,-22,-216)
(57,-23,-229)
(46,26,-274)
(7,63,-283)
(-24,70,-260)
(-38,74,-238)
(-39,107,-251)
(-56,130,-238)
(-58,154,-234)
(-50,194,-224)
(-52,210,-220)
(-40,234,-218)
(-31,253,-223)
(-20,270,-222)
(-12,290,-204)
(-20,298,-182)
(-26,294,-148)
(-20,292,-138)
(-13,303,-121)
(0,310,-98)
(16,308,-74)
(38,316,-52)
(60,328,-46)
(87,339,-53)
(120,346,-60)
(138,356,-72)
(161,359,-67)
(169,359,-83)
(191,361,-89)
(185,371,-105)
(174,378,-124)
(159,377,-149)
(128,374,-182)
(103,367,-205)
(77,351,-231)
(63,349,-241)
(41,329,-245)
(21,303,-259)
(-2,284,-256)
(-24,264,-230)
(-38,246,-228)
(-46,228,-226)
(-56,196,-206)
(-55,171,-203)
(-57,133,-201)
(-48,104,-202)
(-43,59,-215)
(-18,36,-210)
(3,11,-219)
(26,-4,-206)
(38,-34,-188)
(36,-28,-172)
(51,-23,-191)
(23,-19,-195)
(-3,13,-197)
(-26,62,-232)
(-42,100,-238)
(-48,124,-236)
(-59,133,-215)
(-57,155,-207)
(-58,184,-202)
(-55,193,-199)
(-59,181,-203)
(-57,149,-201)
(-45,103,-225)
(-39,97,-233)
(-29,87,-253)
(-21,83,-271)
(-3,91,-289)
(23,91,-309)
(47,89,-331)
(57,93,-333)
(64,94,-336)
(81,87,-349)
(100,88,-350)
(118,86,-354)
(128,84,-352)
(126,82,-350)
(120,94,-360)
(120,86,-362)
(118,96,-368)
(110,98,-350)
(103,103,-363)
(59,131,-347)
(18,154,-328)
(-10,194,-286)
(-29,219,-257)
(-38,228,-232)
(-41,233,-221)
(-44,216,-222)
(-40,218,-214)
(-55,203,-213)
(-30,188,-256)
(-10,152,-298)
(30,124,-328)
(69,109,-347)
(94,106,-354)
(128,104,-360)
(152,102,-362)
(169,103,-363)
(179,99,-353)
(191,89,-357)
(188,90,-362)
(189,107,-357)
(199,115,-359)
(178,70,-344)
(171,69,-353)
(184,106,-350)
(195,113,-363)
(196,108,-358)
(162,80,-354)
(147,63,-341)
(161,91,-355)
(173,105,-359)
(173,123,-359)
(173,119,-359)
(157,93,-357)
(155,69,-351)
(170,76,-352)
(211,83,-347)
(233,99,-345)
(242,110,-336)
(255,123,-329)
(263,123,-329)
(267,133,-321)
(278,132,-324)
(267,133,-317)
(245,87,-323)
(225,71,-327)
(233,85,-337)
(233,117,-341)
(232,118,-332)
(239,117,-339)
(225,75,-327)
(214,68,-326)
(210,76,-328)
(225,101,-337)
(230,118,-346)
(239,105,-333)
(222,50,-324)
(232,70,-332)
(244,96,-336)
(259,109,-325)
(256,108,-328)
(270,118,-320)
(273,117,-319)
(269,117,-325)
(270,126,-314)
(277,135,-313)
(273,109,-321)
(261,85,-325)
(249,91,-331)
(260,120,-326)
(278,136,-318)
(282,138,-314)
(275,117,-327)
(270,114,-326)
(271,125,-321)
(288,156,-314)
(310,160,-300)
(308,168,-298)
(307,187,-295)
(315,199,-283)
(323,201,-285)
(317,201,-279)
(316,220,-276)
(313,221,-273)
(311,219,-273)
(292,174,-318)
(291,189,-323)
(281,211,-321)
(265,207,-319)
(257,179,-343)
(243,173,-349)
(203,161,-353)
(181,157,-365)
(174,170,-370)
(136,160,-368)
(69,157,-347)
(0,0,0)
(224,180,60)
(226,160,60)
(221,157,55)
(233,203,55)
(232,200,44)
(234,218,58)
(237,221,53)
(229,217,57)
(225,225,53)
(221,219,47)
(219,229,51)
(208,208,56)
(207,197,61)
(195,199,61)
(183,199,61)
(182,204,62)
(181,209,67)
(183,219,59)
(187,269,45)
(178,272,40)
(181,267,53)
(169,241,67)
(157,221,71)
(142,206,72)
(135,215,65)
(121,253,47)
(107,291,35)
(88,282,20)
(81,281,23)
(76,288,18)
(83,303,9)
(54,316,-14)
(71,321,-21)
(87,327,-13)
(100,326,-20)
(96,326,-14)
(103,309,-13)
(97,287,-17)
(10,256,70)
(84,278,98)
(73,293,39)
(73,293,17)
(70,302,12)
(61,291,21)
(64,288,4)
(61,297,11)
(66,292,8)
(65,293,-1)
(53,299,5)
(63,299,3)
(65,291,3)
(54,294,4)
(49,305,11)
(61,305,9)
(56,300,-8)
(51,303,-3)
(59,301,-1)
(55,303,-5)
(52,294,-6)
(46,300,-4)
(50,306,-4)
(51,295,-11)
(48,300,8)
(50,288,14)
(50,282,14)
(48,290,2)
(43,303,-11)
(35,285,3)
(45,307,-3)
(57,307,-13)
(56,310,-4)
(49,301,-1)
(45,291,3)
(31,253,25)
(29,235,23)
(18,208,36)
(15,199,33)
(5,199,33)
(3,199,31)
(4,214,20)
(9,235,21)
(13,249,19)
(19,255,17)
(15,249,19)
(7,233,23)
(16,228,26)
(8,206,36)
(10,194,32)
(12,194,30)
(12,214,36)
(20,242,26)
(18,276,8)
(22,276,6)
(18,264,8)
(14,234,28)
(10,208,34)
(7,191,41)
(9,207,37)
(11,229,37)
(8,266,18)
(21,263,13)
(15,255,15)
(16,232,24)
(5,211,39)
(14,208,36)
(17,201,51)
(15,211,49)
(24,222,50)
(18,262,24)
(16,280,16)
(11,271,15)
(18,246,18)
(10,240,26)
(11,235,27)
(12,244,30)
(18,244,30)
(12,250,30)
(7,239,25)
(17,239,27)
(9,237,33)
(7,239,31)
(8,238,20)
(15,239,19)
(6,244,28)
(15,245,13)
(6,238,28)
(12,244,30)
(22,292,-4)
(17,261,25)
(11,225,31)
(10,248,12)
(14,258,8)
(9,241,7)
(10,230,22)
(-4,248,16)
(1,241,13)
(0,246,16)
(-1,241,13)
(7,245,17)
(-5,237,11)
(1,245,21)
(7,245,17)
(0,246,20)
(8,244,22)
(12,244,16)
(11,247,15)
(-1,241,17)
(1,253,15)
(7,251,19)
(3,243,15)
(6,246,22)
(4,246,20)
