(-125,173,-25)
(-125,163,-33)
(-124,168,-28)
(-125,169,-29)
(-133,167,-33)
(-124,162,-30)
(-125,165,-33)
(-127,167,-25)
(-118,166,-30)
(-126,166,-24)
(-108,162,-20)
(-128,164,-40)
(-110,160,-38)
(-110,142,-46)
(-118,148,-42)
(-114,144,-38)
(-110,150,-34)
(-104,140,-30)
(-104,140,-34)
(-97,135,-37)
(-95,133,-33)
(-82,140,-28)
(-85,131,-37)
(-79,133,-41)
(-80,120,-38)
(-77,125,-39)
(-83,123,-39)
(-72,124,-44)
(-73,123,-47)
(-70,120,-44)
(-68,122,-46)
(-65,121,-31)
(-76,116,-34)
(-63,121,-43)
(-58,124,-32)
(-66,130,-30)
(-59,127,-21)
(-60,130,-24)
(-57,129,-31)
(-66,138,-28)
(-57,133,-29)
(-69,127,-27)
(-75,135,-21)
(-86,138,-24)
(-89,141,-27)
(-85,137,-25)
(-81,141,-23)
(-73,131,-23)
(-72,136,-26)
(-74,146,-22)
(-67,145,-17)
(-63,145,-15)
(-70,146,-22)
(-67,133,-21)
(-62,144,-12)
(-70,142,-14)
(-57,135,-23)
(-58,134,-14)
(-63,147,-9)
(-60,156,-2)
(-62,160,12)
(-67,169,17)
(-63,195,27)
(-79,219,35)
(-82,244,50)
(-89,267,43)
(-85,301,43)
(-89,335,49)
(-85,345,39)
(-82,362,36)
(-85,375,33)
(-76,376,34)
(-79,373,35)
(-85,373,31)
(-76,354,42)
(-73,337,47)
(-67,315,49)
(-68,276,54)
(-47,237,55)
(-42,204,44)
(-28,176,28)
(-18,158,16)
(-12,146,4)
(-22,144,-2)
(-19,135,-7)
(-22,130,-18)
(-32,122,-24)
(-38,122,-34)
(-46,104,-40)
(-59,115,-49)
(-71,117,-47)
(-85,129,-49)
(-102,142,-32)
(-110,174,-24)
(-125,205,-13)
(-132,218,-6)
(-132,236,-6)
(-143,257,1)
(-144,274,-4)
(-153,279,-7)
(-159,285,-15)
(-153,293,-11)
(-161,279,-17)
(-164,282,-26)
(-168,254,-22)
(-156,226,-32)
(-137,201,-35)
(-124,158,-36)
(-116,154,-42)
(-110,126,-58)
(-100,128,-58)
(-96,110,-84)
(-101,113,-95)
(-111,109,-105)
(-112,114,-110)
(-122,126,-90)
(-143,149,-77)
(-142,182,-38)
(-141,221,-9)
(-143,251,3)
(-138,276,10)
(-135,301,13)
(-139,317,11)
(-138,340,8)
(-141,361,-5)
(-138,366,-12)
(-145,371,-23)
(-152,358,-30)
(-153,353,-31)
(-160,334,-44)
(-183,301,-61)
(-176,262,-56)
(-170,220,-58)
(-165,185,-87)
(-154,156,-92)
(-138,140,-100)
(-130,132,-96)
(-129,123,-101)
(-125,125,-101)
(-137,131,-97)
(-135,149,-83)
(-140,178,-50)
(-142,220,-22)
(-146,258,-6)
(-147,287,-3)
(-142,330,0)
(-138,348,-6)
(-142,360,-14)
(-154,352,-38)
(-171,331,-51)
(-185,301,-65)
(-186,268,-96)
(-190,224,-94)
(-180,196,-120)
(-179,189,-137)
(-181,191,-143)
(-185,181,-143)
(-192,190,-144)
(-200,208,-134)
(-198,238,-128)
(-194,272,-88)
(-186,310,-86)
(-173,351,-71)
(-166,392,-84)
(-162,420,-104)
(-149,429,-135)
(-161,431,-153)
(-174,416,-170)
(-186,382,-182)
(-199,361,-197)
(-210,340,-214)
(-211,323,-203)
(-212,318,-204)
(-207,295,-209)
(-209,293,-179)
(-215,297,-179)
(-215,303,-157)
(-203,303,-133)
(-192,318,-116)
(-184,330,-98)
(-172,350,-72)
(-164,354,-60)
(-148,370,-50)
(-129,397,-49)
(-113,423,-57)
(-100,454,-72)
(-104,462,-102)
(-115,465,-113)
(-123,453,-129)
(-135,453,-147)
(-151,439,-155)
(-174,404,-176)
(-185,377,-201)
(-199,349,-215)
(-200,334,-220)
(-207,325,-221)
(-211,325,-203)
(-209,321,-185)
(-203,339,-169)
(-200,346,-148)
(-185,357,-123)
(-182,370,-120)
(-171,389,-103)
(-155,397,-99)
(-134,422,-96)
(-131,435,-89)
(-128,444,-104)
(-114,456,-122)
(-132,458,-136)
(-136,452,-154)
(-164,414,-156)
(-190,392,-160)
(-198,358,-168)
(-194,340,-170)
(-212,332,-174)
(-213,309,-171)
(-212,288,-148)
(-204,280,-130)
(-190,280,-102)
(-184,268,-94)
(-181,277,-63)
(-163,275,-37)
(-142,280,-18)
(-136,286,-8)
(-124,300,2)
(-121,311,-1)
(-115,313,9)
(-119,321,9)
(-121,315,-7)
(-109,309,9)
(-112,292,0)
(-111,267,9)
(-101,223,13)
(-88,214,2)
(-62,184,-2)
(-45,159,-17)
(-22,142,-34)
(-20,132,-40)
(-12,116,-44)
(-3,131,-47)
(-4,136,-28)
(-12,136,-22)
(-11,157,-3)
(1,173,7)
(-1,201,17)
(0,222,22)
(-1,249,29)
(-14,268,34)
(-17,289,39)
(-16,312,34)
(-23,327,23)
(-38,340,24)
(-46,352,24)
(-38,348,22)
(-65,347,19)
(-76,346,24)
(-91,317,19)
(-90,304,16)
(-99,261,11)
(-96,232,18)
(-98,210,8)
(-98,198,-2)
(-89,169,-13)
(-92,166,-22)
(-91,179,-13)
(-96,176,-12)
(-84,190,2)
(-71,209,13)
(-74,218,28)
(-59,249,39)
(-39,289,35)
(-19,319,35)
(-13,337,31)
(-18,368,34)
(-37,375,25)
(-41,365,19)
(-51,365,31)
(-70,338,16)
(-72,320,24)
(-87,287,19)
(-86,270,30)
(-83,245,13)
(-77,221,21)
(-68,214,10)
(-62,190,6)
(-62,176,-4)
(-58,168,-10)
(-73,181,-5)
(-58,192,6)
(-61,191,15)
(-53,213,21)
(-31,243,33)
(-18,264,36)
(-2,276,38)
(4,292,40)
(9,325,43)
(9,343,27)
(10,364,26)
(-2,378,14)
(-16,390,10)
(-28,400,6)
(-49,393,3)
(-60,390,0)
(-85,383,-3)
(-88,370,-6)
(-102,346,-8)
(-119,315,9)
(-108,286,6)
(-114,256,2)
(-113,247,9)
(-117,241,-1)
(-105,221,1)
(-109,217,3)
(-100,226,18)
(-84,234,14)
(-76,250,22)
(-67,263,27)
(-45,287,23)
(-39,289,35)
(-33,311,29)
(-42,320,34)
(-45,345,33)
(-34,368,16)
(-52,384,10)
(-58,398,-8)
(-68,390,-2)
(-79,379,5)
(-96,344,4)
(-102,316,16)
(-95,295,9)
(-101,263,13)
(-88,238,12)
(-80,210,16)
(-63,207,7)
(-68,198,6)
(-55,167,-9)
(-61,165,-17)
(-52,166,-4)
(-64,174,2)
(-59,189,7)
(-55,189,11)
(-64,224,20)
(-59,219,39)
(-50,252,32)
(-49,281,39)
(-53,307,41)
(-59,315,33)
(-65,317,27)
(-80,338,22)
(-85,335,21)
(-94,324,18)
(-104,324,8)
(-111,315,7)
(-124,282,-10)
(-122,242,-18)
(-119,217,-17)
(-127,199,-39)
(-124,184,-34)
(-118,168,-56)
(-104,144,-66)
(-124,140,-98)
(-130,140,-100)
(-132,142,-102)
(-135,141,-107)
(-143,153,-121)
(-164,170,-112)
(-157,177,-105)
(-173,187,-101)
(-175,203,-93)
(-169,233,-79)
(-183,279,-77)
(-179,303,-83)
(-177,323,-91)
(-186,354,-118)
(-189,369,-147)
(-192,372,-172)
(-185,357,-183)
(-200,344,-190)
(-205,327,-211)
(-199,303,-223)
(-204,306,-226)
(-204,286,-228)
(-197,279,-241)
(-197,265,-253)
(-198,260,-256)
(-193,249,-241)
(-192,254,-244)
(-192,248,-246)
(-190,254,-248)
(-196,260,-254)
(-202,264,-248)
(-203,275,-245)
(-191,291,-239)
(-204,318,-238)
(-188,342,-240)
(-190,348,-236)
(-190,370,-236)
(-168,396,-238)
(-166,402,-240)
(-150,414,-242)
(-153,401,-257)
(-151,409,-263)
(-155,387,-267)
(-166,374,-274)
(-177,343,-279)
(-174,332,-280)
(-184,322,-292)
(-172,310,-292)
(-181,301,-301)
(-171,289,-317)
(-161,295,-323)
(-166,308,-338)
(-160,312,-334)
(-150,314,-346)
(-150,326,-340)
(-155,337,-337)
(-145,345,-341)
(-147,357,-349)
(-136,370,-338)
(-127,387,-327)
(-124,402,-328)
(-116,412,-322)
(-114,418,-324)
(-107,431,-311)
(-90,442,-322)
(-88,438,-322)
(-84,442,-330)
(-84,424,-334)
(-96,416,-332)
(-96,414,-336)
(-105,399,-339)
(-122,386,-334)
(-142,364,-332)
(-155,355,-321)
(-170,338,-304)
(-169,333,-307)
(-181,319,-291)
(-187,301,-279)
(-190,286,-260)
(-199,279,-251)
(-200,268,-252)
(-200,266,-232)
(-203,273,-225)
(-198,274,-234)
(-208,296,-238)
(-196,312,-244)
(-192,326,-242)
(-191,363,-259)
(-173,377,-259)
(-155,401,-267)
(-137,433,-281)
(-133,437,-273)
(-101,455,-283)
(-98,452,-282)
(-81,459,-291)
(-81,461,-299)
(-85,459,-303)
(-90,456,-298)
(-94,448,-296)
(-108,450,-302)
(-130,438,-266)
(-153,433,-231)
(-174,400,-212)
(-185,387,-205)
(-191,341,-181)
(-192,334,-170)
(-212,286,-166)
(-199,245,-151)
(-195,225,-159)
(-195,209,-177)
(-197,205,-181)
(-194,204,-204)
(-193,227,-227)
(-197,241,-247)
(-204,260,-260)
(-194,284,-276)
(-185,319,-287)
(-179,333,-295)
(-165,369,-301)
(-157,377,-315)
(-124,416,-318)
(-89,443,-317)
(-78,450,-328)
(-57,451,-327)
(-54,446,-330)
(-45,455,-337)
(-20,444,-332)
(-24,450,-330)
(-9,453,-329)
(11,441,-353)
(21,431,-349)
(19,435,-355)
(9,429,-361)
(-7,425,-351)
(-5,427,-369)
(3,409,-367)
(-7,419,-379)
(-17,411,-373)
(-23,417,-375)
(-28,414,-382)
(-37,409,-383)
(-43,417,-377)
(-39,409,-381)
(-38,408,-378)
(-46,424,-372)
(-53,415,-367)
(-44,414,-370)
(-46,416,-374)
(-50,412,-376)
(-53,407,-375)
(-58,412,-378)
(-61,395,-383)
(-59,403,-379)
(-65,407,-377)
(-70,414,-362)
(-63,417,-363)
(-60,422,-372)
(-56,424,-360)
(-55,421,-359)
(-42,424,-358)
(-45,429,-367)
(-42,432,-358)
(-43,425,-359)
(-47,435,-359)
(-39,437,-355)
(-37,439,-347)
(-37,441,-349)
(-44,440,-346)
(-37,447,-349)
(-40,440,-342)
(-42,444,-342)
(-37,443,-351)
(-36,442,-346)
(-36,448,-338)
(-48,446,-344)
(-46,444,-348)
(-46,446,-342)
(-36,448,-340)
(-43,445,-345)
(-42,442,-348)
(-45,437,-341)
(-37,445,-349)
(-39,447,-345)
(-42,442,-350)
(-42,454,-354)
(-41,447,-351)
(-46,440,-350)
(-42,448,-336)
(-42,446,-340)
(-46,442,-352)
(-37,449,-341)
(-45,451,-347)
(-35,451,-343)
(-46,446,-342)
(-40,444,-344)
(-44,448,-350)
(-45,443,-337)
(-42,436,-346)
(-41,443,-343)
(-50,446,-348)
(-43,439,-353)
(-50,450,-348)
(-40,452,-358)
(-48,438,-346)
(-38,442,-350)
(-34,434,-352)
(-37,437,-359)
(-27,439,-361)
(-11,443,-347)
(2,452,-344)
(7,461,-333)
(6,454,-334)
(19,449,-327)
(12,452,-336)
(13,453,-343)
(16,448,-348)
(11,439,-355)
(4,420,-374)
(-9,385,-401)
(-27,359,-415)
(-38,358,-408)
(-51,365,-409)
(-38,376,-406)
(-34,400,-396)
(-46,408,-384)
(-35,413,-369)
(-53,417,-367)
(-51,431,-353)
(-50,436,-362)
(-51,431,-355)
(-54,438,-362)
(-59,429,-357)
(-59,423,-361)
(-61,427,-365)
(-53,431,-353)
(-50,432,-368)
(-50,430,-358)
(-54,438,-360)
(-64,434,-352)
(-64,424,-352)
(-56,442,-352)
(-59,423,-365)
(-50,408,-372)
(-46,410,-370)
(-50,404,-370)
(-63,411,-387)
(-57,409,-381)
(-51,423,-359)
(-34,456,-356)
(-23,447,-337)
(-7,467,-319)
(-6,474,-304)
(0,468,-314)
(8,464,-314)
(-7,461,-323)
(-18,454,-322)
(-27,461,-313)
(-40,460,-322)
(-44,460,-320)
(-50,458,-320)
(-79,449,-313)
(-94,444,-304)
(-121,437,-291)
(-147,423,-275)
(-172,398,-250)
(-198,350,-224)
(-195,333,-221)
(-211,301,-219)
(-200,270,-224)
(-195,239,-245)
(-190,246,-268)
(-183,281,-309)
(-168,324,-330)
(-168,350,-328)
(-146,386,-342)
(-103,427,-337)
(-82,444,-336)
(-58,450,-336)
(-16,470,-314)
(15,467,-309)
(21,465,-309)
(29,463,-305)
(46,452,-322)
(38,456,-322)
(28,444,-346)
(1,443,-347)
(-10,442,-346)
(-44,434,-354)
(-88,434,-332)
(-129,435,-299)
(-156,418,-268)
(-162,406,-250)
(-174,402,-232)
(-183,383,-187)
(-182,386,-172)
(-172,372,-130)
(-164,362,-90)
(-162,368,-70)
(-130,360,-36)
(-106,352,-12)
(-66,358,8)
(-49,361,11)
(-35,363,23)
(-32,354,30)
(-16,380,22)
(6,400,4)
(14,428,-8)
(26,458,-30)
(22,468,-52)
(3,477,-77)
(-20,480,-98)
(-47,485,-107)
(-70,480,-110)
(-102,466,-98)
(-142,436,-110)
(-162,402,-118)
(-176,388,-138)
(-181,375,-139)
(-188,366,-140)
(-194,360,-156)
(-201,347,-181)
(-203,343,-185)
(-198,332,-208)
(-197,345,-225)
(-189,335,-265)
(-192,338,-264)
(-190,352,-288)
(-177,355,-299)
(-159,361,-311)
(-158,372,-330)
(-146,380,-344)
(-114,396,-348)
(-93,399,-363)
(-67,417,-365)
(-51,427,-365)
(-34,426,-374)
(-14,432,-380)
(19,429,-367)
(55,423,-355)
(59,433,-341)
(69,435,-333)
(80,428,-318)
(78,430,-308)
(84,432,-300)
(76,440,-304)
(85,431,-301)
(81,443,-295)
(76,452,-292)
(70,454,-296)
(50,464,-298)
(28,488,-298)
(-25,489,-285)
(-37,487,-287)
(-51,489,-277)
(-69,477,-287)
(-86,452,-302)
(-110,444,-294)
(-140,424,-282)
(-161,397,-271)
(-167,397,-271)
(-171,387,-255)
(-187,387,-225)
(-186,374,-214)
(-190,364,-192)
(-192,348,-160)
(-187,347,-129)
(-182,346,-120)
(-175,349,-95)
(-172,356,-84)
(-155,349,-65)
(-145,367,-39)
(-126,374,-24)
(-100,390,-8)
(-47,399,5)
(-12,420,-10)
(8,438,-22)
(19,457,-25)
(15,465,-43)
(-12,482,-82)
(-6,496,-98)
(-27,503,-131)
(-78,498,-190)
(-108,478,-232)
(-130,442,-256)
(-153,407,-291)
(-154,382,-314)
(-151,383,-321)
(-145,377,-331)
(-140,370,-340)
(-137,361,-355)
(-122,358,-372)
(-117,373,-369)
(-109,377,-369)
(-82,388,-378)
(-78,402,-380)
(-68,420,-370)
(-48,422,-370)
(-41,431,-369)
(-24,438,-362)
(3,437,-361)
(17,439,-361)
(21,447,-351)
(17,457,-335)
(2,466,-332)
(-4,464,-324)
(-36,466,-332)
(-66,446,-322)
(-107,433,-317)
(-129,415,-313)
(-151,395,-301)
(-179,365,-275)
(-194,342,-242)
(-209,321,-199)
(-206,308,-140)
(-187,307,-99)
(-164,316,-36)
(-128,342,-4)
(-73,351,27)
(-24,378,38)
(16,392,18)
(32,430,-4)
(40,464,-46)
(41,485,-69)
(35,493,-91)
(21,513,-141)
(-2,516,-172)
(-32,510,-198)
(-64,496,-230)
(-90,494,-236)
(-102,478,-268)
(-117,453,-291)
(-128,438,-292)
(-147,429,-291)
(-162,420,-268)
(-162,418,-242)
(-175,413,-211)
(-178,402,-180)
(-182,400,-162)
(-180,400,-132)
(-172,374,-82)
(-162,366,-66)
(-166,348,-64)
(-184,336,-86)
(-202,322,-114)
(-204,316,-158)
(-199,309,-175)
(-205,315,-209)
(-205,323,-235)
(-203,351,-269)
(-170,372,-300)
(-153,393,-325)
(-127,405,-347)
(-90,412,-366)
(-50,424,-370)
(-31,429,-381)
(-12,426,-382)
(6,428,-372)
(16,428,-364)
(13,431,-369)
(20,444,-360)
(11,453,-349)
(17,455,-339)
(16,466,-328)
(26,472,-316)
(43,461,-311)
(60,456,-302)
(57,467,-301)
(43,451,-329)
(35,451,-345)
(-5,455,-347)
(-42,446,-344)
(-84,440,-338)
(-106,428,-326)
(-141,409,-309)
(-158,404,-286)
(-177,397,-251)
(-180,398,-240)
(-185,405,-213)
(-195,385,-209)
(-184,382,-224)
(-190,370,-264)
(-170,372,-314)
(-137,379,-343)
(-128,380,-348)
(-109,395,-363)
(-85,407,-371)
(-66,418,-370)
(-49,425,-367)
(-33,431,-367)
(-7,441,-363)
(31,451,-339)
(39,457,-327)
(41,453,-321)
(55,457,-309)
(65,461,-289)
(83,465,-273)
(99,449,-261)
(98,452,-260)
(112,448,-240)
(109,465,-221)
(80,482,-220)
(50,492,-240)
(34,498,-250)
(6,496,-258)
(-27,509,-257)
(-50,486,-274)
(-69,473,-295)
(-87,467,-283)
(-96,468,-288)
(-125,453,-261)
(-137,445,-251)
(-153,427,-237)
(-175,389,-217)
(-198,348,-196)
(-204,308,-196)
(-198,300,-186)
(-210,304,-194)
(-206,326,-230)
(-189,361,-269)
(-167,405,-285)
(-121,439,-301)
(-56,482,-298)
(-7,491,-283)
(18,486,-274)
(32,480,-272)
(40,488,-274)
(44,474,-286)
(40,476,-280)
(44,476,-292)
(24,464,-310)
(-16,468,-328)
(-64,460,-326)
(-120,454,-310)
(-144,424,-284)
(-166,402,-268)
(-173,391,-271)
(-168,400,-290)
(-126,430,-318)
(-82,456,-316)
(-49,471,-309)
(-6,482,-298)
(19,483,-281)
(24,476,-284)
(37,475,-281)
(42,478,-280)
(39,479,-285)
(16,480,-302)
(-32,478,-312)
(-83,463,-295)
(-139,439,-257)
(-162,424,-224)
(-170,412,-188)
(-171,405,-137)
(-148,388,-84)
(-132,382,-48)
(-108,378,-20)
(-81,387,1)
(-44,396,2)
(-14,406,-4)
(19,407,-11)
(38,428,-24)
(58,432,-38)
(74,450,-58)
(73,469,-87)
(54,476,-120)
(43,507,-155)
(34,504,-206)
(16,498,-252)
(11,477,-295)
(3,479,-301)
(10,472,-318)
(-6,462,-330)
(-9,439,-341)
(8,422,-352)
(4,430,-356)
(6,438,-358)
(-2,444,-340)
(3,479,-311)
(4,500,-274)
(4,508,-198)
(-2,498,-196)
(-26,492,-156)
(-45,481,-105)
(-32,458,-72)
(-15,429,-31)
(-11,419,-17)
(-14,404,-2)
(-12,394,6)
(-14,374,18)
(-6,354,28)
(-18,348,30)
(-4,340,28)
(-5,291,49)
(4,260,36)
(-5,227,29)
(-19,179,11)
(-27,147,-15)
(-48,120,-56)
(-47,97,-89)
(-51,97,-131)
(-49,81,-169)
(-48,86,-208)
(-57,81,-259)
(-66,86,-302)
(-80,114,-336)
(-75,131,-359)
(-81,151,-377)
(-87,173,-399)
(-82,176,-396)
(-74,188,-416)
(-72,224,-416)
(-70,244,-418)
(-55,249,-429)
(-61,263,-423)
(-62,270,-428)
(-69,249,-423)
(-85,217,-413)
(-100,188,-402)
(-100,170,-380)
(-110,140,-352)
(-109,131,-343)
(-111,117,-315)
(-114,106,-292)
(-126,102,-262)
(-131,107,-217)
(-143,103,-177)
(-162,130,-134)
(-164,160,-96)
(-168,194,-68)
(-159,245,-31)
(-161,281,-25)
(-155,315,-25)
(-140,346,-20)
(-124,360,-8)
(-130,348,-6)
(-138,318,0)
(-146,282,-6)
(-151,233,-21)
(-157,191,-51)
(-161,155,-109)
(-169,137,-157)
(-158,128,-204)
(-153,137,-249)
(-145,141,-293)
(-124,158,-318)
(-129,169,-333)
(-124,174,-356)
(-149,179,-349)
(-149,173,-349)
(-162,174,-334)
(-176,176,-300)
(-184,170,-272)
(-188,164,-222)
(-184,168,-190)
(-196,178,-160)
(-197,197,-115)
(-195,215,-93)
(-177,237,-63)
(-174,262,-36)
(-160,312,-22)
(-146,338,-22)
(-128,366,-34)
(-130,374,-38)
(-123,365,-31)
(-129,341,-19)
(-143,307,-23)
(-154,248,-30)
(-158,216,-50)
(-167,187,-79)
(-183,177,-109)
(-181,173,-137)
(-169,167,-191)
(-169,191,-247)
(-165,197,-287)
(-165,231,-323)
(-157,257,-339)
(-154,278,-348)
(-153,265,-349)
(-162,262,-336)
(-175,243,-319)
(-188,230,-286)
(-201,229,-239)
(-210,232,-212)
(-212,240,-174)
(-206,242,-144)
(-196,248,-104)
(-181,269,-75)
(-159,285,-55)
(-144,314,-36)
(-135,339,-25)
(-125,345,-27)
(-130,334,-12)
(-142,306,-18)
(-138,278,-14)
(-147,243,-27)
(-146,206,-60)
(-162,182,-78)
(-158,158,-108)
(-157,137,-133)
(-162,148,-168)
(-164,146,-214)
(-164,158,-236)
(-154,166,-264)
(-151,173,-291)
(-162,180,-288)
(-164,182,-288)
(-173,183,-259)
(-177,187,-249)
(-189,187,-215)
(-191,187,-189)
(-195,205,-147)
(-178,202,-110)
(-175,223,-67)
(-163,247,-43)
(-156,272,-40)
(-148,284,-36)
(-149,289,-35)
(-153,273,-29)
(-152,256,-38)
(-157,229,-49)
(-167,211,-73)
(-165,183,-83)
(-164,174,-114)
(-170,172,-132)
(-182,168,-168)
(-187,183,-197)
(-180,188,-224)
(-189,193,-231)
(-182,194,-230)
(-191,195,-217)
(-195,195,-201)
(-203,197,-181)
(-193,207,-153)
(-201,213,-135)
(-183,231,-101)
(-180,232,-74)
(-170,260,-52)
(-160,282,-36)
(-160,292,-32)
(-155,291,-31)
(-158,284,-38)
(-159,273,-35)
(-157,241,-53)
(-172,224,-64)
(-178,212,-88)
(-179,211,-99)
(-186,196,-110)
(-189,191,-117)
(-189,189,-141)
(-192,196,-158)
(-189,193,-163)
(-185,197,-163)
(-197,195,-155)
(-193,211,-145)
(-191,207,-117)
(-184,222,-90)
(-174,222,-84)
(-167,225,-79)
(-159,221,-55)
(-141,223,-29)
(-140,234,-24)
(-140,254,-6)
(-138,256,-8)
(-123,279,-5)
(-120,308,8)
(-122,324,-8)
(-142,324,-12)
(-147,313,-31)
(-168,282,-58)
(-175,259,-61)
(-173,233,-75)
(-184,206,-96)
(-172,198,-116)
(-178,192,-108)
(-184,208,-110)
(-186,226,-94)
(-189,237,-85)
(-183,267,-77)
(-183,289,-69)
(-176,298,-66)
(-181,317,-69)
(-169,311,-65)
(-172,314,-70)
(-181,293,-85)
(-188,270,-104)
(-193,215,-119)
(-183,201,-141)
(-188,188,-152)
(-191,181,-157)
(-191,181,-155)
(-194,198,-150)
(-188,208,-138)
(-188,222,-130)
(-183,241,-109)
(-193,275,-97)
(-183,303,-79)
(-181,327,-85)
(-186,338,-88)
(-191,323,-105)
(-194,304,-118)
(-193,253,-139)
(-199,223,-137)
(-193,189,-157)
(-168,178,-170)
(-172,170,-194)
(-174,168,-218)
(-173,175,-243)
(-165,197,-269)
(-180,214,-302)
(-183,235,-305)
(-173,259,-325)
(-165,277,-329)
(-174,306,-334)
(-151,315,-331)
(-151,335,-333)
(-153,365,-339)
(-134,390,-340)
(-131,399,-333)
(-117,423,-319)
(-105,445,-301)
(-81,455,-301)
(-66,460,-304)
(-71,447,-321)
(-70,450,-328)
(-68,438,-326)
(-77,429,-335)
(-79,419,-343)
(-101,409,-345)
(-114,392,-340)
(-137,375,-331)
(-154,356,-306)
(-174,338,-290)
(-185,321,-271)
(-212,324,-226)
(-207,319,-167)
(-188,316,-110)
(-172,320,-64)
(-143,341,-33)
(-119,353,-25)
(-104,376,-18)
(-84,404,-18)
(-59,423,-37)
(-45,439,-41)
(-30,464,-64)
(-31,471,-67)
(-27,471,-93)
(-32,488,-116)
(-36,484,-138)
(-70,492,-178)
(-89,481,-213)
(-116,454,-240)
(-140,432,-256)
(-141,405,-283)
(-151,377,-297)
(-166,342,-312)
(-162,308,-322)
(-152,292,-320)
(-168,298,-330)
(-178,320,-304)
(-181,353,-281)
(-175,383,-239)
(-171,399,-181)
(-157,407,-131)
(-132,392,-64)
(-115,353,-27)
(-110,328,-4)
(-113,299,7)
(-109,231,-3)
(-100,184,-14)
(-96,146,-44)
(-102,124,-84)
(-115,113,-123)
(-123,125,-159)
(-136,126,-186)
(-155,147,-223)
(-163,179,-251)
(-172,210,-284)
(-172,256,-296)
(-172,286,-322)
(-179,301,-321)
(-169,341,-317)
(-152,370,-332)
(-124,406,-332)
(-93,437,-323)
(-74,456,-314)
(-44,464,-296)
(-31,479,-281)
(-19,487,-271)
(4,482,-264)
(24,482,-264)
(41,481,-261)
(52,472,-244)
(79,465,-231)
(86,466,-232)
(91,457,-213)
(90,468,-208)
(106,458,-198)
(103,463,-185)
(100,466,-186)
(98,470,-196)
(77,475,-231)
(47,485,-267)
(20,470,-294)
(-24,468,-312)
(-54,462,-320)
(-106,442,-310)
(-135,427,-291)
(-161,411,-265)
(-181,403,-233)
(-196,382,-208)
(-190,364,-166)
(-189,369,-131)
(-178,370,-104)
(-168,384,-84)
(-147,393,-71)
(-132,406,-62)
(-124,410,-46)
(-129,415,-43)
(-103,427,-55)
(-111,439,-57)
(-103,439,-63)
(-106,444,-80)
(-109,461,-91)
(-109,451,-109)
(-125,457,-127)
(-126,460,-158)
(-130,450,-166)
(-148,442,-194)
(-159,431,-213)
(-156,414,-238)
(-169,383,-261)
(-177,369,-269)
(-184,344,-290)
(-167,331,-295)
(-165,323,-303)
(-175,343,-301)
(-172,370,-260)
(-172,396,-204)
(-153,423,-127)
(-101,431,-65)
(-53,439,-29)
(1,443,-35)
(25,467,-63)
(49,479,-95)
(39,509,-151)
(12,504,-210)
(-20,496,-262)
(-35,471,-325)
(-40,422,-360)
(-48,404,-372)
(-30,380,-388)
(-29,383,-385)
(-9,411,-383)
(-7,453,-345)
(-10,476,-292)
(2,502,-236)
(6,506,-164)
(11,489,-111)
(5,455,-59)
(8,438,-12)
(23,393,7)
(11,333,45)
(11,285,47)
(-1,219,39)
(-6,174,18)
(-35,143,-17)
(-25,113,-55)
(-29,89,-105)
(-15,85,-149)
(-16,84,-178)
(-2,80,-206)
(1,89,-213)
(6,90,-220)
(-3,85,-223)
(-1,83,-231)
(-7,89,-221)
(-13,85,-213)
(-12,82,-208)
(-19,81,-195)
(-32,82,-174)
(-40,80,-132)
(-45,87,-103)
(-48,100,-74)
(-39,111,-57)
(-33,113,-59)
(-31,103,-63)
(-29,95,-83)
(-35,87,-113)
(-32,82,-148)
(-32,82,-176)
(-34,82,-208)
(-27,85,-231)
(-29,87,-251)
(-13,105,-273)
(-23,117,-283)
(-15,127,-311)
(-5,143,-327)
(-2,154,-342)
(-2,166,-346)
(12,186,-356)
(4,192,-366)
(5,191,-369)
(4,184,-364)
(1,185,-357)
(2,174,-360)
(-10,150,-346)
(-21,143,-341)
(-20,136,-320)
(-35,133,-303)
(-33,117,-295)
(-32,112,-280)
(-37,99,-255)
(-38,100,-250)
(-42,92,-222)
(-46,86,-208)
(-42,84,-198)
(-44,76,-174)
(-39,81,-153)
(-40,80,-140)
(-39,91,-119)
(-43,87,-123)
(-45,79,-137)
(-48,82,-164)
(-55,81,-191)
(-56,84,-218)
(-51,101,-239)
(-53,113,-263)
(-49,113,-287)
(-44,128,-298)
(-43,139,-317)
(-31,163,-325)
(-36,164,-330)
(-44,152,-330)
(-43,135,-307)
(-54,124,-304)
(-61,123,-287)
(-54,106,-252)
(-58,90,-212)
(-48,86,-180)
(-53,77,-153)
(-45,83,-139)
(-37,93,-103)
(-39,101,-73)
(-31,109,-47)
(-31,119,-29)
(-25,127,-29)
(-25,113,-37)
(-20,104,-58)
(-13,89,-85)
(-22,88,-124)
(-25,89,-169)
(-26,90,-202)
(-26,92,-240)
(-43,103,-265)
(-43,109,-289)
(-55,121,-297)
(-47,119,-301)
(-60,122,-296)
(-52,110,-280)
(-60,108,-248)
(-72,102,-230)
(-73,95,-203)
(-74,94,-164)
(-79,91,-141)
(-74,90,-98)
(-76,102,-78)
(-70,120,-52)
(-77,131,-35)
(-61,133,-27)
(-64,150,-20)
(-61,139,-13)
(-60,126,-42)
(-68,98,-82)
(-64,90,-116)
(-71,91,-149)
(-81,81,-175)
(-84,96,-220)
(-81,105,-245)
(-82,108,-266)
(-92,126,-292)
(-83,133,-297)
(-90,138,-310)
(-86,140,-304)
(-91,133,-291)
(-101,125,-267)
(-101,127,-263)
(-115,109,-227)
(-119,105,-215)
(-123,99,-201)
(-124,104,-170)
(-138,120,-124)
(-140,130,-114)
(-153,147,-91)
(-137,151,-69)
(-139,171,-55)
(-141,183,-35)
(-139,193,-27)
(-134,192,-30)
(-128,168,-40)
(-111,147,-55)
(-121,131,-89)
(-122,116,-134)
(-136,116,-170)
(-130,116,-208)
(-137,131,-241)
(-139,141,-263)
(-128,152,-288)
(-137,175,-309)
(-143,187,-323)
(-141,187,-327)
(-160,184,-314)
(-152,178,-288)
(-171,163,-259)
(-167,159,-235)
(-180,164,-212)
(-188,176,-174)
(-202,186,-166)
(-199,199,-151)
(-197,205,-143)
(-197,195,-139)
(-180,174,-140)
(-174,166,-166)
(-161,143,-175)
(-157,135,-201)
(-144,138,-230)
(-146,142,-242)
(-145,147,-265)
(-142,148,-264)
(-138,154,-282)
(-139,155,-285)
(-144,168,-274)
(-145,167,-287)
(-154,154,-276)
(-160,152,-250)
(-152,156,-226)
(-165,153,-207)
(-172,154,-174)
(-167,171,-145)
(-168,170,-120)
(-167,181,-93)
(-170,190,-82)
(-179,209,-67)
(-171,213,-55)
(-174,232,-50)
(-173,245,-51)
(-153,283,-35)
(-159,311,-31)
(-152,328,-38)
(-141,341,-31)
(-146,336,-26)
(-148,326,-32)
(-151,305,-33)
(-157,273,-27)
(-143,239,-23)
(-144,208,-40)
(-137,183,-57)
(-144,158,-72)
(-150,150,-98)
(-146,132,-126)
(-151,135,-155)
(-153,129,-183)
(-145,135,-191)
(-143,135,-209)
(-151,141,-215)
(-156,146,-204)
(-160,146,-194)
(-166,148,-174)
(-161,149,-153)
(-159,147,-123)
(-166,164,-94)
(-161,187,-67)
(-147,201,-55)
(-155,217,-39)
(-150,236,-26)
(-142,266,-10)
(-133,289,-7)
(-132,308,-12)
(-119,321,-15)
(-123,327,-11)
(-119,335,-15)
(-131,325,-17)
(-127,301,-7)
(-136,268,-8)
(-144,248,-14)
(-155,227,-35)
(-152,214,-44)
(-159,189,-71)
(-166,176,-98)
(-162,164,-118)
(-161,155,-145)
(-167,159,-169)
(-167,147,-197)
(-167,157,-213)
(-162,156,-214)
(-160,162,-208)
(-167,151,-199)
(-166,150,-172)
(-168,162,-146)
(-167,175,-111)
(-165,195,-89)
(-174,218,-64)
(-167,259,-63)
(-171,287,-63)
(-192,306,-86)
(-191,321,-105)
(-191,333,-113)
(-195,335,-139)
(-200,316,-148)
(-209,317,-159)
(-209,305,-157)
(-211,301,-157)
(-205,299,-173)
(-212,296,-170)
(-198,296,-154)
(-200,298,-150)
(-207,285,-137)
(-203,283,-135)
(-199,283,-131)
(-199,273,-137)
(-208,270,-144)
(-200,268,-136)
(-212,270,-146)
(-208,278,-138)
(-206,290,-138)
(-202,330,-152)
(-197,351,-167)
(-196,356,-172)
(-192,364,-168)
(-182,386,-200)
(-178,398,-216)
(-170,402,-244)
(-167,403,-267)
(-162,398,-288)
(-149,399,-303)
(-147,389,-313)
(-149,389,-311)
(-143,407,-293)
(-153,409,-273)
(-157,415,-243)
(-162,426,-196)
(-154,426,-144)
(-158,420,-130)
(-149,417,-115)
(-150,400,-78)
(-145,397,-65)
(-130,374,-36)
(-112,368,-14)
(-102,342,4)
(-98,338,16)
(-91,337,13)
(-93,343,11)
(-115,373,-13)
(-122,398,-40)
(-143,425,-89)
(-146,440,-140)
(-139,443,-185)
(-137,439,-237)
(-137,425,-283)
(-127,409,-321)
(-121,381,-349)
(-110,348,-370)
(-106,330,-382)
(-97,311,-387)
(-80,298,-396)
(-82,286,-400)
(-84,292,-398)
(-87,309,-391)
(-102,330,-396)
(-104,356,-382)
(-109,383,-357)
(-131,411,-329)
(-121,431,-295)
(-123,453,-271)
(-116,464,-240)
(-110,478,-208)
(-106,480,-182)
(-101,479,-153)
(-84,486,-140)
(-105,469,-139)
(-121,471,-181)
(-136,444,-246)
(-143,411,-307)
(-137,383,-341)
(-117,343,-377)
(-114,322,-390)
(-102,300,-392)
(-93,271,-395)
(-84,266,-392)
(-83,257,-393)
(-69,245,-389)
(-63,235,-393)
(-61,221,-389)
(-61,213,-389)
(-63,207,-379)
(-80,206,-374)
(-71,205,-377)
(-80,222,-390)
(-74,242,-398)
(-83,273,-397)
(-101,307,-395)
(-121,351,-371)
(-129,387,-349)
(-118,432,-312)
(-112,450,-284)
(-106,470,-268)
(-93,463,-273)
(-98,454,-292)
(-115,425,-311)
(-139,375,-337)
(-148,336,-350)
(-137,297,-351)
(-133,275,-357)
(-133,275,-367)
(-137,303,-375)
(-147,339,-355)
(-147,379,-325)
(-152,414,-280)
(-137,447,-235)
(-112,476,-194)
(-97,493,-197)
(-92,494,-218)
(-96,482,-266)
(-104,438,-300)
(-130,402,-324)
(-141,353,-347)
(-148,306,-346)
(-139,277,-359)
(-117,257,-371)
(-120,272,-382)
(-125,301,-385)
(-130,328,-372)
(-155,367,-339)
(-160,392,-298)
(-156,420,-268)
(-143,443,-243)
(-138,454,-224)
(-139,451,-229)
(-153,441,-243)
(-168,410,-262)
(-169,377,-283)
(-175,347,-301)
(-175,317,-315)
(-169,297,-327)
(-181,315,-299)
(-193,327,-267)
(-199,347,-211)
(-193,365,-181)
(-175,389,-143)
(-178,400,-134)
(-140,422,-98)
(-135,443,-99)
(-136,454,-120)
(-156,430,-144)
(-176,400,-164)
(-200,356,-184)
(-205,313,-219)
(-207,277,-219)
(-202,254,-218)
(-202,240,-214)
(-204,240,-204)
(-209,249,-175)
(-204,260,-136)
(-197,295,-111)
(-184,306,-84)
(-177,329,-77)
(-175,357,-85)
(-184,346,-98)
(-194,316,-120)
(-198,278,-140)
(-195,233,-167)
(-191,205,-187)
(-184,178,-208)
(-178,178,-226)
(-183,177,-215)
(-194,200,-202)
(-203,243,-189)
(-206,264,-168)
(-205,293,-149)
(-207,321,-143)
(-197,329,-167)
(-206,336,-162)
(-209,307,-157)
(-208,270,-156)
(-191,241,-163)
(-187,199,-175)
(-178,178,-192)
(-169,169,-211)
(-169,157,-217)
(-167,167,-215)
(-183,185,-207)
(-197,213,-179)
(-187,235,-151)
(-196,276,-120)
(-186,324,-108)
(-182,342,-108)
(-187,347,-123)
(-196,332,-128)
(-200,294,-140)
(-190,244,-160)
(-188,202,-166)
(-173,187,-175)
(-170,164,-184)
(-171,157,-179)
(-178,174,-168)
(-176,186,-146)
(-190,220,-116)
(-176,264,-100)
(-189,305,-97)
(-194,328,-132)
(-199,309,-141)
(-203,269,-155)
(-194,214,-154)
(-179,179,-183)
(-167,159,-195)
(-149,147,-211)
(-169,153,-225)
(-175,175,-229)
(-178,182,-206)
(-196,214,-196)
(-207,255,-169)
(-202,286,-168)
(-204,306,-166)
(-203,325,-169)
(-202,300,-150)
(-200,254,-140)
(-185,187,-153)
(-176,152,-176)
(-154,146,-196)
(-160,146,-234)
(-184,160,-234)
(-185,193,-231)
(-191,231,-217)
(-205,253,-215)
(-202,252,-220)
(-206,248,-224)
(-198,240,-224)
(-202,242,-228)
(-201,235,-227)
(-189,231,-223)
(-207,239,-223)
(-198,226,-220)
(-195,229,-223)
(-197,233,-219)
(-197,225,-227)
(-204,230,-232)
(-195,231,-213)
(-196,252,-180)
(-196,264,-136)
(-182,304,-82)
(-167,329,-61)
(-175,363,-65)
(-177,361,-89)
(-187,345,-117)
(-206,300,-146)
(-207,235,-183)
(-191,203,-207)
(-180,170,-208)
(-180,162,-210)
(-176,162,-194)
(-186,166,-174)
(-194,194,-150)
(-196,202,-136)
(-186,218,-112)
(-180,238,-82)
(-193,269,-91)
(-193,301,-123)
(-202,326,-156)
(-208,288,-198)
(-201,245,-213)
(-191,197,-235)
(-172,180,-240)
(-171,165,-251)
(-158,156,-242)
(-166,154,-248)
(-177,179,-253)
(-188,194,-230)
(-199,223,-197)
(-195,253,-193)
(-205,249,-195)
(-208,266,-184)
(-206,268,-196)
(-205,269,-207)
(-200,250,-204)
(-195,219,-195)
(-181,181,-205)
(-170,160,-206)
(-164,156,-224)
(-150,150,-222)
(-155,147,-243)
(-155,161,-249)
(-163,171,-253)
(-187,185,-249)
(-186,208,-238)
(-194,226,-230)
(-192,230,-230)
(-191,239,-239)
(-187,215,-249)
(-178,188,-252)
(-172,178,-256)
(-157,157,-267)
(-149,161,-281)
(-143,173,-291)
(-154,178,-318)
(-156,206,-326)
(-150,214,-330)
(-151,223,-343)
(-150,252,-350)
(-145,277,-357)
(-127,291,-379)
(-124,322,-380)
(-113,343,-395)
(-90,370,-392)
(-80,390,-380)
(-56,404,-380)
(-53,423,-371)
(-48,438,-358)
(-54,442,-344)
(-42,458,-344)
(-55,461,-321)
(-47,471,-319)
(-41,461,-319)
(-23,453,-349)
(-21,419,-383)
(-20,404,-386)
(-23,371,-397)
(-21,349,-413)
(-19,315,-425)
(-28,294,-420)
(-20,258,-412)
(-28,244,-404)
(-24,228,-406)
(-9,219,-395)
(-11,221,-401)
(-28,232,-404)
(-21,259,-413)
(-34,286,-422)
(-34,316,-418)
(-42,314,-412)
(-39,329,-403)
(-54,364,-408)
(-51,393,-395)
(-53,405,-375)
(-51,421,-371)
(-50,422,-360)
(-39,439,-351)
(-40,450,-344)
(-47,443,-351)
(-38,414,-382)
(-20,390,-396)
(8,364,-402)
(31,357,-405)
(56,346,-404)
(69,341,-379)
(99,335,-367)
(103,331,-359)
(121,337,-347)
(127,349,-315)
(135,349,-289)
(151,343,-271)
(150,332,-254)
(159,337,-241)
(163,327,-225)
(169,323,-207)
(166,318,-206)
(175,315,-195)
(173,313,-183)
(179,297,-167)
(179,305,-159)
(176,300,-150)
(172,300,-160)
(178,300,-152)
(170,304,-152)
(173,299,-161)
(175,315,-175)
(170,314,-212)
(157,325,-239)
(145,327,-279)
(127,341,-303)
(94,348,-334)
(63,347,-353)
(33,355,-373)
(7,369,-381)
(-24,350,-412)
(-78,346,-410)
(-103,349,-389)
(-128,352,-368)
(-146,350,-344)
(-172,358,-308)
(-189,349,-265)
(-197,355,-225)
(-194,348,-186)
(-198,348,-154)
(-190,352,-116)
(-179,361,-73)
(-161,353,-51)
(-155,363,-47)
(-122,354,2)
(-113,355,-1)
(-105,355,17)
(-81,357,29)
(-52,364,38)
(-29,361,37)
(-8,374,80)
(28,384,78)
(44,364,72)
(63,365,63)
(78,352,50)
(87,365,43)
(100,360,32)
(115,363,19)
(113,369,1)
(123,367,-5)
(127,383,-21)
(122,386,-36)
(120,380,-42)
(140,382,-50)
(133,383,-51)
(143,389,-61)
(139,387,-55)
(141,381,-45)
(138,382,-44)
(134,382,-36)
(129,383,-19)
(108,392,-2)
(102,388,18)
(80,370,38)
(77,361,57)
(62,374,66)
(35,381,85)
(28,382,90)
(-7,389,85)
(-27,381,95)
(-55,381,83)
(-76,384,76)
(-99,377,79)
(-126,374,56)
(-142,368,42)
(-163,353,11)
(-166,362,-18)
(-191,347,-69)
(-202,342,-102)
(-190,342,-128)
(-195,361,-157)
(-192,364,-176)
(-188,382,-200)
(-187,403,-211)
(-167,413,-231)
(-152,436,-248)
(-125,461,-263)
(-93,475,-263)
(-59,489,-259)
(-33,503,-243)
(-13,495,-243)
(-7,499,-235)
(15,503,-237)
(29,499,-229)
(30,498,-228)
(22,506,-234)
(-1,491,-239)
(-35,499,-251)
(-60,488,-240)
(-105,485,-213)
(-112,466,-188)
(-130,456,-146)
(-128,458,-130)
(-118,456,-92)
(-94,452,-62)
(-75,429,-35)
(-54,434,-20)
(-30,448,-10)
(-4,460,14)
(16,448,22)
(29,453,15)
(55,455,9)
(65,445,-9)
(69,461,-31)
(83,469,-45)
(77,469,-53)
(84,470,-82)
(84,468,-90)
(78,468,-110)
(77,471,-123)
(79,481,-123)
(81,479,-137)
(81,479,-123)
(85,467,-115)
(85,475,-99)
(91,471,-73)
(85,457,-49)
(76,452,-34)
(76,448,-14)
(73,441,-11)
(48,460,12)
(30,452,14)
(10,454,24)
(-25,467,35)
(-39,465,21)
(-69,453,27)
(-98,448,22)
(-133,431,-11)
(-155,427,-37)
(-183,417,-71)
(-183,381,-139)
(-191,367,-171)
(-190,362,-210)
(-192,370,-240)
(-187,371,-267)
(-171,385,-293)
(-157,403,-325)
(-117,403,-347)
(-79,421,-373)
(-31,417,-391)
(5,407,-391)
(24,382,-394)
(42,350,-400)
(48,302,-404)
(60,250,-384)
(58,204,-364)
(48,166,-340)
(42,140,-312)
(32,112,-270)
(21,97,-247)
(13,89,-221)
(-6,84,-206)
(-6,80,-178)
(-26,84,-160)
(-30,88,-158)
(-35,93,-157)
(-33,81,-161)
(-28,94,-180)
(-18,86,-216)
(10,98,-256)
(0,122,-304)
(1,171,-355)
(-23,203,-389)
(-71,247,-401)
(-112,284,-396)
(-146,314,-356)
(-176,322,-322)
(-184,328,-286)
(-196,326,-260)
(-213,321,-237)
(-202,328,-226)
(-205,327,-203)
(-210,320,-184)
(-203,329,-147)
(-192,326,-122)
(-189,351,-93)
(-154,374,-64)
(-135,401,-33)
(-99,409,-25)
(-76,424,-18)
(-50,436,-12)
(-30,458,-24)
(-14,474,-34)
(-37,509,-35)
(-60,516,-74)
(-109,507,-113)
(-124,488,-142)
(-150,460,-176)
(-182,390,-248)
(-175,351,-287)
(-171,303,-325)
(-159,281,-343)
(-131,271,-381)
(-106,268,-392)
(-77,253,-405)
(-41,267,-413)
(-10,294,-416)
(12,320,-408)
(38,362,-400)
(52,390,-376)
(68,418,-350)
(74,430,-338)
(88,434,-306)
(87,435,-303)
(106,434,-284)
(103,453,-265)
(74,466,-264)
(49,479,-275)
(24,472,-298)
(-3,481,-319)
(-48,460,-332)
(-102,444,-316)
(-143,421,-295)
(-179,401,-261)
(-196,370,-208)
(-198,364,-168)
(-178,368,-108)
(-155,383,-73)
(-128,402,-46)
(-86,430,-30)
(-59,447,-25)
(-59,471,-49)
(-65,489,-105)
(-69,493,-133)
(-92,484,-174)
(-111,463,-237)
(-124,444,-288)
(-122,408,-338)
(-110,368,-364)
(-90,336,-390)
(-73,299,-395)
(-58,264,-398)
(-37,247,-397)
(-14,236,-398)
(15,247,-397)
(45,267,-395)
(69,305,-389)
(86,350,-364)
(87,399,-339)
(88,426,-318)
(79,455,-291)
(60,474,-264)
(50,496,-234)
(13,507,-233)
(-37,501,-219)
(-67,495,-229)
(-99,485,-205)
(-129,469,-151)
(-122,454,-92)
(-99,451,-65)
(-71,449,-33)
(-50,452,-26)
(-24,462,-32)
(-14,486,-8)
(10,486,-22)
(20,490,-28)
(22,504,-48)
(22,512,-54)
(18,524,-76)
(8,522,-96)
(-5,533,-133)
(-10,532,-154)
(-27,531,-165)
(-37,537,-175)
(-43,521,-197)
(-54,518,-224)
(-75,503,-237)
(-87,471,-267)
(-102,438,-294)
(-118,404,-318)
(-122,388,-322)
(-133,385,-333)
(-130,388,-318)
(-129,403,-319)
(-135,409,-299)
(-136,440,-272)
(-116,464,-208)
(-106,462,-136)
(-96,442,-66)
(-99,405,-23)
(-85,361,11)
(-102,318,20)
(-109,253,21)
(-118,212,-8)
(-125,183,-41)
(-126,152,-78)
(-133,135,-103)
(-140,140,-136)
(-148,142,-144)
(-152,150,-178)
(-156,148,-198)
(-153,165,-229)
(-158,164,-244)
(-155,179,-263)
(-155,195,-275)
(-161,219,-287)
(-166,248,-324)
(-160,258,-324)
(-164,292,-344)
(-155,331,-357)
(-145,357,-355)
(-132,364,-354)
(-112,394,-360)
(-93,421,-359)
(-71,437,-345)
(-28,450,-338)
(2,472,-322)
(40,468,-312)
(82,436,-302)
(109,429,-283)
(132,414,-264)
(141,389,-237)
(156,366,-240)
(161,329,-233)
(153,299,-221)
(149,263,-229)
(127,235,-231)
(122,218,-232)
(95,203,-233)
(62,180,-248)
(34,176,-246)
(1,175,-267)
(-29,193,-273)
(-52,184,-280)
(-65,197,-289)
(-81,205,-291)
(-101,221,-305)
(-122,232,-316)
(-149,251,-327)
(-153,285,-315)
(-149,321,-315)
(-154,364,-304)
(-144,412,-280)
(-129,417,-273)
(-124,448,-250)
(-104,468,-226)
(-96,480,-200)
(-72,492,-164)
(-49,495,-123)
(-19,483,-83)
(17,471,-55)
(36,468,-56)
(41,457,-37)
(47,443,-39)
(46,438,-40)
(44,432,-28)
(50,420,-10)
(29,407,-7)
(16,394,18)
(3,373,25)
(5,347,41)
(4,326,46)
(3,293,43)
(4,270,44)
(15,243,37)
(7,213,29)
(-5,191,17)
(-3,181,13)
(-4,156,0)
(-14,140,-14)
(-13,127,-37)
(-19,107,-41)
(-12,118,-56)
(-22,100,-62)
(-26,108,-68)
(-32,108,-70)
(-31,95,-75)
(-22,92,-94)
(-28,92,-94)
(-24,94,-112)
(-39,79,-99)
(-42,102,-88)
(-49,109,-67)
(-50,120,-32)
(-39,135,-23)
(-39,153,-3)
(-31,185,15)
(-33,203,41)
(-36,236,30)
(-21,271,47)
(-9,313,37)
(-14,340,42)
(-13,367,25)
(1,383,19)
(-14,396,20)
(1,401,9)
(-3,399,25)
(-2,378,30)
(-8,342,44)
(-33,291,47)
(-40,238,38)
(-40,198,32)
(-50,168,10)
(-55,131,-29)
(-54,112,-66)
(-62,90,-114)
(-61,91,-147)
(-73,93,-189)
(-65,89,-203)
(-75,101,-233)
(-78,102,-242)
(-81,111,-269)
(-100,130,-300)
(-103,171,-327)
(-111,165,-343)
(-112,200,-370)
(-125,243,-375)
(-126,248,-380)
(-143,243,-355)
(-171,229,-343)
(-167,209,-303)
(-184,200,-272)
(-200,192,-226)
(-193,181,-187)
(-192,180,-152)
(-174,178,-130)
(-166,142,-142)
(-159,143,-149)
(-168,144,-148)
(-183,173,-117)
(-179,205,-73)
(-166,246,-38)
(-137,291,5)
(-139,329,-7)
(-144,328,-8)
(-146,320,-8)
(-148,274,-12)
(-142,206,-30)
(-106,138,-54)
(-76,114,-70)
(-57,91,-111)
(-55,79,-177)
(-66,86,-212)
(-103,93,-239)
(-97,101,-253)
(-54,84,-246)
(0,82,-242)
(25,91,-245)
(42,92,-242)
(64,94,-238)
(78,94,-232)
(75,107,-215)
(74,108,-194)
(40,120,-200)
(12,106,-218)
(-24,102,-200)
(-66,102,-190)
(-110,94,-186)
(-151,109,-157)
(-182,162,-122)
(-195,211,-111)
(-202,242,-108)
(-213,263,-127)
(-215,283,-175)
(-217,283,-227)
(-210,290,-272)
(-197,319,-299)
(-179,353,-323)
(-155,377,-331)
(-133,385,-353)
(-118,388,-358)
(-95,399,-371)
(-77,419,-379)
(-42,426,-384)
(-13,429,-379)
(19,439,-357)
(46,452,-352)
(57,465,-329)
(71,453,-315)
(76,462,-300)
(86,450,-296)
(93,453,-283)
(98,452,-278)
(112,446,-258)
(116,446,-262)
(117,455,-249)
(104,474,-222)
(92,488,-216)
(78,500,-188)
(53,505,-195)
(21,523,-187)
(20,526,-194)
(-23,515,-201)
(-52,490,-216)
(-94,488,-222)
(-112,478,-218)
(-112,472,-224)
(-119,471,-211)
(-131,465,-197)
(-139,463,-171)
(-128,456,-162)
(-127,455,-137)
(-123,443,-101)
(-106,444,-82)
(-97,437,-55)
(-61,425,-23)
(-28,444,-20)
(-11,443,-13)
(20,444,-8)
(32,458,-4)
(40,464,-16)
(54,476,-30)
(64,472,-58)
(64,494,-86)
(60,506,-110)
(46,522,-146)
(15,519,-187)
(12,520,-202)
(-15,519,-215)
(-46,514,-240)
(-64,506,-238)
(-73,499,-261)
(-84,482,-276)
(-84,464,-302)
(-70,450,-316)
(-55,427,-351)
(-49,421,-363)
(-27,409,-371)
(-1,393,-369)
(22,394,-370)
(37,385,-363)
(44,380,-354)
(65,375,-355)
(76,360,-350)
(97,349,-339)
(107,331,-331)
(109,321,-333)
(115,299,-327)
(113,285,-323)
(97,257,-317)
(101,249,-319)
(90,264,-322)
(96,294,-328)
(83,331,-337)
(75,369,-355)
(40,414,-344)
(-6,444,-340)
(-54,468,-324)
(-77,449,-323)
(-107,441,-293)
(-120,438,-292)
(-132,426,-282)
(-126,424,-318)
(-82,396,-366)
(-43,395,-387)
(19,377,-393)
(57,355,-387)
(96,340,-368)
(112,328,-344)
(119,335,-339)
(107,359,-345)
(81,387,-347)
(58,414,-348)
(10,462,-334)
(-29,463,-331)
(-68,466,-304)
(-101,453,-273)
(-127,447,-259)
(-151,433,-245)
(-152,420,-240)
(-170,414,-250)
(-159,415,-263)
(-126,428,-296)
(-92,430,-326)
(-80,434,-336)
(-36,430,-358)
(32,428,-356)
(79,411,-333)
(110,418,-312)
(133,409,-289)
(136,412,-276)
(139,425,-245)
(132,434,-246)
(111,467,-229)
(84,486,-218)
(79,503,-211)
(46,512,-218)
(34,516,-212)
(-4,528,-214)
(-12,522,-220)
(-33,497,-253)
(-58,492,-254)
(-70,496,-248)
(-95,481,-247)
(-96,484,-276)
(-53,467,-311)
(-13,457,-331)
(29,445,-353)
(42,442,-350)
(72,426,-346)
(95,419,-331)
(113,401,-317)
(121,387,-313)
(138,380,-298)
(139,371,-273)
(144,352,-270)
(146,336,-272)
(134,332,-294)
(91,351,-333)
(54,380,-364)
(-8,414,-366)
(-35,425,-357)
(-88,422,-358)
(-127,417,-323)
(-143,419,-309)
(-163,421,-267)
(-179,409,-203)
(-182,402,-154)
(-173,397,-101)
(-160,386,-82)
(-142,386,-36)
(-103,401,-5)
(-66,412,-2)
(-42,434,-6)
(-42,464,-30)
(-50,492,-100)
(-86,490,-142)
(-117,485,-205)
(-115,463,-269)
(-119,459,-279)
(-139,447,-287)
(-153,427,-263)
(-169,423,-251)
(-168,406,-246)
(-187,381,-207)
(-191,379,-175)
(-175,401,-145)
(-142,428,-120)
(-130,460,-118)
(-95,479,-121)
(-92,482,-134)
(-100,490,-176)
(-117,475,-175)
(-130,460,-158)
(-179,399,-143)
(-194,346,-126)
(-195,303,-83)
(-178,294,-70)
(-157,329,-45)
(-151,331,-23)
(-134,368,-18)
(-104,398,-12)
(-93,423,-19)
(-90,442,-44)
(-90,448,-50)
(-109,455,-85)
(-154,422,-88)
(-179,375,-95)
(-201,321,-103)
(-187,249,-85)
(-175,225,-49)
(-148,232,-22)
(-128,260,10)
(-106,290,18)
(-97,305,27)
(-77,345,31)
(-54,384,30)
(-55,417,7)
(-64,420,-8)
(-82,418,-16)
(-91,415,-21)
(-119,389,-17)
(-128,372,-18)
(-144,332,-10)
(-137,299,-1)
(-118,294,0)
(-97,289,23)
(-86,290,36)
(-33,313,39)
(10,346,36)
(27,371,29)
(25,421,-1)
(22,452,-26)
(0,470,-36)
(-25,487,-79)
(-61,495,-109)
(-123,471,-113)
(-153,415,-67)
(-147,397,-51)
(-129,349,-13)
(-108,322,20)
(-66,314,32)
(-59,317,37)
(-20,342,32)
(-8,352,30)
(10,394,18)
(35,433,-17)
(21,479,-67)
(-13,505,-113)
(-62,504,-146)
(-111,481,-149)
(-123,475,-157)
(-150,444,-148)
(-158,418,-110)
(-142,400,-56)
(-104,404,-26)
(-49,417,-7)
(-28,416,-8)
(10,434,-18)
(20,458,-44)
(24,484,-78)
(7,491,-95)
(-14,498,-122)
(-78,496,-122)
(-115,473,-129)
(-130,464,-138)
(-147,435,-119)
(-144,408,-76)
(-121,395,-39)
(-94,414,-26)
(-59,427,-25)
(-48,446,-48)
(-46,476,-90)
(-42,490,-104)
(-57,489,-139)
(-94,474,-128)
(-117,461,-117)
(-125,437,-89)
(-115,433,-53)
(-80,428,-40)
(-47,439,-45)
(-22,462,-46)
(-10,476,-76)
(-18,496,-114)
(-58,498,-142)
(-71,495,-153)
(-89,479,-141)
(-114,460,-128)
(-129,451,-111)
(-138,432,-90)
(-132,426,-84)
(-127,423,-61)
(-91,433,-43)
(-81,435,-43)
(-49,453,-41)
(-23,465,-67)
(-20,488,-88)
(-55,493,-113)
(-83,483,-119)
(-118,458,-106)
(-131,435,-93)
(-131,417,-79)
(-139,415,-65)
(-124,402,-56)
(-91,413,-37)
(-64,438,-40)
(-51,461,-65)
(-75,469,-85)
(-89,457,-89)
(-109,455,-85)
(-124,438,-88)
(-121,439,-75)
(-130,420,-76)
(-129,419,-69)
(-135,411,-65)
(-131,397,-55)
(-121,405,-57)
(-134,412,-56)
(-119,401,-51)
(-129,409,-61)
(-130,408,-60)
(-139,395,-67)
(-164,394,-76)
(-171,365,-89)
(-177,373,-89)
(-183,363,-111)
(-195,355,-121)
(-201,343,-145)
(-209,353,-169)
(-210,336,-188)
(-201,335,-217)
(-199,335,-255)
(-194,330,-290)
(-177,341,-325)
(-167,333,-341)
(-159,339,-349)
(-150,338,-358)
(-133,341,-383)
(-95,349,-401)
(-60,362,-412)
(-50,372,-408)
(-27,393,-409)
(-15,407,-397)
(-2,426,-386)
(19,435,-369)
(25,439,-351)
(42,452,-336)
(62,464,-310)
(65,465,-307)
(76,470,-290)
(81,469,-277)
(55,469,-299)
(48,472,-314)
(22,472,-330)
(-6,462,-354)
(-32,452,-364)
(-67,441,-355)
(-94,442,-344)
(-112,428,-334)
(-128,430,-326)
(-142,428,-302)
(-153,423,-279)
(-155,435,-243)
(-155,443,-229)
(-157,445,-195)
(-156,438,-166)
(-167,423,-121)
(-154,416,-104)
(-163,397,-73)
(-150,378,-58)
(-152,366,-38)
(-153,355,-45)
(-150,356,-30)
(-155,343,-17)
(-158,342,-22)
(-164,354,-56)
(-170,372,-76)
(-181,393,-115)
(-173,415,-167)
(-178,414,-212)
(-178,406,-228)
(-167,401,-253)
(-164,390,-280)
(-165,383,-307)
(-149,371,-321)
(-143,361,-347)
(-126,308,-376)
(-106,264,-386)
(-90,228,-374)
(-86,220,-364)
(-76,192,-358)
(-65,171,-351)
(-76,158,-334)
(-61,139,-321)
(-57,133,-311)
(-65,127,-311)
(-65,135,-309)
(-82,160,-340)
(-100,204,-364)
(-117,235,-375)
(-131,273,-373)
(-134,270,-360)
(-143,303,-359)
(-158,330,-344)
(-160,344,-332)
(-182,368,-292)
(-177,367,-277)
(-185,369,-263)
(-186,368,-238)
(-197,365,-223)
(-196,358,-180)
(-195,355,-175)
(-197,333,-155)
(-203,323,-137)
(-202,310,-132)
(-208,294,-114)
(-200,290,-110)
(-193,271,-89)
(-178,270,-80)
(-197,267,-71)
(-195,285,-91)
(-200,330,-118)
(-194,370,-180)
(-191,389,-223)
(-183,391,-251)
(-173,381,-279)
(-163,367,-321)
(-143,359,-363)
(-115,349,-389)
(-82,302,-406)
(-64,288,-414)
(-23,279,-423)
(-17,287,-421)
(14,302,-414)
(26,354,-404)
(25,407,-389)
(13,435,-369)
(-16,468,-342)
(-35,481,-305)
(-40,482,-278)
(-46,488,-276)
(-62,496,-246)
(-63,495,-247)
(-65,497,-227)
(-59,491,-211)
(-64,494,-212)
(-60,494,-204)
(-40,504,-212)
(-19,505,-233)
(5,491,-273)
(20,482,-300)
(33,479,-295)
(37,485,-273)
(31,475,-281)
(43,481,-253)
(37,491,-227)
(44,496,-216)
(46,496,-208)
(56,488,-204)
(55,493,-195)
(46,492,-190)
(46,494,-188)
(48,496,-192)
(36,496,-200)
(22,496,-212)
(3,507,-223)
(-13,497,-243)
(-48,488,-252)
(-80,480,-242)
(-83,479,-247)
(-108,468,-240)
(-124,464,-226)
(-129,463,-227)
(-145,459,-207)
(-139,445,-175)
(-149,445,-157)
(-153,429,-125)
(-128,434,-86)
(-100,440,-54)
(-81,431,-45)
(-70,444,-32)
(-53,455,-43)
(-53,465,-57)
(-69,471,-83)
(-78,472,-92)
(-92,478,-104)
(-107,473,-141)
(-151,443,-165)
(-153,437,-169)
(-164,422,-178)
(-177,395,-179)
(-201,377,-175)
(-202,338,-162)
(-207,299,-161)
(-206,290,-158)
(-202,284,-160)
(-206,286,-146)
(-208,284,-140)
(-191,305,-111)
(-195,311,-91)
(-172,328,-74)
(-165,335,-59)
(-141,341,-35)
(-100,368,-8)
(-56,384,-4)
(-49,407,-3)
(-34,418,-10)
(-28,442,-32)
(-42,450,-40)
(-52,452,-50)
(-74,448,-62)
(-86,452,-60)
(-112,434,-72)
(-142,408,-66)
(-160,388,-76)
(-153,381,-61)
(-149,375,-49)
(-129,371,-39)
(-109,383,-35)
(-95,393,-21)
(-66,404,-10)
(-22,430,-16)
(-7,449,-49)
(-9,467,-61)
(-11,473,-75)
(-34,462,-74)
(-68,462,-64)
(-79,443,-61)
(-119,413,-51)
(-138,386,-48)
(-145,375,-43)
(-142,356,-40)
(-131,355,-29)
(-108,382,-16)
(-74,412,-16)
(-55,435,-21)
(-45,449,-35)
(-52,452,-48)
(-78,448,-50)
(-81,441,-47)
(-106,414,-42)
(-116,414,-42)
(-132,376,-44)
(-144,326,-36)
(-149,279,-21)
(-155,241,-43)
(-159,207,-59)
(-157,193,-63)
(-162,180,-90)
(-180,172,-116)
(-178,156,-160)
(-181,161,-163)
(-181,163,-207)
(-183,161,-221)
(-180,178,-244)
(-177,183,-271)
(-179,193,-297)
(-177,201,-305)
(-176,210,-314)
(-168,226,-324)
(-177,223,-335)
(-173,205,-335)
(-166,196,-330)
(-185,181,-309)
(-181,167,-269)
(-188,176,-238)
(-185,163,-231)
(-202,186,-198)
(-211,225,-163)
(-205,255,-121)
(-200,272,-112)
(-183,309,-85)
(-170,374,-78)
(-160,378,-78)
(-144,404,-82)
(-131,447,-103)
(-115,461,-115)
(-101,469,-123)
(-82,476,-136)
(-72,488,-156)
(-54,506,-192)
(-43,501,-207)
(-43,507,-215)
(-60,502,-238)
(-73,489,-233)
(-101,471,-255)
(-108,472,-256)
(-146,438,-268)
(-156,406,-268)
(-169,403,-279)
(-176,376,-284)
(-172,370,-282)
(-188,364,-278)
(-197,359,-267)
(-201,351,-257)
(-197,351,-255)
(-207,333,-239)
(-212,330,-224)
(-208,326,-192)
(-208,306,-146)
(-208,310,-134)
(-186,328,-90)
(-159,349,-53)
(-156,362,-44)
(-137,377,-37)
(-118,392,-28)
(-100,418,-26)
(-89,419,-31)
(-73,437,-39)
(-59,443,-45)
(-68,462,-68)
(-105,463,-127)
(-133,457,-169)
(-147,429,-209)
(-175,405,-231)
(-181,389,-251)
(-190,374,-258)
(-196,368,-248)
(-182,378,-226)
(-189,381,-203)
(-183,395,-169)
(-180,402,-136)
(-163,401,-127)
(-139,423,-105)
(-111,443,-97)
(-103,455,-97)
(-85,463,-105)
(-73,479,-125)
(-74,480,-126)
(-87,487,-159)
(-117,475,-189)
(-128,462,-194)
(-153,425,-229)
(-180,390,-258)
(-179,359,-291)
(-177,349,-307)
(-164,344,-336)
(-165,331,-343)
(-165,329,-347)
(-153,319,-357)
(-146,328,-362)
(-157,337,-361)
(-146,344,-366)
(-156,342,-366)
(-155,331,-349)
(-173,319,-353)
(-177,305,-341)
(-178,292,-330)
(-178,266,-342)
(-171,261,-335)
(-167,233,-345)
(-165,223,-331)
(-167,225,-331)
(-164,206,-334)
(-153,191,-333)
(-154,186,-328)
(-142,176,-330)
(-142,174,-330)
(-125,165,-325)
(-131,157,-321)
(-121,149,-325)
(-113,141,-327)
(-90,144,-332)
(-93,131,-335)
(-100,146,-336)
(-86,146,-344)
(-77,139,-353)
(-78,142,-356)
(-75,149,-359)
(-76,136,-354)
(-72,144,-354)
(-79,147,-355)
(-63,139,-351)
(-71,141,-355)
(-83,149,-369)
(-86,164,-362)
(-96,178,-376)
(-100,194,-388)
(-111,207,-393)
(-111,225,-387)
(-123,247,-399)
(-117,261,-399)
(-117,279,-395)
(-121,293,-397)
(-123,311,-411)
(-119,315,-409)
(-119,311,-405)
(-125,311,-403)
(-134,296,-400)
(-134,284,-406)
(-137,273,-397)
(-142,244,-388)
(-142,208,-382)
(-128,182,-374)
(-113,159,-357)
(-110,160,-350)
(-97,129,-343)
(-86,120,-328)
(-73,111,-315)
(-69,117,-301)
(-66,98,-292)
(-62,100,-284)
(-54,86,-268)
(-46,82,-242)
(-44,80,-216)
(-38,80,-188)
(-36,86,-168)
(-27,83,-149)
(-30,92,-134)
(-30,90,-116)
(-31,85,-111)
(-29,89,-107)
(-38,92,-114)
(-34,82,-126)
(-52,82,-140)
(-61,87,-143)
(-65,85,-165)
(-76,86,-182)
(-88,90,-200)
(-99,99,-221)
(-95,103,-249)
(-119,113,-269)
(-129,129,-297)
(-143,151,-309)
(-156,170,-318)
(-162,186,-332)
(-149,189,-327)
(-166,180,-332)
(-154,188,-334)
(-149,181,-325)
(-139,163,-307)
(-149,159,-297)
(-138,150,-286)
(-131,123,-273)
(-124,112,-256)
(-116,106,-236)
(-103,107,-219)
(-106,106,-210)
(-88,96,-180)
(-63,95,-163)
(-61,91,-139)
(-62,94,-116)
(-53,93,-115)
(-49,97,-95)
(-38,108,-84)
(-35,107,-65)
(-38,116,-60)
(-48,96,-62)
(-57,115,-79)
(-49,105,-75)
(-58,106,-100)
(-68,92,-112)
(-83,89,-133)
(-92,88,-152)
(-100,92,-156)
(-116,100,-190)
(-120,104,-188)
(-129,117,-207)
(-154,128,-240)
(-155,135,-251)
(-170,152,-272)
(-172,184,-302)
(-176,196,-316)
(-181,219,-335)
(-177,235,-337)
(-178,258,-344)
(-172,270,-358)
(-172,272,-350)
(-183,265,-355)
(-167,245,-357)
(-173,225,-341)
(-184,222,-342)
(-175,207,-319)
(-175,175,-299)
(-167,155,-291)
(-165,153,-269)
(-155,135,-259)
(-151,125,-251)
(-133,113,-227)
(-120,108,-200)
(-120,102,-196)
(-120,104,-190)
(-113,105,-169)
(-118,104,-168)
(-120,106,-182)
(-122,104,-204)
(-135,121,-227)
(-154,132,-250)
(-158,142,-270)
(-171,155,-291)
(-172,176,-312)
(-170,190,-324)
(-172,204,-336)
(-169,231,-355)
(-160,256,-368)
(-159,273,-373)
(-163,285,-373)
(-151,303,-381)
(-144,320,-384)
(-148,338,-384)
(-154,354,-378)
(-153,359,-367)
(-164,342,-376)
(-171,315,-359)
(-177,295,-355)
(-187,271,-339)
(-178,234,-330)
(-184,224,-318)
(-173,193,-311)
(-172,160,-296)
(-174,158,-266)
(-181,157,-255)
(-188,170,-214)
(-195,173,-139)
(-186,192,-114)
(-168,220,-66)
(-138,256,-6)
(-88,322,24)
(-49,385,15)
(-22,462,-58)
(-43,505,-147)
(-79,497,-247)
(-110,452,-302)
(-128,390,-328)
(-171,315,-339)
(-168,264,-332)
(-168,216,-318)
(-166,184,-302)
(-156,182,-290)
(-147,157,-289)
(-128,138,-282)
(-98,138,-298)
(-71,131,-325)
(-59,133,-337)
(-42,170,-330)
(-43,211,-351)
(-42,218,-350)
(-63,235,-357)
(-95,237,-357)
(-109,229,-391)
(-120,234,-390)
(-133,227,-381)
(-123,207,-367)
(-132,198,-368)
(-133,185,-343)
(-152,158,-318)
(-151,163,-309)
(-158,154,-290)
(-157,157,-275)
(-185,161,-223)
(-177,171,-205)
(-194,188,-180)
(-210,218,-172)
(-216,252,-180)
(-221,307,-223)
(-211,337,-261)
(-202,362,-288)
(-194,354,-304)
(-185,359,-325)
(-166,344,-342)
(-165,335,-353)
(-165,329,-361)
(-149,329,-377)
(-149,341,-377)
(-146,346,-382)
(-141,351,-381)
