(10,28,104)
(8,28,104)
(13,37,107)
(4,34,106)
(8,36,110)
(10,36,110)
(9,33,113)
(14,34,106)
(7,35,103)
(15,35,103)
(8,32,108)
(16,38,114)
(14,38,104)
(9,35,107)
(13,35,111)
(9,43,111)
(13,51,109)
(13,55,119)
(18,64,116)
(24,72,122)
(23,105,129)
(31,105,127)
(28,126,136)
(36,142,136)
(35,145,123)
(38,144,126)
(42,164,126)
(48,154,120)
(44,168,116)
(50,170,126)
(64,166,110)
(64,180,108)
(66,182,106)
(69,175,99)
(68,158,106)
(73,163,103)
(78,144,94)
(70,144,106)
(75,135,93)
(92,122,86)
(85,115,81)
(84,110,76)
(85,89,69)
(75,77,77)
(65,47,63)
(50,38,74)
(45,25,57)
(42,6,64)
(18,10,60)
(11,3,61)
(1,-3,65)
(10,-2,66)
(0,0,72)
(1,11,83)
(6,26,94)
(0,48,114)
(18,46,110)
(8,68,112)
(4,72,120)
(-3,83,129)
(2,98,130)
(-3,109,139)
(14,120,136)
(5,137,141)
(2,154,146)
(6,164,130)
(14,170,140)
(13,183,141)
(12,196,136)
(5,203,131)
(7,217,127)
(8,222,122)
(-1,229,125)
(1,243,117)
(6,260,108)
(-7,259,107)
(0,282,90)
(-5,273,89)
(-3,283,87)
(-15,293,83)
(-12,304,74)
(-16,322,66)
(-15,319,63)
(-21,335,51)
(-30,332,46)
(-27,337,33)
(-33,343,25)
(-34,344,12)
(-35,355,7)
(-32,356,0)
(-25,357,-5)
(-32,362,-10)
(-34,364,-18)
(-25,359,-29)
(-34,370,-32)
(-35,365,-39)
(-42,374,-48)
(-32,366,-64)
(-31,365,-61)
(-23,375,-73)
(-22,372,-84)
(-22,368,-98)
(-28,374,-98)
(-19,359,-107)
(-32,370,-114)
(-27,373,-113)
(-20,364,-124)
(-14,356,-130)
(-13,349,-145)
(1,357,-147)
(2,344,-152)
(5,351,-157)
(2,342,-162)
(-3,341,-165)
(1,335,-181)
(1,335,-177)
(2,330,-180)
(-3,333,-191)
(0,328,-188)
(4,330,-190)
(-1,327,-193)
(0,326,-194)
(9,313,-201)
(12,326,-200)
(3,327,-201)
(14,316,-212)
(15,311,-219)
(19,315,-219)
(20,312,-222)
(20,298,-224)
(18,298,-224)
(25,295,-223)
(28,290,-230)
(27,287,-227)
(34,282,-236)
(40,292,-240)
(41,277,-237)
(39,283,-235)
(40,278,-234)
(41,279,-239)
(39,273,-223)
(44,274,-234)
(47,275,-239)
(45,269,-229)
(48,276,-234)
(41,279,-241)
(37,273,-231)
(24,292,-224)
(25,287,-229)
(24,306,-222)
(26,300,-224)
(29,303,-221)
(28,314,-212)
(23,309,-209)
(22,322,-214)
(17,331,-197)
(16,330,-190)
(20,330,-176)
(5,351,-179)
(11,351,-159)
(3,351,-155)
(8,354,-142)
(3,365,-115)
(8,364,-100)
(6,362,-92)
(2,364,-68)
(11,363,-51)
(9,353,-41)
(8,354,-22)
(10,346,-10)
(3,333,13)
(10,328,22)
(19,329,33)
(20,308,48)
(23,301,57)
(28,278,68)
(24,278,74)
(35,265,81)
(41,251,99)
(38,238,108)
(48,214,100)
(48,198,112)
(37,179,109)
(45,167,115)
(49,169,109)
(54,136,102)
(53,127,115)
(56,108,98)
(65,95,97)
(51,81,99)
(56,70,82)
(48,48,76)
(49,33,73)
(46,20,50)
(44,10,44)
(39,5,31)
(34,-18,20)
(35,-21,17)
(30,-32,12)
(31,-33,3)
(25,-35,-17)
(25,-47,-23)
(32,-46,-34)
(19,-49,-49)
(21,-47,-65)
(19,-57,-77)
(24,-46,-84)
(28,-48,-104)
(27,-51,-113)
(37,-47,-123)
(34,-32,-138)
(40,-42,-146)
(33,-39,-163)
(43,-37,-171)
(41,-31,-175)
(40,-24,-190)
(49,-11,-197)
(40,-8,-212)
(53,-7,-211)
(45,-5,-221)
(49,5,-223)
(50,10,-232)
(52,16,-244)
(48,28,-254)
(51,41,-253)
(51,35,-251)
(55,33,-259)
(61,49,-257)
(50,48,-272)
(58,56,-270)
(52,56,-268)
(47,69,-281)
(53,75,-277)
(54,70,-276)
(47,85,-277)
(54,88,-284)
(52,94,-288)
(56,96,-284)
(58,104,-286)
(54,118,-288)
(58,120,-298)
(58,122,-298)
(57,121,-295)
(54,130,-306)
(53,135,-293)
(58,154,-296)
(55,141,-297)
(48,148,-292)
(56,142,-304)
(55,149,-301)
(56,156,-300)
(49,155,-303)
(53,153,-299)
(48,154,-302)
(54,168,-300)
(58,176,-308)
(52,174,-306)
(52,174,-302)
(42,172,-306)
(46,180,-300)
(39,177,-307)
(40,192,-308)
(37,191,-309)
(31,187,-315)
(36,192,-302)
(38,202,-308)
(35,193,-311)
(41,203,-307)
(33,209,-301)
(32,210,-300)
(31,211,-303)
(36,216,-304)
(27,223,-307)
(31,217,-307)
(25,217,-303)
(32,220,-302)
(27,235,-307)
(24,222,-300)
(20,226,-310)
(24,230,-308)
(29,227,-305)
(22,234,-310)
(25,233,-311)
(24,236,-312)
(23,233,-315)
(24,234,-310)
(22,236,-314)
(18,236,-314)
(20,226,-306)
(26,238,-308)
(26,238,-312)
(23,241,-307)
(17,251,-313)
(21,243,-303)
(17,249,-301)
(16,246,-306)
(19,237,-313)
(26,236,-310)
(24,236,-314)
(23,239,-313)
(23,223,-311)
(19,221,-315)
(14,210,-316)
(18,202,-324)
(16,196,-326)
(22,190,-320)
(15,185,-321)
(11,175,-317)
(15,171,-321)
(16,164,-324)
(16,160,-326)
(27,151,-321)
(22,158,-330)
(19,149,-317)
(16,144,-322)
(23,131,-319)
(25,129,-315)
(31,121,-321)
(23,117,-319)
(26,112,-310)
(33,107,-315)
(30,110,-306)
(28,96,-310)
(35,95,-299)
(38,94,-306)
(32,84,-306)
(32,82,-304)
(36,78,-300)
(38,72,-292)
(38,62,-292)
(40,54,-278)
(41,59,-281)
(44,42,-270)
(45,39,-261)
(50,36,-260)
(51,27,-257)
(51,19,-253)
(52,20,-244)
(54,22,-242)
(51,23,-235)
(56,10,-232)
(64,4,-228)
(54,0,-222)
(55,-1,-217)
(52,0,-220)
(57,-7,-205)
(63,-11,-203)
(65,-9,-199)
(72,-14,-192)
(58,-12,-188)
(64,-22,-184)
(58,-24,-170)
(63,-25,-169)
(57,-29,-163)
(65,-27,-151)
(59,-35,-153)
(63,-25,-145)
(68,-42,-136)
(60,-34,-130)
(72,-36,-112)
(63,-41,-109)
(65,-33,-101)
(79,-37,-99)
(65,-29,-93)
(74,-36,-78)
(76,-28,-64)
(76,-24,-52)
(60,-22,-34)
(66,-30,-20)
(65,-13,-17)
(63,-21,1)
(60,-18,-2)
(60,-14,12)
(54,-6,30)
(55,-1,29)
(63,13,39)
(48,22,62)
(51,31,61)
(44,46,76)
(49,53,83)
(48,56,94)
(46,80,108)
(34,92,106)
(30,106,120)
(31,113,125)
(33,127,121)
(20,130,128)
(31,157,133)
(19,171,125)
(29,183,125)
(15,191,121)
(9,211,123)
(7,223,115)
(0,232,120)
(1,249,117)
(-5,257,103)
(-13,277,89)
(-15,289,79)
(-19,307,81)
(-25,317,69)
(-33,323,53)
(-39,337,41)
(-42,340,12)
(-42,350,2)
(-52,344,-4)
(-56,360,-20)
(-51,373,-33)
(-63,367,-41)
(-55,365,-57)
(-63,379,-67)
(-51,371,-91)
(-55,369,-111)
(-54,368,-128)
(-63,371,-135)
(-57,361,-153)
(-54,362,-154)
(-59,359,-171)
(-55,347,-181)
(-51,345,-195)
(-49,335,-203)
(-59,331,-217)
(-46,322,-220)
(-49,313,-229)
(-46,312,-226)
(-41,315,-235)
(-37,301,-239)
(-32,292,-240)
(-33,303,-243)
(-23,287,-249)
(-19,283,-243)
(-13,283,-247)
(-12,286,-244)
(-17,283,-237)
(-15,283,-245)
(-17,287,-245)
(-23,287,-233)
(-26,296,-236)
(-26,300,-218)
(-19,305,-217)
(-14,314,-214)
(-15,319,-203)
(-11,327,-205)
(-9,333,-199)
(-18,334,-186)
(-15,345,-177)
(-6,352,-160)
(-6,350,-148)
(2,356,-148)
(7,355,-129)
(2,358,-126)
(16,350,-122)
(18,354,-108)
(19,363,-91)
(25,361,-67)
(19,363,-55)
(23,357,-31)
(30,338,-10)
(32,332,22)
(39,321,33)
(35,311,45)
(37,287,69)
(38,274,92)
(40,258,96)
(43,247,99)
(33,221,105)
(39,199,123)
(46,182,122)
(42,174,118)
(46,134,126)
(43,127,119)
(49,93,119)
(40,86,104)
(50,72,100)
(52,58,86)
(51,39,77)
(46,20,62)
(43,5,51)
(46,-4,54)
(50,-12,38)
(45,-19,33)
(49,-17,17)
(40,-24,6)
(42,-32,-8)
(40,-38,-28)
(31,-43,-55)
(16,-44,-72)
(29,-57,-75)
(19,-61,-93)
(27,-65,-97)
(11,-59,-115)
(14,-60,-114)
(22,-58,-122)
(22,-56,-134)
(22,-56,-144)
(26,-52,-150)
(25,-43,-171)
(23,-45,-179)
(23,-29,-195)
(30,-32,-194)
(24,-6,-214)
(25,-7,-221)
(19,5,-231)
(24,4,-246)
(14,20,-258)
(23,17,-257)
(2,18,-264)
(6,12,-252)
(17,15,-251)
(10,2,-242)
(7,-7,-233)
(1,-27,-209)
(12,-24,-208)
(7,-51,-187)
(-4,-60,-160)
(-7,-63,-159)
(-3,-67,-129)
(-14,-74,-108)
(-30,-70,-60)
(-35,-69,-47)
(-33,-63,-33)
(-42,-68,-24)
(-39,-65,-13)
(-37,-53,15)
(-43,-41,23)
(-31,-35,47)
(-32,-28,44)
(-34,-34,44)
(-33,-19,51)
(-38,-22,66)
(-39,-11,73)
(-44,6,84)
(-38,4,102)
(-33,27,113)
(-45,33,111)
(-39,39,113)
(-40,60,122)
(-46,66,130)
(-47,77,133)
(-44,70,132)
(-38,82,148)
(-46,110,144)
(-45,115,147)
(-38,130,146)
(-46,138,148)
(-44,170,150)
(-51,193,145)
(-56,212,148)
(-57,221,139)
(-52,224,130)
(-72,242,130)
(-66,248,126)
(-69,261,113)
(-60,284,102)
(-63,293,81)
(-67,299,77)
(-69,309,65)
(-59,309,71)
(-68,314,48)
(-59,315,47)
(-65,325,53)
(-64,334,36)
(-59,333,39)
(-60,330,30)
(-64,330,16)
(-66,346,8)
(-72,346,4)
(-61,339,3)
(-71,339,5)
(-58,352,-2)
(-60,348,-6)
(-58,348,-12)
(-55,355,-11)
(-54,352,-4)
(-57,351,-23)
(-58,344,-26)
(-44,360,-26)
(-43,349,-35)
(-44,358,-40)
(-40,354,-48)
(-49,353,-59)
(-42,356,-62)
(-32,354,-76)
(-34,356,-82)
(-41,349,-93)
(-35,349,-99)
(-32,348,-100)
(-35,347,-105)
(-40,362,-114)
(-39,349,-115)
(-37,347,-119)
(-50,346,-134)
(-49,339,-139)
(-43,341,-149)
(-38,342,-156)
(-42,338,-150)
(-42,340,-162)
(-27,341,-171)
(-39,339,-167)
(-34,338,-168)
(-50,336,-176)
(-43,337,-177)
(-49,325,-171)
(-41,325,-179)
(-39,325,-181)
(-39,335,-193)
(-38,318,-186)
(-45,335,-189)
(-37,321,-199)
(-39,321,-213)
(-53,317,-205)
(-49,325,-197)
(-53,331,-191)
(-43,335,-175)
(-41,327,-159)
(-42,348,-144)
(-32,344,-122)
(-29,345,-125)
(-36,344,-112)
(-23,341,-95)
(-29,349,-71)
(-36,348,-68)
(-26,346,-44)
(-35,337,-25)
(-31,339,-17)
(-35,331,3)
(-46,316,18)
(-60,308,36)
(-50,296,52)
(-56,300,64)
(-59,289,69)
(-65,275,91)
(-80,252,100)
(-89,249,105)
(-99,239,111)
(-104,234,114)
(-113,211,111)
(-117,197,105)
(-136,184,112)
(-145,179,117)
(-149,161,117)
(-154,146,108)
(-175,135,97)
(-182,112,98)
(-193,79,79)
(-182,60,80)
(-186,32,60)
(-185,25,55)
(-191,15,53)
(-185,1,35)
(-182,-4,30)
(-183,-1,35)
(-178,-18,22)
(-172,-18,24)
(-164,-26,16)
(-172,-12,18)
(-182,-20,16)
(-184,-20,18)
(-173,-17,27)
(-181,-11,21)
(-185,-21,21)
(-178,-16,30)
(-190,-14,30)
(-183,-11,39)
(-184,-12,34)
(-184,0,40)
(-173,-7,41)
(-185,-3,41)
(-178,4,50)
(-182,6,52)
(-181,5,53)
(-176,-2,48)
(-180,2,44)
(-186,2,44)
(-181,3,35)
(-183,-5,31)
(-190,8,30)
(-193,1,31)
(-185,3,35)
(-191,11,39)
(-203,13,39)
(-189,17,43)
(-197,31,39)
(-198,30,56)
(-197,35,53)
(-194,50,52)
(-204,52,62)
(-206,68,62)
(-196,94,72)
(-202,92,76)
(-194,108,90)
(-196,124,92)
(-198,138,88)
(-192,154,90)
(-185,163,79)
(-191,179,79)
(-191,203,83)
(-185,215,63)
(-189,229,67)
(-192,232,56)
(-186,242,58)
(-192,246,50)
(-190,248,38)
(-192,262,32)
(-203,271,3)
(-200,274,-10)
(-202,282,-16)
(-206,286,-12)
(-208,288,-30)
(-199,295,-41)
(-198,298,-42)
(-197,291,-61)
(-193,301,-59)
(-204,294,-80)
(-196,300,-84)
(-197,295,-75)
(-199,293,-99)
(-197,295,-99)
(-202,294,-108)
(-208,280,-110)
(-217,275,-123)
(-211,277,-131)
(-214,268,-132)
(-221,265,-141)
(-216,256,-142)
(-224,258,-144)
(-216,250,-146)
(-218,244,-154)
(-225,231,-159)
(-220,234,-172)
(-220,222,-172)
(-216,218,-174)
(-221,219,-175)
(-216,214,-182)
(-222,210,-180)
(-223,207,-179)
(-216,198,-188)
(-219,199,-183)
(-222,182,-176)
(-228,190,-190)
(-226,172,-200)
(-224,168,-194)
(-227,165,-203)
(-220,154,-210)
(-230,154,-204)
(-230,148,-204)
(-226,144,-192)
(-223,135,-205)
(-232,126,-200)
(-223,123,-199)
(-226,114,-202)
(-217,111,-189)
(-223,109,-193)
(-220,92,-194)
(-219,85,-201)
(-224,86,-196)
(-215,75,-203)
(-215,65,-197)
(-216,64,-202)
(-216,58,-200)
(-217,53,-197)
(-211,51,-199)
(-209,49,-195)
(-206,52,-196)
(-212,46,-200)
(-203,35,-191)
(-198,38,-190)
(-200,34,-184)
(-208,30,-192)
(-197,31,-189)
(-201,35,-185)
(-195,33,-191)
(-207,41,-199)
(-197,47,-205)
(-202,46,-206)
(-209,55,-201)
(-202,56,-206)
(-204,62,-206)
(-200,62,-222)
(-206,76,-218)
(-207,95,-219)
(-221,119,-221)
(-210,124,-222)
(-211,145,-223)
(-209,159,-217)
(-217,179,-217)
(-214,198,-200)
(-203,201,-203)
(-210,218,-200)
(-213,229,-185)
(-207,237,-177)
(-214,242,-182)
(-212,252,-164)
(-204,258,-158)
(-202,272,-148)
(-199,287,-131)
(-187,293,-101)
(-184,294,-72)
(-180,300,-70)
(-188,292,-58)
(-184,302,-32)
(-181,291,-5)
(-175,283,19)
(-175,267,33)
(-178,246,52)
(-193,229,61)
(-196,214,68)
(-206,192,66)
(-213,175,63)
(-206,152,62)
(-227,131,69)
(-218,114,66)
(-218,88,52)
(-215,67,43)
(-215,61,47)
(-215,47,37)
(-221,45,35)
(-209,33,35)
(-221,21,21)
(-205,13,9)
(-203,5,3)
(-203,-1,5)
(-199,1,5)
(-199,9,11)
(-205,23,21)
(-212,18,22)
(-211,25,39)
(-221,47,41)
(-229,69,37)
(-240,98,34)
(-236,124,22)
(-238,150,36)
(-238,164,26)
(-236,166,40)
(-226,174,26)
(-237,203,19)
(-230,216,8)
(-227,247,-5)
(-230,252,-8)
(-219,269,-17)
(-223,275,-51)
(-216,288,-66)
(-212,288,-72)
(-209,293,-95)
(-199,283,-117)
(-209,279,-159)
(-192,268,-186)
(-192,250,-214)
(-184,240,-234)
(-177,225,-249)
(-162,210,-270)
(-154,210,-272)
(-147,199,-287)
(-142,178,-292)
(-129,165,-293)
(-121,159,-303)
(-118,150,-300)
(-115,141,-305)
(-109,113,-305)
(-92,100,-304)
(-93,99,-297)
(-91,81,-299)
(-78,72,-290)
(-88,52,-294)
(-82,34,-280)
(-69,19,-271)
(-68,0,-260)
(-63,-21,-251)
(-62,-32,-224)
(-57,-51,-205)
(-56,-66,-184)
(-60,-60,-174)
(-62,-70,-154)
(-76,-82,-128)
(-76,-90,-110)
(-82,-86,-94)
(-80,-90,-68)
(-90,-76,-38)
(-99,-79,-11)
(-100,-72,24)
(-106,-56,24)
(-103,-49,45)
(-119,-31,59)
(-121,-17,87)
(-117,1,97)
(-119,13,103)
(-142,34,114)
(-137,45,117)
(-140,50,118)
(-147,63,121)
(-153,67,123)
(-152,70,118)
(-156,62,116)
(-144,62,110)
(-152,54,116)
(-160,52,106)
(-168,38,106)
(-175,39,101)
(-164,40,98)
(-177,41,103)
(-180,46,94)
(-188,54,90)
(-190,58,92)
(-195,59,95)
(-180,64,98)
(-189,73,113)
(-173,73,111)
(-177,67,125)
(-168,68,122)
(-152,54,130)
(-142,26,112)
(-139,13,99)
(-143,3,89)
(-151,15,87)
(-161,45,99)
(-177,75,113)
(-184,120,118)
(-178,158,114)
(-186,178,114)
(-189,191,105)
(-192,200,98)
(-198,166,100)
(-192,138,112)
(-172,86,122)
(-167,59,115)
(-162,34,122)
(-155,27,107)
(-155,39,113)
(-165,55,113)
(-164,80,118)
(-176,116,122)
(-172,162,118)
(-172,192,106)
(-180,224,88)
(-178,240,86)
(-180,234,72)
(-174,208,96)
(-176,172,114)
(-156,130,130)
(-148,96,128)
(-150,80,124)
(-153,79,127)
(-155,91,131)
(-156,108,132)
(-143,143,135)
(-135,187,135)
(-135,221,121)
(-139,251,109)
(-136,258,102)
(-138,260,96)
(-136,238,108)
(-144,218,122)
(-139,171,133)
(-135,167,141)
(-133,151,139)
(-130,152,138)
(-123,155,143)
(-126,186,138)
(-96,220,132)
(-91,239,117)
(-89,269,101)
(-89,283,79)
(-93,301,71)
(-98,302,68)
(-98,298,72)
(-117,283,81)
(-114,264,100)
(-128,244,114)
(-124,230,120)
(-123,207,129)
(-107,199,133)
(-102,214,132)
(-84,242,128)
(-67,233,131)
(-60,256,118)
(-59,277,105)
(-51,299,83)
(-58,316,54)
(-67,321,35)
(-80,338,24)
(-98,324,30)
(-108,314,66)
(-106,278,86)
(-98,258,112)
(-86,234,130)
(-56,222,134)
(-42,222,140)
(-31,223,141)
(-8,228,124)
(1,247,119)
(10,260,98)
(19,277,85)
(15,295,61)
(11,313,43)
(-8,324,34)
(-35,333,37)
(-49,331,35)
(-80,314,68)
(-78,288,80)
(-66,278,110)
(-53,253,111)
(-29,245,127)
(-5,243,121)
(10,246,112)
(21,257,89)
(33,271,75)
(36,284,62)
(35,297,43)
(21,309,25)
(9,329,11)
(-14,336,-4)
(-38,330,6)
(-59,329,27)
(-68,310,54)
(-82,302,76)
(-74,274,104)
(-47,249,119)
(-23,229,127)
(5,221,123)
(18,226,126)
(40,232,102)
(47,245,87)
(45,269,71)
(48,284,42)
(45,315,23)
(30,328,-8)
(6,348,-30)
(-18,360,-36)
(-49,367,-29)
(-82,354,-4)
(-93,333,27)
(-108,304,62)
(-100,288,84)
(-78,268,102)
(-50,256,124)
(-26,234,138)
(0,224,130)
(18,222,124)
(49,223,111)
(63,221,101)
(80,226,78)
(78,250,70)
(73,255,55)
(68,284,50)
(62,294,44)
(55,285,47)
(69,273,69)
(70,254,78)
(74,236,82)
(83,219,81)
(81,201,87)
(89,181,93)
(93,169,93)
(91,177,89)
(82,192,88)
(89,217,65)
(89,255,53)
(91,283,25)
(70,314,-6)
(60,328,-22)
(42,350,-34)
(12,348,-26)
(-17,353,-7)
(-30,342,18)
(-23,341,25)
(-33,349,29)
(-45,349,27)
(-68,346,20)
(-53,355,13)
(-17,361,-5)
(2,364,-32)
(8,362,-46)
(23,361,-71)
(26,356,-92)
(29,357,-115)
(34,350,-126)
(39,341,-155)
(29,335,-169)
(41,325,-175)
(56,320,-188)
(55,307,-191)
(62,308,-200)
(72,298,-210)
(55,291,-221)
(56,288,-234)
(55,277,-227)
(55,279,-239)
(44,272,-248)
(46,266,-256)
(45,261,-255)
(55,273,-255)
(60,260,-254)
(49,255,-255)
(56,258,-248)
(60,254,-260)
(53,241,-265)
(50,246,-262)
(56,246,-268)
(46,242,-272)
(39,231,-277)
(45,233,-277)
(49,223,-279)
(52,230,-276)
(47,239,-275)
(51,245,-275)
(49,245,-275)
(59,247,-259)
(63,259,-257)
(68,270,-240)
(68,276,-234)
(76,282,-220)
(73,287,-205)
(90,294,-204)
(85,291,-187)
(95,299,-169)
(102,296,-162)
(98,302,-148)
(94,302,-140)
(97,315,-131)
(94,316,-118)
(87,317,-103)
(89,327,-73)
(77,325,-47)
(80,324,-26)
(64,314,-4)
(63,305,19)
(71,291,35)
(66,276,56)
(62,250,86)
(52,236,102)
(50,206,110)
(42,190,122)
(37,159,129)
(29,147,129)
(29,113,127)
(27,89,119)
(23,63,107)
(26,40,92)
(18,10,70)
(17,-13,49)
(8,-28,36)
(6,-40,12)
(0,-48,-20)
(1,-53,-51)
(2,-60,-72)
(21,-59,-101)
(20,-54,-120)
(33,-47,-143)
(41,-33,-157)
(46,-34,-176)
(53,-13,-191)
(49,-19,-213)
(62,2,-220)
(59,15,-233)
(66,36,-236)
(65,35,-255)
(61,43,-255)
(67,53,-257)
(65,63,-275)
(60,78,-276)
(61,87,-279)
(58,102,-292)
(44,112,-294)
(37,119,-297)
(42,126,-302)
(32,142,-306)
(31,137,-305)
(27,123,-305)
(30,112,-310)
(31,91,-297)
(32,64,-288)
(26,42,-282)
(19,23,-279)
(23,9,-261)
(19,-17,-241)
(15,-25,-211)
(11,-49,-187)
(9,-67,-147)
(17,-61,-117)
(24,-54,-110)
(39,-41,-137)
(50,-36,-166)
(44,-20,-208)
(23,-15,-231)
(1,-23,-227)
(-13,-35,-209)
(-24,-66,-168)
(-40,-78,-136)
(-41,-79,-97)
(-23,-71,-71)
(-7,-63,-67)
(15,-61,-49)
(34,-56,-74)
(35,-51,-117)
(31,-57,-145)
(13,-49,-165)
(-12,-52,-166)
(-33,-71,-151)
(-68,-72,-124)
(-70,-72,-96)
(-48,-74,-62)
(-12,-60,-74)
(25,-61,-103)
(46,-48,-154)
(58,-28,-190)
(66,0,-220)
(53,17,-245)
(52,30,-264)
(42,58,-278)
(24,56,-290)
(4,52,-296)
(-7,43,-293)
(-15,37,-287)
(-16,24,-286)
(-11,-5,-259)
(0,-22,-250)
(10,-12,-242)
(12,10,-256)
(16,12,-270)
(10,18,-274)
(0,26,-272)
(0,4,-264)
(-17,-21,-235)
(-12,-32,-222)
(0,-42,-212)
(2,-42,-212)
(12,-28,-220)
(13,-7,-229)
(14,-20,-248)
(2,-18,-246)
(-9,-37,-227)
(-19,-59,-203)
(-17,-63,-177)
(-9,-65,-147)
(1,-67,-127)
(8,-68,-100)
(17,-71,-75)
(25,-61,-61)
(14,-62,-58)
(1,-59,-35)
(0,-58,-10)
(2,-46,14)
(5,-27,43)
(2,-14,68)
(-7,-9,69)
(-7,-7,61)
(-10,-4,78)
(-18,2,88)
(-26,42,114)
(-19,81,131)
(-23,119,141)
(-26,158,146)
(-28,184,142)
(-29,193,143)
(-41,173,143)
(-41,149,149)
(-28,144,146)
(-9,149,145)
(1,181,133)
(8,210,122)
(21,239,105)
(33,269,89)
(17,305,63)
(4,332,36)
(-25,353,21)
(-46,350,24)
(-59,341,33)
(-66,312,76)
(-64,276,100)
(-51,243,123)
(-30,232,126)
(-16,236,126)
(-3,255,109)
(5,277,101)
(20,302,74)
(30,322,48)
(43,343,5)
(24,352,-28)
(15,359,-57)
(0,368,-84)
(-14,360,-96)
(-42,370,-98)
(-63,373,-85)
(-89,367,-45)
(-93,365,-13)
(-90,346,16)
(-76,330,40)
(-46,320,58)
(-18,320,58)
(19,303,55)
(43,303,43)
(66,308,20)
(81,301,5)
(91,299,-17)
(112,302,-32)
(112,296,-44)
(102,308,-82)
(95,321,-91)
(73,335,-119)
(43,349,-133)
(16,360,-138)
(-25,353,-135)
(-52,368,-118)
(-81,367,-79)
(-92,368,-40)
(-110,346,-10)
(-97,339,25)
(-81,329,47)
(-54,322,56)
(-22,310,62)
(3,309,55)
(32,316,34)
(58,314,22)
(65,313,-9)
(93,307,-37)
(101,303,-55)
(118,292,-72)
(109,291,-79)
(103,303,-97)
(97,305,-119)
(87,319,-127)
(79,319,-137)
(67,323,-143)
(47,333,-159)
(26,340,-174)
(2,330,-172)
(-29,347,-169)
(-60,346,-154)
(-83,351,-141)
(-112,356,-110)
(-138,354,-92)
(-150,340,-52)
(-155,325,-15)
(-149,315,13)
(-154,326,18)
(-130,314,32)
(-84,324,54)
(-35,325,59)
(-6,328,48)
(31,323,25)
(55,323,3)
(87,305,-15)
(111,297,-39)
(125,283,-55)
(128,280,-70)
(127,279,-89)
(127,287,-91)
(118,292,-100)
(96,302,-108)
(89,319,-133)
(62,328,-144)
(30,338,-152)
(6,350,-144)
(-44,358,-130)
(-66,358,-118)
(-82,358,-96)
(-99,359,-61)
(-109,345,-33)
(-101,341,-1)
(-70,342,28)
(-54,324,54)
(-18,322,46)
(11,317,47)
(39,307,41)
(64,314,26)
(77,291,11)
(85,307,-9)
(89,309,-19)
(79,313,-45)
(67,329,-55)
(48,336,-72)
(13,361,-79)
(-23,359,-81)
(-53,363,-55)
(-63,363,-47)
(-85,357,-15)
(-84,334,24)
(-97,323,47)
(-94,308,66)
(-103,291,79)
(-102,284,98)
(-88,276,108)
(-63,257,115)
(-35,251,115)
(-8,248,124)
(11,257,107)
(23,269,97)
(31,281,71)
(24,306,50)
(25,323,27)
(14,344,-14)
(-14,352,-34)
(-27,365,-61)
(-60,360,-44)
(-82,366,-46)
(-103,345,-17)
(-113,335,3)
(-128,330,14)
(-153,319,19)
(-139,321,23)
(-109,339,17)
(-66,360,-4)
(-35,367,-35)
(-20,366,-56)
(-18,366,-64)
(-27,355,-77)
(-55,361,-97)
(-89,353,-111)
(-116,344,-88)
(-126,346,-52)
(-133,333,-15)
(-129,327,35)
(-134,298,70)
(-110,268,108)
(-117,243,123)
(-97,189,155)
(-85,151,157)
(-81,125,151)
(-75,85,153)
(-63,69,147)
(-59,35,129)
(-51,23,123)
(-46,14,110)
(-47,1,95)
(-34,-18,80)
(-26,-34,60)
(-19,-49,29)
(-11,-59,5)
(-27,-71,-25)
(-23,-77,-47)
(-10,-74,-82)
(2,-68,-94)
(7,-67,-113)
(16,-62,-134)
(11,-55,-155)
(14,-60,-168)
(15,-51,-181)
(30,-42,-208)
(34,-20,-204)
(49,-7,-221)
(48,0,-230)
(64,18,-246)
(61,33,-257)
(55,51,-265)
(65,71,-277)
(58,68,-280)
(59,97,-289)
(55,109,-291)
(55,119,-293)
(52,140,-292)
(49,147,-297)
(46,148,-312)
(43,159,-301)
(26,162,-306)
(20,168,-316)
(15,159,-323)
(11,161,-311)
(21,143,-319)
(17,145,-321)
(31,131,-313)
(36,116,-310)
(48,118,-316)
(49,117,-301)
(59,123,-303)
(58,130,-300)
(64,132,-300)
(71,143,-305)
(64,148,-302)
(52,148,-300)
(37,153,-315)
(13,137,-315)
(22,128,-314)
(18,126,-310)
(19,107,-315)
(26,94,-306)
(29,63,-291)
(44,42,-272)
(46,22,-250)
(63,9,-235)
(76,22,-226)
(80,20,-236)
(75,37,-237)
(76,28,-250)
(52,2,-232)
(54,-18,-212)
(37,-35,-203)
(22,-58,-170)
(17,-63,-159)
(24,-56,-132)
(33,-53,-127)
(52,-52,-140)
(58,-46,-154)
(50,-38,-178)
(35,-45,-171)
(13,-57,-169)
(-10,-70,-158)
(-14,-80,-126)
(-36,-78,-102)
(-28,-74,-90)
(-10,-74,-78)
(14,-68,-104)
(29,-61,-117)
(47,-49,-149)
(54,-40,-174)
(57,-27,-197)
(45,-11,-213)
(40,-18,-216)
(42,-24,-208)
(30,-30,-198)
(41,-45,-199)
(21,-43,-181)
(31,-31,-195)
(41,-5,-227)
(41,23,-259)
(46,30,-262)
(40,28,-260)
(26,24,-258)
(14,-10,-244)
(8,-10,-230)
(18,-16,-224)
(26,-8,-236)
(47,11,-247)
(48,24,-260)
(44,44,-274)
(38,68,-286)
(30,76,-290)
(24,78,-296)
(17,69,-289)
(35,73,-293)
(28,76,-296)
(35,93,-291)
(37,93,-293)
(55,105,-291)
(64,110,-278)
(90,124,-266)
(98,106,-254)
(88,86,-256)
(77,75,-263)
(78,66,-254)
(89,63,-249)
(109,65,-223)
(123,65,-207)
(127,81,-205)
(121,67,-195)
(122,56,-190)
(112,36,-188)
(112,32,-180)
(119,49,-177)
(119,53,-187)
(123,65,-197)
(113,69,-203)
(107,71,-229)
(99,65,-229)
(90,56,-220)
(108,62,-212)
(116,70,-196)
(127,75,-177)
(137,91,-179)
(138,94,-192)
(132,94,-204)
(128,82,-206)
(120,86,-204)
(135,81,-189)
(143,93,-161)
(148,108,-160)
(144,106,-154)
(140,92,-168)
(138,86,-184)
(126,80,-202)
(121,67,-205)
(114,62,-216)
(114,56,-204)
(123,43,-187)
(125,65,-185)
(125,69,-193)
(121,73,-201)
(108,68,-232)
(88,68,-244)
(65,61,-257)
(48,58,-266)
(38,60,-276)
(7,47,-275)
(7,35,-281)
(25,49,-267)
(46,44,-266)
(60,46,-254)
(67,63,-251)
(76,66,-250)
(51,59,-261)
(43,51,-263)
(35,35,-259)
(45,13,-241)
(64,24,-228)
(75,31,-219)
(87,45,-213)
(99,59,-223)
(98,72,-208)
(112,74,-210)
(115,77,-201)
(127,83,-201)
(128,94,-198)
(143,105,-185)
(149,115,-157)
(156,110,-146)
(167,129,-121)
(163,143,-111)
(165,155,-77)
(165,147,-57)
(155,139,-37)
(159,145,-17)
(147,153,9)
(134,164,48)
(113,171,71)
(77,173,99)
(52,172,122)
(22,162,140)
(-11,153,153)
(-45,147,157)
(-82,150,154)
(-120,148,146)
(-170,152,124)
(-201,149,105)
(-233,173,63)
(-248,178,30)
(-261,189,-3)
(-257,211,-15)
(-262,214,-46)
(-252,234,-64)
(-264,246,-84)
(-254,252,-104)
(-239,271,-123)
(-221,275,-153)
(-228,266,-154)
(-214,272,-166)
(-199,291,-179)
(-171,305,-197)
(-157,311,-213)
(-147,307,-227)
(-145,299,-225)
(-161,297,-221)
(-168,300,-210)
(-169,317,-193)
(-140,324,-196)
(-117,331,-207)
(-97,339,-221)
(-85,333,-235)
(-98,308,-250)
(-132,308,-250)
(-159,287,-243)
(-166,284,-224)
(-167,301,-221)
(-147,317,-209)
(-119,329,-215)
(-106,332,-220)
(-85,323,-237)
(-81,305,-269)
(-91,285,-269)
(-107,263,-287)
(-123,251,-285)
(-149,235,-279)
(-173,229,-263)
(-189,227,-243)
(-206,250,-220)
(-212,276,-190)
(-201,301,-161)
(-197,313,-157)
(-173,323,-153)
(-165,325,-169)
(-147,323,-173)
(-154,306,-194)
(-164,306,-202)
(-176,306,-208)
(-192,298,-196)
(-196,280,-184)
(-215,269,-165)
(-232,272,-150)
(-228,278,-132)
(-221,291,-109)
(-212,290,-100)
(-194,320,-100)
(-182,336,-116)
(-153,333,-125)
(-158,330,-152)
(-158,326,-164)
(-169,323,-159)
(-167,323,-145)
(-179,329,-135)
(-169,327,-123)
(-179,325,-113)
(-181,325,-99)
(-165,335,-97)
(-160,350,-108)
(-145,343,-119)
(-154,342,-140)
(-168,330,-142)
(-179,321,-117)
(-201,309,-79)
(-197,297,-37)
(-200,294,-18)
(-213,291,-1)
(-203,289,11)
(-185,301,5)
(-173,325,-9)
(-162,334,-24)
(-153,337,-35)
(-153,341,-53)
(-158,336,-44)
(-170,326,-34)
(-175,313,-7)
(-191,297,21)
(-190,278,34)
(-190,268,52)
(-180,260,56)
(-188,254,66)
(-173,265,75)
(-163,269,73)
(-146,280,68)
(-143,297,55)
(-140,302,42)
(-145,311,35)
(-155,313,15)
(-151,315,15)
(-175,295,27)
(-180,294,38)
(-186,276,40)
(-191,257,59)
(-187,235,71)
(-189,215,83)
(-187,203,91)
(-175,191,105)
(-174,186,106)
(-170,196,110)
(-161,195,115)
(-157,213,107)
(-140,234,102)
(-121,251,107)
(-131,253,99)
(-126,274,84)
(-133,281,83)
(-128,292,72)
(-145,293,55)
(-154,288,58)
(-158,282,54)
(-170,264,72)
(-172,242,86)
(-168,228,96)
(-150,204,124)
(-142,186,128)
(-139,193,131)
(-141,193,119)
(-123,205,127)
(-126,208,120)
(-121,229,119)
(-113,239,115)
(-121,257,103)
(-122,268,80)
(-134,284,78)
(-144,274,76)
(-150,260,92)
(-155,239,93)
(-156,192,110)
(-147,153,131)
(-143,117,125)
(-132,106,126)
(-143,115,125)
(-147,131,131)
(-149,159,121)
(-135,181,125)
(-144,216,122)
(-137,239,101)
(-120,264,84)
(-122,304,62)
(-118,316,38)
(-121,323,27)
(-151,335,1)
(-160,322,-32)
(-183,317,-31)
(-197,313,-53)
(-204,304,-70)
(-209,299,-89)
(-212,290,-96)
(-212,288,-116)
(-210,280,-124)
(-213,275,-155)
(-197,269,-175)
(-198,256,-190)
(-185,237,-203)
(-177,223,-217)
(-162,212,-238)
(-149,205,-247)
(-145,199,-265)
(-138,200,-268)
(-129,203,-275)
(-125,203,-279)
(-127,197,-279)
(-122,198,-280)
(-128,194,-280)
(-127,195,-277)
(-131,203,-269)
(-134,216,-260)
(-130,232,-266)
(-142,240,-254)
(-122,264,-238)
(-127,265,-245)
(-97,253,-269)
(-94,242,-282)
(-96,230,-282)
(-118,226,-274)
(-138,212,-264)
(-143,229,-253)
(-152,240,-242)
(-144,260,-216)
(-134,284,-220)
(-120,300,-230)
(-111,289,-239)
(-96,280,-246)
(-85,263,-267)
(-83,255,-279)
(-73,243,-279)
(-77,227,-287)
(-98,214,-280)
(-113,209,-269)
(-121,203,-273)
(-128,212,-254)
(-127,227,-255)
(-123,259,-245)
(-107,263,-241)
(-98,268,-242)
(-84,272,-246)
(-89,271,-257)
(-69,251,-261)
(-67,235,-281)
(-73,213,-283)
(-64,200,-288)
(-82,182,-280)
(-90,172,-290)
(-104,172,-278)
(-109,181,-275)
(-101,197,-267)
(-110,200,-266)
(-97,201,-273)
(-88,210,-274)
(-91,201,-269)
(-77,201,-287)
(-83,181,-281)
(-72,166,-278)
(-86,136,-282)
(-92,138,-282)
(-94,122,-276)
(-100,138,-268)
(-106,152,-266)
(-112,188,-258)
(-120,220,-244)
(-112,230,-246)
(-107,231,-235)
(-104,240,-242)
(-99,233,-243)
(-91,225,-263)
(-83,207,-273)
(-82,184,-278)
(-89,161,-277)
(-92,148,-264)
(-104,154,-264)
(-102,176,-264)
(-113,187,-255)
(-113,219,-249)
(-95,237,-241)
(-98,242,-244)
(-89,227,-253)
(-84,210,-268)
(-81,191,-265)
(-78,168,-280)
(-71,151,-277)
(-90,118,-278)
(-90,106,-278)
(-91,97,-271)
(-90,100,-270)
(-88,126,-276)
(-90,156,-264)
(-101,183,-273)
(-98,192,-270)
(-92,178,-278)
(-77,167,-275)
(-78,150,-284)
(-85,133,-283)
(-87,119,-281)
(-85,119,-275)
(-86,116,-280)
(-87,139,-287)
(-87,173,-265)
(-102,188,-266)
(-93,193,-267)
(-86,188,-264)
(-85,187,-267)
(-89,183,-267)
(-79,179,-271)
(-93,159,-267)
(-108,152,-264)
(-108,176,-262)
(-109,199,-253)
(-118,226,-246)
(-102,224,-250)
(-90,214,-256)
(-77,193,-285)
(-69,151,-283)
(-72,108,-286)
(-59,69,-293)
(-45,47,-283)
(-45,35,-273)
(-52,48,-262)
(-54,62,-278)
(-69,95,-281)
(-74,112,-284)
(-76,102,-280)
(-76,94,-288)
(-75,63,-277)
(-66,36,-268)
(-62,14,-272)
(-54,16,-258)
(-62,28,-272)
(-66,62,-290)
(-72,94,-282)
(-82,130,-284)
(-88,128,-282)
(-84,136,-278)
(-81,133,-271)
(-75,105,-281)
(-75,83,-275)
(-67,75,-273)
(-71,77,-277)
(-75,97,-287)
(-78,126,-286)
(-81,165,-281)
(-92,188,-266)
(-80,202,-268)
(-62,186,-276)
(-71,151,-279)
(-60,112,-286)
(-48,94,-294)
(-40,98,-282)
(-29,103,-295)
(-49,117,-295)
(-56,148,-288)
(-64,134,-286)
(-65,137,-277)
(-71,107,-279)
(-80,88,-272)
(-81,83,-273)
(-73,91,-277)
(-81,113,-279)
(-100,128,-272)
(-108,152,-262)
(-111,143,-263)
(-119,111,-265)
(-113,87,-269)
(-104,50,-252)
(-99,45,-257)
(-90,62,-274)
(-96,120,-270)
(-126,150,-254)
(-123,169,-265)
(-117,163,-263)
(-115,155,-281)
(-115,115,-269)
(-112,78,-274)
(-107,55,-259)
(-91,31,-243)
(-76,22,-254)
(-65,41,-275)
(-91,93,-273)
(-108,122,-268)
(-104,118,-274)
(-113,101,-279)
(-125,87,-269)
(-130,52,-258)
(-114,20,-234)
(-90,0,-236)
(-91,31,-251)
(-104,56,-258)
(-118,94,-258)
(-116,112,-262)
(-131,105,-269)
(-136,80,-258)
(-127,43,-259)
(-112,28,-238)
(-101,41,-255)
(-98,70,-266)
(-119,113,-267)
(-132,144,-256)
(-126,144,-258)
(-129,159,-269)
(-128,130,-274)
(-133,97,-261)
(-118,74,-260)
(-115,73,-257)
(-116,88,-252)
(-124,128,-250)
(-136,168,-250)
(-131,181,-243)
(-134,188,-248)
(-116,176,-264)
(-116,162,-256)
(-119,153,-257)
(-114,158,-256)
(-138,162,-242)
(-145,181,-229)
(-152,194,-222)
(-162,210,-208)
(-145,241,-189)
(-124,262,-184)
(-129,259,-203)
(-109,247,-217)
(-115,227,-225)
(-134,226,-212)
(-146,222,-198)
(-171,237,-179)
(-179,237,-155)
(-183,255,-123)
(-177,265,-97)
(-162,274,-92)
(-140,296,-116)
(-131,293,-125)
(-125,289,-151)
(-140,262,-160)
(-143,267,-175)
(-165,241,-171)
(-175,225,-175)
(-174,222,-178)
(-188,228,-170)
(-186,222,-160)
(-194,242,-142)
(-190,256,-122)
(-184,272,-112)
(-182,274,-96)
(-173,275,-77)
(-172,282,-74)
(-182,282,-72)
(-183,281,-53)
(-183,277,-37)
(-186,274,-32)
(-191,273,-19)
(-194,266,-10)
(-199,255,9)
(-202,242,16)
(-192,252,28)
(-172,260,42)
(-163,279,25)
(-140,292,8)
(-124,306,-2)
(-145,301,-15)
(-170,290,-10)
(-193,273,7)
(-205,231,27)
(-210,220,40)
(-210,204,46)
(-207,203,57)
(-213,197,59)
(-188,224,68)
(-173,257,63)
(-157,283,33)
(-161,287,5)
(-176,270,4)
(-187,265,5)
(-196,260,24)
(-199,241,33)
(-201,219,51)
(-205,193,81)
(-202,190,110)
(-190,172,106)
(-174,178,124)
(-171,193,119)
(-129,213,123)
(-123,237,123)
(-108,256,104)
(-94,276,92)
(-105,277,95)
(-113,265,81)
(-125,245,105)
(-131,221,133)
(-111,189,157)
(-112,154,164)
(-113,133,171)
(-106,108,174)
(-99,85,173)
(-98,74,166)
(-107,55,159)
(-116,40,150)
(-134,16,142)
(-147,11,115)
(-165,1,99)
(-168,-10,92)
(-183,-11,77)
(-200,-14,40)
(-202,-10,12)
(-215,-5,-11)
(-225,17,-41)
(-232,18,-92)
(-232,36,-120)
(-235,39,-153)
(-225,61,-167)
(-222,70,-190)
(-211,71,-201)
(-204,80,-220)
(-190,78,-236)
(-187,85,-233)
(-183,89,-249)
(-178,84,-260)
(-165,81,-279)
(-155,85,-281)
(-144,64,-278)
(-139,43,-265)
(-121,27,-265)
(-125,-5,-245)
(-124,-26,-228)
(-120,-38,-214)
(-113,-51,-197)
(-112,-56,-180)
(-112,-68,-168)
(-114,-64,-166)
(-118,-68,-170)
(-136,-46,-178)
(-148,-44,-176)
(-165,-33,-181)
(-191,-15,-177)
(-204,-2,-164)
(-226,12,-138)
(-228,26,-114)
(-238,30,-86)
(-235,35,-71)
(-230,20,-54)
(-224,16,-38)
(-226,8,-44)
(-217,11,-79)
(-214,10,-108)
(-213,9,-121)
(-207,11,-143)
(-201,7,-181)
(-177,-5,-205)
(-163,-5,-215)
(-153,-5,-225)
(-138,-22,-224)
(-119,-31,-221)
(-120,-40,-206)
(-118,-34,-210)
(-115,-57,-187)
(-120,-60,-188)
(-120,-60,-168)
(-121,-71,-151)
(-117,-73,-139)
(-127,-75,-133)
(-135,-73,-119)
(-138,-72,-102)
(-139,-77,-99)
(-121,-85,-91)
(-114,-84,-96)
(-105,-83,-123)
(-98,-74,-138)
(-107,-59,-165)
(-110,-44,-198)
(-122,-44,-224)
(-124,-30,-218)
(-149,-43,-195)
(-158,-60,-168)
(-163,-61,-137)
(-153,-61,-123)
(-154,-64,-124)
(-140,-72,-138)
(-139,-65,-159)
(-149,-43,-189)
(-145,-43,-191)
(-164,-44,-172)
(-172,-46,-140)
(-177,-53,-127)
(-180,-54,-118)
(-176,-54,-90)
(-154,-62,-78)
(-151,-73,-93)
(-129,-87,-93)
(-113,-89,-83)
(-114,-84,-70)
(-117,-79,-43)
(-112,-72,-32)
(-118,-68,-4)
(-120,-54,16)
(-128,-50,22)
(-135,-39,45)
(-129,-37,47)
(-132,-32,42)
(-127,-39,33)
(-125,-49,27)
(-116,-50,20)
(-111,-51,9)
(-109,-57,5)
(-110,-70,-10)
(-111,-77,-35)
(-114,-78,-60)
(-104,-84,-70)
(-96,-90,-80)
(-102,-78,-102)
(-111,-71,-119)
(-116,-70,-124)
(-122,-78,-132)
(-127,-67,-145)
(-126,-74,-146)
(-137,-69,-147)
(-125,-71,-155)
(-137,-61,-153)
(-138,-54,-160)
(-141,-51,-163)
(-145,-53,-173)
(-157,-41,-171)
(-153,-43,-177)
(-159,-41,-173)
(-161,-47,-165)
(-165,-45,-165)
(-147,-45,-177)
(-160,-42,-192)
(-160,-34,-192)
(-164,-32,-170)
(-164,-52,-140)
(-156,-52,-142)
(-138,-58,-142)
(-146,-60,-172)
(-140,-48,-194)
(-150,-30,-194)
(-176,-30,-186)
(-169,-25,-155)
(-189,-45,-151)
(-177,-45,-137)
(-172,-52,-140)
(-150,-60,-140)
(-138,-66,-156)
(-144,-46,-174)
(-154,-38,-188)
(-159,-33,-193)
(-169,-31,-187)
(-173,-33,-175)
(-172,-32,-174)
(-182,-40,-160)
(-180,-44,-156)
(-158,-44,-148)
(-142,-44,-166)
(-172,-36,-186)
(-170,-22,-192)
(-184,-14,-196)
(-203,3,-195)
(-211,9,-177)
(-221,21,-169)
(-233,29,-163)
(-237,35,-157)
(-238,50,-136)
(-250,66,-132)
(-249,61,-113)
(-255,77,-99)
(-258,74,-90)
(-247,71,-75)
(-255,69,-59)
(-246,68,-46)
(-253,71,-41)
(-243,65,-31)
(-250,68,-30)
(-236,68,-24)
(-238,72,-16)
(-237,77,-13)
(-237,69,-7)
(-226,84,-12)
(-237,73,-17)
(-237,85,-13)
(-242,82,-30)
(-247,95,-35)
(-251,101,-41)
(-246,102,-44)
(-244,106,-48)
(-252,122,-52)
(-245,105,-47)
(-242,86,-50)
(-243,87,-49)
(-240,80,-44)
(-240,98,-36)
(-248,102,-48)
(-248,120,-48)
(-257,125,-41)
(-246,128,-52)
(-247,121,-43)
(-245,115,-37)
(-246,92,-36)
(-240,80,-16)
(-237,75,-35)
(-242,68,-32)
(-240,70,-30)
(-242,74,-32)
(-244,88,-34)
(-253,97,-41)
(-246,120,-40)
(-242,110,-26)
(-249,111,-33)
(-242,92,-32)
(-242,76,-24)
(-235,67,-23)
(-237,49,-29)
(-235,51,-21)
(-243,69,-31)
(-238,80,-28)
(-242,100,-34)
(-244,94,-28)
(-246,104,-30)
(-241,109,-35)
(-249,103,-41)
(-249,93,-45)
(-243,83,-43)
(-249,67,-37)
(-235,47,-41)
(-240,44,-48)
(-238,54,-36)
(-245,65,-37)
(-251,77,-39)
(-250,90,-38)
(-245,97,-43)
(-244,96,-52)
(-250,100,-36)
(-241,87,-41)
(-235,79,-39)
(-245,59,-37)
(-237,31,-49)
(-233,13,-81)
(-223,23,-95)
(-234,40,-100)
(-230,38,-102)
(-237,43,-105)
(-241,69,-103)
(-244,76,-118)
(-244,86,-118)
(-247,93,-121)
(-248,104,-126)
(-239,103,-125)
(-246,80,-118)
(-248,78,-116)
(-240,76,-106)
(-240,48,-112)
(-237,45,-125)
(-229,31,-129)
(-230,22,-126)
(-217,13,-139)
(-213,-1,-141)
(-207,-13,-141)
(-196,-24,-148)
(-193,-31,-145)
(-187,-37,-141)
(-180,-40,-140)
(-173,-49,-131)
(-180,-60,-130)
(-175,-57,-115)
(-174,-62,-108)
(-171,-49,-109)
(-184,-38,-132)
(-199,-31,-145)
(-206,-12,-160)
(-223,11,-155)
(-237,35,-153)
(-251,57,-145)
(-257,89,-113)
(-262,106,-100)
(-260,124,-78)
(-260,130,-62)
(-260,132,-64)
(-250,124,-56)
(-249,133,-41)
(-250,138,-32)
(-253,137,-37)
(-246,126,-36)
(-247,119,-39)
(-244,132,-36)
(-246,128,-48)
(-239,137,-31)
(-241,137,-31)
(-238,140,-34)
(-240,160,-26)
(-241,151,-25)
(-235,153,-27)
(-236,138,-26)
(-237,131,-21)
(-241,113,-19)
(-237,121,-25)
(-242,132,-30)
(-246,140,-30)
(-251,147,-35)
(-242,152,-20)
(-245,139,-23)
(-242,120,-20)
(-241,97,-13)
(-241,81,3)
(-238,96,2)
(-242,108,-14)
(-243,121,-19)
(-242,134,-22)
(-246,140,-36)
(-243,149,-43)
(-242,132,-44)
(-243,117,-37)
(-246,94,-38)
(-247,91,-39)
(-248,90,-40)
(-242,106,-30)
(-242,116,-32)
(-242,140,-36)
(-242,156,-42)
(-244,174,-40)
(-240,172,-44)
(-240,156,-54)
(-241,147,-49)
(-246,122,-44)
(-238,102,-34)
(-236,74,-24)
(-240,68,-26)
(-242,68,-18)
(-238,72,-34)
(-238,84,-46)
(-242,96,-58)
(-244,104,-62)
(-255,131,-75)
(-252,146,-78)
(-233,173,-91)
(-236,172,-80)
(-240,172,-86)
(-242,172,-94)
(-238,170,-94)
(-252,144,-72)
(-249,131,-49)
(-243,119,-35)
(-242,110,-22)
(-233,81,-13)
(-246,74,0)
(-237,81,9)
(-237,103,-5)
(-239,117,-7)
(-232,144,6)
(-239,161,-19)
(-232,178,-30)
(-221,191,-35)
(-234,192,-44)
(-227,187,-49)
(-226,188,-44)
(-240,168,-50)
(-239,157,-49)
(-230,142,-36)
(-238,112,-36)
(-242,104,-26)
(-235,83,-25)
(-238,68,-30)
(-240,72,-42)
(-238,80,-36)
(-237,81,-37)
(-236,98,-46)
(-247,127,-39)
(-241,143,-33)
(-239,165,-33)
(-227,183,-51)
(-230,194,-50)
(-226,192,-56)
(-234,184,-48)
(-245,171,-53)
(-241,149,-49)
(-241,133,-45)
(-252,118,-34)
(-240,76,-18)
(-231,43,-21)
(-225,15,-23)
(-229,13,-25)
(-223,1,-37)
(-222,6,-42)
(-234,28,-50)
(-239,43,-39)
(-239,51,-41)
(-237,67,-27)
(-238,74,-32)
(-233,87,-37)
(-241,87,-29)
(-240,98,-24)
(-252,104,-20)
(-233,91,-3)
(-234,76,4)
(-229,67,17)
(-227,51,17)
(-218,44,10)
(-226,46,10)
(-220,58,12)
(-221,63,9)
(-230,84,12)
(-222,100,26)
(-215,115,19)
(-226,140,34)
(-223,141,33)
(-221,163,25)
(-224,162,34)
(-222,164,28)
(-215,153,31)
(-217,129,35)
(-224,118,32)
(-227,99,43)
(-221,67,31)
(-219,47,31)
(-217,47,21)
(-218,46,20)
(-226,60,22)
(-215,63,19)
(-225,95,21)
(-227,115,21)
(-230,134,4)
(-231,161,-1)
(-231,165,7)
(-226,164,-6)
(-225,175,-5)
(-237,151,-17)
(-233,145,-3)
(-237,139,-5)
(-240,112,6)
(-230,76,16)
(-224,52,20)
(-212,36,14)
(-220,42,10)
(-224,56,24)
(-225,73,15)
(-236,108,18)
(-230,138,10)
(-225,153,11)
(-228,168,4)
(-220,166,8)
(-224,148,12)
(-218,114,32)
(-212,78,52)
(-202,54,42)
(-195,41,53)
(-184,24,52)
(-187,11,57)
(-185,11,53)
(-188,6,38)
(-212,18,36)
(-207,35,27)
(-219,71,19)
(-234,88,14)
(-232,102,-2)
(-241,115,-17)
(-240,118,-32)
(-252,132,-52)
(-249,123,-61)
(-236,120,-72)
(-250,114,-70)
(-250,92,-56)
(-251,85,-39)
(-246,70,-12)
(-231,73,-11)
(-232,50,6)
(-219,51,21)
(-225,57,19)
(-230,56,12)
(-233,83,5)
(-244,114,14)
(-231,135,5)
(-221,155,13)
(-223,167,1)
(-229,179,-9)
(-232,180,-22)
(-235,183,-35)
(-235,171,-41)
(-238,158,-42)
(-249,155,-35)
(-244,134,-40)
(-248,118,-34)
(-242,84,-28)
(-236,72,-20)
(-235,73,-27)
(-239,61,-29)
(-236,82,-22)
(-245,93,-15)
(-237,107,-25)
(-241,123,-27)
(-242,148,-32)
(-242,154,-26)
(-237,147,-25)
(-233,131,-11)
(-240,120,-6)
(-230,106,16)
(-225,87,27)
(-225,91,21)
(-220,64,30)
(-219,59,21)
(-219,63,17)
(-222,64,-2)
(-237,83,-3)
(-242,108,-4)
(-240,122,-6)
(-242,150,-20)
(-240,164,-26)
(-235,173,-29)
(-230,174,-42)
(-238,176,-42)
(-235,157,-45)
(-246,140,-50)
(-240,104,-36)
(-241,91,-33)
(-247,81,-41)
(-249,85,-35)
(-245,105,-35)
(-242,134,-44)
(-239,153,-43)
(-245,173,-57)
(-239,191,-65)
(-226,196,-60)
(-236,192,-66)
(-238,170,-62)
(-239,159,-59)
(-244,144,-46)
(-251,125,-47)
(-243,127,-45)
(-254,106,-58)
(-245,95,-47)
(-244,94,-48)
(-249,101,-43)
(-246,132,-48)
(-245,137,-55)
(-239,159,-53)
(-241,165,-57)
(-233,187,-65)
(-240,192,-68)
(-230,202,-72)
(-231,189,-83)
(-225,193,-81)
(-237,173,-77)
(-247,163,-49)
(-244,130,-8)
(-242,128,-8)
(-230,104,20)
(-232,100,24)
(-221,63,33)
(-217,61,31)
(-224,50,16)
(-220,36,4)
(-229,21,-13)
(-225,17,-19)
(-237,35,-23)
(-239,47,-29)
(-239,49,-21)
(-236,62,-16)
(-234,68,-22)
(-238,68,-26)
(-240,66,-16)
(-246,58,-26)
(-235,61,-27)
(-245,51,-21)
(-237,35,-37)
(-236,16,-46)
(-236,8,-48)
(-223,-3,-61)
(-223,-7,-77)
(-226,10,-88)
(-231,11,-91)
(-237,25,-89)
(-241,61,-81)
(-242,64,-80)
(-253,83,-87)
(-256,78,-90)
(-258,90,-82)
(-262,92,-86)
(-257,83,-89)
(-254,58,-94)
(-240,32,-108)
(-230,16,-122)
(-215,-11,-131)
(-202,-22,-136)
(-197,-35,-143)
(-176,-34,-150)
(-178,-32,-148)
(-210,-20,-132)
(-213,-19,-137)
(-232,12,-100)
(-236,4,-82)
(-230,26,-54)
(-231,49,-21)
(-229,49,7)
(-222,54,32)
(-210,50,52)
(-191,57,63)
(-190,50,96)
(-171,55,93)
(-166,54,98)
(-160,66,100)
(-155,69,103)
(-154,62,108)
(-154,68,108)
(-150,74,112)
(-146,76,112)
(-147,79,109)
(-154,88,112)
(-173,107,97)
(-188,120,78)
(-192,130,60)
(-204,142,52)
(-222,150,28)
(-223,149,25)
(-230,156,12)
(-227,155,-11)
(-236,160,-24)
(-231,167,-19)
(-226,156,-2)
(-237,145,19)
(-220,140,34)
(-213,137,55)
(-192,124,68)
(-187,125,75)
(-180,124,80)
(-179,115,91)
(-176,112,92)
(-171,115,95)
(-183,117,85)
(-184,132,88)
(-198,134,70)
(-213,143,63)
(-205,139,59)
(-210,150,42)
(-205,147,33)
(-222,156,26)
(-222,154,6)
(-232,156,10)
(-228,156,-10)
(-235,159,-19)
(-240,160,-34)
(-233,159,-33)
(-238,152,-46)
(-247,157,-49)
(-238,152,-56)
(-252,156,-60)
(-238,156,-52)
(-246,148,-32)
(-233,147,1)
(-229,159,23)
(-219,149,27)
(-206,148,42)
(-208,140,50)
(-206,156,68)
(-200,148,76)
(-187,141,83)
(-185,143,87)
(-179,139,105)
(-175,139,101)
(-174,144,104)
(-181,139,103)
(-186,136,106)
(-191,141,91)
(-190,140,88)
(-190,152,78)
(-199,155,81)
(-198,160,66)
(-204,168,64)
(-205,163,51)
(-211,171,33)
(-213,169,23)
(-223,169,19)
(-219,175,1)
(-228,172,0)
(-224,164,8)
(-216,158,32)
(-205,153,61)
(-190,154,82)
(-183,155,95)
(-184,148,98)
(-179,141,107)
(-171,135,115)
(-149,127,129)
(-138,120,142)
(-137,127,141)
(-147,123,125)
(-158,130,120)
(-176,130,96)
(-185,119,87)
(-193,109,73)
(-205,115,61)
(-213,113,51)
(-216,118,22)
(-217,131,11)
(-222,128,20)
(-231,135,13)
(-225,129,7)
(-228,142,6)
(-222,134,18)
(-215,127,35)
(-205,115,41)
(-201,113,69)
(-196,98,86)
(-174,88,102)
(-175,85,109)
(-166,82,120)
(-156,72,116)
(-150,64,128)
(-155,79,123)
(-162,88,128)
(-175,95,107)
(-184,106,94)
(-196,116,76)
(-200,120,70)
(-201,119,63)
(-207,125,47)
(-223,129,41)
(-216,128,34)
(-224,122,34)
(-222,128,28)
(-218,130,28)
(-221,117,29)
(-213,115,39)
(-214,112,60)
(-199,101,71)
(-183,85,99)
(-167,79,101)
(-169,81,107)
(-162,72,118)
(-163,67,131)
(-160,66,126)
(-148,58,128)
(-152,54,124)
(-157,63,119)
(-148,70,118)
(-163,81,115)
(-191,101,91)
(-200,110,80)
(-206,112,66)
(-215,119,51)
(-221,119,33)
(-223,119,29)
(-228,124,24)
(-225,121,7)
(-225,117,13)
(-218,108,28)
(-203,99,61)
(-197,85,77)
(-195,75,81)
(-183,73,91)
(-185,59,89)
(-185,55,99)
(-183,47,87)
(-184,50,78)
(-193,57,63)
(-218,76,50)
(-223,89,31)
(-228,92,26)
(-233,89,7)
(-234,100,2)
(-236,100,-18)
(-244,110,-38)
(-248,112,-50)
(-237,109,-37)
(-233,95,-25)
(-234,90,-12)
(-225,77,-3)
(-216,60,22)
(-215,53,31)
(-217,41,35)
(-205,43,43)
(-194,32,58)
(-194,30,58)
(-179,29,75)
(-174,22,88)
(-172,20,86)
(-168,18,88)
(-172,26,66)
(-186,30,68)
(-194,36,64)
(-201,49,43)
(-219,63,29)
(-225,67,15)
(-223,71,9)
(-232,74,-2)
(-244,86,-24)
(-243,101,-37)
(-235,103,-47)
(-252,122,-72)
(-249,127,-91)
(-245,133,-91)
(-253,145,-101)
(-242,144,-116)
(-247,147,-115)
(-236,144,-108)
(-238,140,-96)
(-241,141,-99)
(-241,131,-85)
(-241,131,-63)
(-236,128,-58)
(-231,119,-41)
(-227,113,-11)
(-237,107,9)
(-226,98,22)
(-216,96,40)
(-213,101,43)
(-204,90,56)
(-199,81,71)
(-195,79,83)
(-184,66,94)
(-176,74,94)
(-169,73,107)
(-174,68,114)
(-168,70,110)
(-170,66,102)
(-174,68,108)
(-169,71,101)
(-176,68,102)
(-173,79,105)
(-184,76,104)
(-191,87,91)
(-189,89,81)
(-200,90,84)
(-201,93,75)
(-203,103,65)
(-205,115,65)
(-214,112,62)
(-213,115,57)
(-221,105,55)
(-209,103,61)
(-210,98,58)
(-208,96,64)
(-209,87,63)
(-202,82,70)
(-200,86,82)
(-188,84,82)
(-200,86,84)
(-186,82,84)
(-193,79,101)
(-181,73,105)
(-186,74,100)
(-184,78,94)
(-195,83,99)
(-192,88,84)
(-199,101,85)
(-199,97,81)
(-204,100,66)
(-205,101,69)
(-215,117,49)
(-220,112,56)
(-216,108,46)
(-215,107,51)
(-211,105,61)
(-205,97,69)
(-207,99,65)
(-194,86,82)
(-190,80,98)
(-181,67,107)
(-174,66,110)
(-175,63,109)
(-164,62,124)
(-156,56,134)
(-147,57,123)
(-144,60,134)
(-145,65,141)
(-133,57,135)
(-134,60,140)
(-125,63,151)
(-133,69,155)
(-125,69,153)
(-120,68,144)
(-124,70,148)
(-115,71,157)
(-120,80,152)
(-129,89,157)
(-124,92,140)
(-132,98,148)
(-143,103,141)
(-144,112,134)
(-160,116,132)
(-168,126,120)
(-171,133,105)
(-168,132,112)
(-176,130,104)
(-182,134,100)
(-186,138,90)
(-190,148,86)
(-191,141,93)
(-197,147,91)
(-195,157,87)
(-181,131,91)
(-183,135,103)
(-178,130,114)
(-168,116,116)
(-170,128,118)
(-163,115,115)
(-168,120,124)
(-167,113,119)
(-169,101,121)
(-154,102,126)
(-166,106,122)
(-158,102,122)
(-166,94,122)
(-164,98,128)
(-166,82,124)
(-167,91,105)
(-179,91,105)
(-185,105,101)
(-184,114,104)
(-188,116,88)
(-197,123,89)
(-199,125,85)
(-204,132,62)
(-217,143,49)
(-217,157,35)
(-214,146,30)
(-221,131,47)
(-217,117,47)
(-219,105,49)
(-218,88,42)
(-214,96,46)
(-212,86,46)
(-213,71,43)
(-217,63,45)
(-214,56,44)
(-211,53,37)
(-207,45,39)
(-202,54,36)
(-209,45,43)
(-209,41,49)
(-204,38,58)
(-192,34,66)
(-201,29,63)
(-191,29,61)
(-184,24,78)
(-185,25,83)
(-175,7,91)
(-170,14,86)
(-172,8,80)
(-172,10,76)
(-174,14,82)
(-184,18,72)
(-205,23,51)
(-207,41,55)
(-209,49,41)
(-225,59,33)
(-224,56,24)
(-230,66,12)
(-236,74,14)
(-239,83,-17)
(-241,93,-25)
(-230,96,-40)
(-245,97,-41)
(-238,98,-40)
(-240,100,-40)
(-243,95,-43)
(-237,93,-33)
(-233,77,-31)
(-230,62,-26)
(-225,51,-25)
(-237,45,-31)
(-224,44,-34)
(-218,34,-38)
(-224,22,-42)
(-217,27,-37)
(-214,20,-60)
(-213,15,-65)
(-218,12,-84)
(-218,16,-74)
(-222,30,-86)
(-239,53,-91)
(-233,67,-107)
(-241,71,-109)
(-232,88,-112)
(-248,90,-122)
(-241,103,-129)
(-243,103,-123)
(-234,104,-140)
(-248,116,-154)
(-236,104,-156)
(-232,112,-168)
(-233,119,-157)
(-229,117,-161)
(-240,120,-150)
(-245,111,-131)
(-247,101,-115)
(-243,97,-101)
(-238,74,-88)
(-241,67,-67)
(-234,56,-48)
(-235,47,-29)
(-219,49,-21)
(-221,25,1)
(-217,35,-1)
(-219,27,5)
(-207,29,13)
(-216,26,28)
(-209,29,33)
(-209,35,33)
(-213,41,33)
(-215,49,35)
(-227,57,19)
(-241,77,11)
(-235,91,5)
(-248,98,-20)
(-240,112,-36)
(-243,129,-41)
(-246,120,-40)
(-242,122,-36)
(-240,118,-18)
(-229,125,7)
(-230,124,10)
(-218,124,24)
(-216,114,56)
(-205,111,61)
(-206,106,78)
(-189,113,89)
(-185,109,107)
(-180,96,110)
(-182,106,116)
(-165,107,115)
(-163,111,127)
(-166,120,130)
(-158,118,130)
(-149,121,137)
(-149,129,131)
(-148,122,124)
(-149,129,127)
(-138,136,136)
(-138,142,138)
(-136,146,134)
(-139,147,135)
(-143,149,133)
(-144,158,130)
(-149,167,125)
(-153,177,123)
(-148,180,116)
(-153,187,101)
(-160,190,108)
(-154,194,100)
(-154,202,100)
(-162,194,108)
(-164,194,106)
(-159,189,111)
(-156,180,110)
(-157,177,117)
(-157,169,115)
(-159,181,115)
(-157,177,113)
(-155,175,115)
(-163,175,115)
(-154,174,118)
(-157,175,111)
(-155,183,115)
(-144,182,116)
(-150,176,114)
(-143,181,113)
(-153,169,111)
(-155,165,119)
(-168,154,112)
(-171,159,111)
(-177,155,109)
(-179,151,109)
(-173,157,107)
(-178,142,102)
(-174,160,98)
(-185,155,95)
(-182,158,90)
(-179,167,101)
(-167,173,103)
(-169,185,99)
(-170,188,108)
(-166,190,94)
(-168,192,92)
(-166,198,90)
(-163,199,91)
(-166,194,96)
(-162,184,104)
(-166,196,94)
(-168,190,100)
(-164,190,98)
(-166,186,98)
(-175,175,85)
(-176,182,86)
(-182,168,90)
(-185,175,89)
(-196,174,82)
(-175,181,87)
(-186,180,84)
(-185,169,87)
(-190,170,84)
(-185,157,79)
(-190,168,82)
(-196,160,80)
(-191,167,83)
(-183,173,91)
(-183,173,87)
(-183,173,85)
(-180,182,88)
(-175,185,85)
(-179,185,89)
(-179,193,91)
(-179,185,97)
(-174,180,94)
(-188,170,84)
(-194,172,78)
(-205,165,77)
(-206,162,72)
(-213,157,69)
(-214,152,74)
(-216,144,62)
(-215,147,63)
(-221,137,63)
(-214,136,62)
(-224,126,60)
(-225,127,59)
(-216,132,48)
(-220,124,50)
(-227,111,45)
(-226,108,40)
(-236,98,32)
(-241,99,35)
(-239,89,25)
(-233,85,21)
(-231,83,21)
(-238,80,22)
(-238,76,6)
(-242,74,16)
(-242,68,18)
(-233,65,5)
(-249,53,3)
(-233,61,9)
(-240,64,4)
(-241,71,7)
(-229,61,15)
(-235,53,21)
(-226,44,12)
(-225,43,27)
(-226,22,18)
(-221,21,23)
(-214,16,20)
(-219,23,19)
(-210,12,32)
(-205,9,29)
(-215,3,37)
(-200,10,40)
(-206,14,62)
(-200,30,74)
(-198,32,80)
(-198,58,84)
(-192,60,84)
(-192,72,88)
(-199,85,81)
(-189,101,99)
(-189,103,93)
(-191,105,99)
(-179,117,93)
(-194,110,102)
(-193,121,87)
(-201,125,77)
(-205,119,79)
(-207,115,61)
(-206,114,66)
(-215,115,53)
(-218,118,44)
(-221,107,47)
(-214,94,50)
(-218,86,42)
(-217,79,37)
(-216,72,40)
(-219,61,35)
(-218,52,40)
(-212,52,50)
(-216,48,44)
(-199,45,61)
(-201,39,57)
(-201,31,65)
(-194,38,70)
(-190,30,68)
(-195,39,73)
(-189,35,83)
(-189,27,75)
(-189,37,77)
(-190,48,82)
(-178,52,88)
(-192,66,82)
(-191,73,83)
(-187,81,81)
(-191,87,77)
(-197,95,85)
(-190,94,76)
(-191,97,87)
(-206,108,74)
(-204,114,70)
(-207,117,63)
(-211,117,63)
(-212,128,50)
(-219,137,47)
(-220,138,38)
(-221,155,21)
(-226,156,20)
(-223,173,7)
(-223,173,-1)
(-217,179,-11)
(-225,179,-19)
(-238,178,-46)
(-222,178,-50)
(-233,179,-55)
(-242,176,-80)
(-232,180,-88)
(-235,167,-113)
(-233,167,-127)
(-242,168,-142)
(-235,155,-139)
(-225,157,-141)
(-224,158,-158)
(-226,168,-162)
(-232,168,-154)
(-228,162,-156)
(-231,167,-157)
(-224,168,-160)
(-234,162,-160)
(-228,166,-148)
(-231,185,-113)
(-226,188,-80)
(-229,191,-71)
(-224,200,-46)
(-216,214,-36)
(-213,209,-25)
(-212,210,-20)
(-215,215,-25)
(-211,207,-33)
(-214,218,-56)
(-211,213,-65)
(-217,211,-73)
(-224,212,-86)
(-215,213,-77)
(-217,217,-71)
(-228,212,-86)
(-215,213,-95)
(-225,213,-93)
(-222,224,-90)
(-223,229,-95)
(-219,225,-93)
(-207,241,-91)
(-203,239,-77)
(-206,256,-70)
(-184,254,-66)
(-176,274,-56)
(-165,283,-45)
(-158,280,-38)
(-157,279,-5)
(-158,268,-8)
(-157,253,9)
(-166,244,30)
(-170,216,56)
(-166,202,72)
(-169,209,83)
(-165,207,95)
(-155,219,91)
(-144,242,80)
(-135,265,57)
(-137,269,45)
(-139,269,41)
(-131,259,49)
(-135,255,59)
(-133,241,71)
(-126,228,90)
(-122,208,110)
(-125,217,119)
(-119,215,117)
(-121,229,113)
(-108,248,100)
(-98,252,98)
(-97,259,103)
(-110,250,106)
(-104,232,114)
(-109,209,123)
(-117,195,133)
(-130,180,140)
(-136,170,126)
(-131,177,129)
(-137,175,133)
(-129,179,129)
(-126,184,130)
(-129,187,123)
(-122,186,134)
(-118,184,128)
(-121,167,127)
(-116,168,134)
(-114,162,134)
(-105,165,141)
(-93,165,145)
(-104,168,140)
(-98,160,142)
(-103,165,145)
(-95,169,139)
(-96,166,138)
(-94,164,146)
(-83,157,151)
(-86,148,142)
(-92,144,146)
(-91,141,145)
(-94,132,148)
(-114,118,140)
(-119,135,135)
(-123,129,141)
(-122,142,138)
(-117,143,133)
(-129,145,135)
(-132,148,134)
(-130,134,130)
(-138,122,132)
(-136,114,124)
(-147,99,119)
(-155,103,121)
(-161,113,109)
(-167,99,105)
(-177,103,101)
(-170,98,108)
(-171,91,113)
(-181,95,107)
(-186,98,98)
(-177,87,99)
(-191,91,93)
(-191,89,85)
(-196,94,76)
(-195,95,81)
(-203,93,73)
(-202,96,76)
(-211,89,75)
(-208,70,60)
(-212,70,58)
(-224,62,38)
(-235,73,17)
(-247,71,3)
(-259,93,3)
(-259,109,-1)
(-258,110,-8)
(-250,110,-2)
(-252,104,2)
(-253,97,5)
(-239,71,13)
(-226,60,12)
(-212,36,36)
(-214,30,34)
(-208,22,36)
(-198,12,32)
(-197,15,27)
(-194,16,36)
(-187,19,49)
(-185,11,61)
(-179,25,73)
(-172,26,82)
(-164,36,96)
(-163,35,97)
(-151,39,107)
(-146,44,106)
(-143,51,111)
(-151,43,113)
(-153,51,109)
(-155,55,111)
(-167,67,107)
(-172,66,98)
(-186,74,100)
(-199,79,87)
(-208,80,80)
(-215,95,73)
(-219,101,61)
(-221,107,63)
(-236,118,44)
(-240,118,28)
(-247,125,29)
(-256,122,-8)
(-254,120,-12)
(-260,110,-14)
(-257,91,1)
(-235,71,29)
(-233,49,45)
(-208,36,52)
(-205,41,55)
(-188,36,60)
(-183,35,75)
(-181,41,79)
(-171,41,93)
(-177,39,107)
(-170,52,106)
(-163,51,105)
(-168,44,94)
(-181,51,95)
(-194,42,76)
(-213,45,59)
(-238,50,36)
(-241,65,7)
(-255,77,-13)
(-257,91,-51)
(-270,104,-72)
(-267,105,-89)
(-271,127,-101)
(-266,126,-114)
(-262,138,-140)
(-271,147,-141)
(-261,153,-149)
(-250,160,-156)
(-256,176,-166)
(-242,180,-168)
(-252,174,-176)
(-244,182,-172)
(-239,187,-191)
(-239,187,-195)
(-233,191,-189)
(-234,192,-194)
(-231,197,-187)
(-236,198,-202)
(-231,203,-203)
(-215,209,-207)
(-210,220,-208)
(-207,229,-215)
(-201,227,-219)
(-196,236,-220)
(-199,247,-213)
(-190,242,-218)
(-186,258,-224)
(-180,264,-220)
(-196,254,-220)
(-196,242,-210)
(-194,240,-208)
(-200,236,-204)
(-221,229,-199)
(-214,214,-190)
(-239,209,-191)
(-232,202,-184)
(-237,203,-179)
(-242,182,-170)
(-246,182,-164)
(-258,174,-152)
(-260,166,-154)
(-258,172,-150)
(-254,164,-156)
(-259,151,-141)
(-261,155,-127)
(-269,157,-131)
(-259,181,-143)
(-247,199,-147)
(-237,217,-167)
(-227,221,-171)
(-219,231,-181)
(-213,245,-193)
(-202,254,-196)
(-202,258,-196)
(-191,265,-199)
(-183,267,-203)
(-181,267,-207)
(-174,276,-198)
(-177,271,-207)
(-195,269,-191)
(-211,247,-193)
(-212,228,-196)
(-215,233,-203)
(-223,211,-201)
(-232,202,-184)
(-245,181,-181)
(-246,170,-178)
(-255,161,-173)
(-259,153,-163)
(-263,147,-159)
(-254,130,-156)
(-254,136,-156)
(-255,123,-147)
(-253,109,-143)
(-259,117,-135)
(-260,106,-138)
(-263,111,-127)
(-259,105,-131)
(-263,111,-133)
(-266,102,-114)
(-264,108,-118)
(-263,105,-117)
(-266,110,-102)
(-266,108,-100)
(-262,90,-88)
(-264,102,-78)
(-263,107,-73)
(-261,107,-57)
(-255,107,-47)
(-263,121,-33)
(-259,127,-21)
(-254,128,-16)
(-254,140,-12)
(-257,151,-1)
(-246,170,14)
(-249,167,3)
(-256,146,4)
(-261,135,-1)
(-263,119,-23)
(-258,104,-34)
(-268,106,-68)
(-264,110,-70)
(-264,112,-118)
(-268,116,-126)
(-256,126,-138)
(-256,138,-154)
(-248,148,-156)
(-239,169,-185)
(-231,171,-177)
(-230,192,-186)
(-228,202,-184)
(-226,198,-188)
(-228,220,-186)
(-218,228,-198)
(-215,239,-191)
(-204,232,-190)
(-218,232,-190)
(-225,223,-171)
(-224,204,-174)
(-243,175,-175)
(-244,160,-166)
(-242,134,-172)
(-248,114,-166)
(-243,95,-149)
(-245,87,-141)
(-247,91,-133)
(-248,74,-122)
(-252,74,-126)
(-245,75,-109)
(-248,68,-110)
(-257,55,-95)
(-252,62,-94)
(-252,58,-84)
(-252,72,-66)
(-258,62,-62)
(-256,70,-68)
(-254,68,-68)
(-252,62,-78)
(-249,63,-87)
(-253,67,-95)
(-262,70,-98)
(-244,74,-122)
(-246,82,-130)
(-247,83,-141)
(-242,96,-144)
(-246,106,-160)
(-238,110,-172)
(-237,125,-185)
(-242,122,-186)
(-226,130,-200)
(-239,143,-193)
(-228,154,-198)
(-229,161,-193)
(-215,175,-195)
(-217,185,-197)
(-223,185,-199)
(-212,176,-202)
(-218,188,-204)
(-226,192,-198)
(-229,177,-197)
(-245,149,-165)
(-244,134,-164)
(-249,131,-169)
(-244,120,-156)
(-251,103,-151)
(-252,96,-132)
(-260,82,-112)
(-255,79,-79)
(-255,61,-51)
(-252,74,-16)
(-248,68,4)
(-232,70,22)
(-234,82,56)
(-215,85,83)
(-209,95,97)
(-194,108,100)
(-191,113,117)
(-175,131,125)
(-168,126,132)
(-169,141,133)
(-159,163,133)
(-153,177,125)
(-154,172,134)
(-164,148,136)
(-176,118,122)
(-192,98,104)
(-196,84,94)
(-216,74,68)
(-237,73,33)
(-241,75,1)
(-254,72,-32)
(-256,72,-52)
(-260,78,-66)
(-267,91,-87)
(-254,94,-106)
(-261,99,-117)
(-255,109,-151)
(-241,115,-165)
(-237,119,-181)
(-229,137,-199)
(-222,146,-202)
(-211,147,-217)
(-211,155,-225)
(-197,159,-229)
(-198,170,-234)
(-195,191,-233)
(-180,196,-230)
(-189,217,-219)
(-177,217,-233)
(-177,229,-233)
(-162,232,-232)
(-154,238,-244)
(-145,239,-239)
(-142,244,-250)
(-146,244,-244)
(-137,255,-239)
(-129,269,-233)
(-112,284,-230)
(-110,282,-230)
(-95,297,-233)
(-74,290,-234)
(-66,290,-244)
(-74,284,-248)
(-78,278,-254)
(-112,264,-248)
(-122,254,-242)
(-123,255,-251)
(-110,254,-270)
(-112,254,-256)
(-109,237,-265)
(-125,227,-265)
(-136,214,-260)
(-138,238,-260)
(-136,236,-260)
(-131,249,-263)
(-109,253,-267)
(-90,266,-256)
(-84,268,-264)
(-95,263,-259)
(-122,236,-262)
(-124,222,-268)
(-137,209,-261)
(-136,210,-262)
(-146,198,-264)
(-141,215,-269)
(-142,214,-258)
(-153,213,-257)
(-144,208,-256)
(-150,198,-258)
(-161,181,-261)
(-165,175,-261)
(-169,169,-261)
(-175,145,-255)
(-179,145,-245)
(-177,133,-247)
(-189,127,-239)
(-191,115,-237)
(-189,139,-249)
(-182,156,-246)
(-184,164,-246)
(-185,193,-233)
(-182,204,-234)
(-182,218,-220)
(-182,220,-220)
(-168,230,-230)
(-166,230,-232)
(-155,237,-231)
(-150,242,-232)
(-157,237,-231)
(-146,242,-230)
(-153,249,-233)
(-138,260,-242)
(-125,257,-237)
(-112,264,-256)
(-103,263,-253)
(-87,275,-247)
(-83,267,-257)
(-70,272,-254)
(-70,276,-262)
(-60,286,-262)
(-46,284,-252)
(-37,287,-245)
(-42,290,-242)
(-30,282,-242)
(-26,292,-244)
(-27,291,-251)
(-20,294,-256)
(-19,293,-253)
(-33,283,-269)
(-25,283,-261)
(-21,269,-269)
(-32,268,-278)
(-21,255,-293)
(-9,235,-293)
(-18,244,-284)
(-20,242,-296)
(-27,259,-285)
(-25,261,-277)
(-22,260,-282)
(-26,234,-290)
(-18,220,-302)
(-33,213,-299)
(-43,239,-305)
(-43,251,-283)
(-42,250,-282)
(-23,235,-287)
(-20,226,-294)
(-30,204,-314)
(-29,211,-305)
(-43,235,-295)
(-44,236,-298)
(-68,246,-290)
(-89,253,-271)
(-113,257,-261)
(-133,251,-239)
(-164,248,-220)
(-193,239,-201)
(-211,231,-175)
(-221,217,-157)
(-248,198,-142)
(-254,186,-124)
(-261,161,-111)
(-264,130,-88)
(-264,110,-78)
(-262,86,-50)
(-254,70,-28)
(-228,42,0)
(-216,26,16)
(-191,1,33)
(-180,0,56)
(-164,-4,60)
(-153,-3,75)
(-138,6,86)
(-122,14,94)
(-119,19,105)
(-115,29,111)
(-103,35,125)
(-104,58,132)
(-92,80,136)
(-90,102,148)
(-91,131,149)
(-96,160,158)
(-92,186,148)
(-98,212,140)
(-94,252,116)
(-101,273,95)
(-95,289,93)
(-100,308,64)
(-100,316,52)
(-98,326,40)
(-95,315,41)
(-100,304,68)
(-102,280,96)
(-98,248,124)
(-122,210,128)
(-128,190,130)
(-137,161,141)
(-137,141,135)
(-153,125,123)
(-169,111,125)
(-164,104,120)
(-177,95,111)
(-185,105,107)
(-180,118,118)
(-169,103,115)
(-178,82,114)
(-184,74,114)
(-185,87,95)
(-182,102,112)
(-177,125,119)
(-170,138,124)
(-160,140,126)
(-171,111,115)
(-173,83,111)
(-180,70,112)
(-172,56,104)
(-180,52,96)
(-186,66,86)
(-191,71,101)
(-189,83,89)
(-184,98,100)
(-197,117,113)
(-182,136,110)
(-184,152,116)
(-172,166,116)
(-168,200,112)
(-166,206,112)
(-170,202,100)
(-171,205,107)
(-175,185,113)
(-169,171,125)
(-169,153,115)
(-164,154,124)
(-174,142,118)
(-174,146,130)
(-163,131,129)
(-175,117,123)
(-173,109,121)
(-163,97,117)
(-172,96,114)
(-168,100,106)
(-179,99,113)
(-181,93,109)
(-180,96,112)
(-171,83,105)
(-168,78,116)
(-162,70,110)
(-162,102,130)
(-163,113,123)
(-169,127,121)
(-168,152,124)
(-169,147,129)
(-166,166,122)
(-168,166,130)
(-170,160,124)
(-172,152,120)
(-172,130,116)
(-165,103,119)
(-154,86,126)
(-148,70,124)
(-149,67,123)
(-153,81,127)
(-154,106,130)
(-158,120,122)
(-158,124,124)
(-165,137,125)
(-167,147,125)
(-170,142,116)
(-158,134,126)
(-159,125,125)
(-155,107,127)
(-147,93,123)
(-149,75,123)
(-150,84,128)
(-152,112,120)
(-150,146,132)
(-146,178,122)
(-137,191,139)
(-115,229,131)
(-107,247,121)
(-89,259,113)
(-86,272,106)
(-82,284,94)
(-69,281,103)
(-92,264,122)
(-93,221,135)
(-128,188,140)
(-155,147,125)
(-179,111,117)
(-199,101,91)
(-222,88,82)
(-226,80,52)
(-253,79,15)
(-253,81,-11)
(-271,83,-41)
(-269,91,-57)
(-278,96,-90)
(-280,110,-112)
(-266,124,-134)
(-267,141,-145)
(-260,154,-158)
(-249,157,-177)
(-248,168,-176)
(-251,161,-181)
(-257,149,-161)
(-268,120,-138)
(-264,96,-94)
(-262,84,-42)
(-252,76,8)
(-238,78,40)
(-198,92,86)
(-183,119,119)
(-161,155,125)
(-155,173,133)
(-146,208,130)
(-127,221,123)
(-119,249,111)
(-103,275,111)
(-94,288,92)
(-76,292,82)
(-65,307,73)
(-61,325,51)
(-50,340,38)
(-37,343,-1)
(-25,343,-29)
(-27,353,-61)
(-21,351,-99)
(-19,341,-129)
(-10,324,-174)
(-6,316,-190)
(0,306,-212)
(-3,305,-225)
(-1,291,-241)
(-2,282,-250)
(3,281,-255)
(18,276,-270)
(8,266,-272)
(11,255,-279)
(9,253,-279)
(3,241,-283)
(15,235,-289)
(28,226,-294)
(36,218,-294)
(33,219,-305)
(46,206,-294)
(48,202,-292)
(63,189,-299)
(65,177,-297)
(64,172,-294)
(61,171,-295)
(67,161,-303)
(59,165,-293)
(69,145,-297)
(62,144,-310)
(67,135,-295)
(64,126,-304)
(70,132,-294)
(72,132,-294)
(92,134,-290)
(87,133,-285)
(92,128,-284)
(105,119,-281)
(97,131,-279)
(80,138,-286)
(60,156,-296)
(56,188,-298)
(54,202,-288)
(56,216,-284)
(55,199,-293)
(45,185,-297)
(33,179,-307)
(22,166,-304)
(34,166,-300)
(65,173,-293)
(73,191,-279)
(71,189,-281)
(81,185,-277)
(90,182,-278)
(80,190,-282)
(58,210,-286)
(62,220,-288)
(46,230,-284)
(22,234,-288)
(-8,232,-292)
(-42,216,-296)
(-58,212,-300)
(-80,190,-318)
(-76,156,-314)
(-80,146,-310)
(-64,148,-318)
(-61,135,-321)
(-52,138,-316)
(-59,119,-321)
(-55,107,-325)
(-47,101,-315)
(-59,107,-323)
(-64,98,-324)
(-70,104,-318)
(-71,107,-317)
(-70,98,-322)
(-71,89,-317)
(-79,75,-313)
(-77,85,-309)
(-82,74,-320)
(-80,70,-308)
(-82,46,-298)
(-96,44,-300)
(-95,37,-303)
(-96,38,-296)
(-82,36,-294)
(-82,24,-292)
(-80,26,-296)
(-71,17,-293)
(-61,13,-283)
(-56,18,-282)
(-50,6,-274)
(-53,11,-279)
(-61,11,-281)
(-63,15,-283)
(-54,8,-272)
(-62,0,-268)
(-54,6,-286)
(-76,14,-288)
(-89,45,-297)
(-96,64,-306)
(-103,97,-307)
(-104,122,-308)
(-112,114,-312)
(-120,102,-304)
(-113,79,-305)
(-107,43,-285)
(-99,43,-287)
(-91,47,-297)
(-96,78,-306)
(-96,98,-308)
(-87,117,-309)
(-100,132,-314)
(-97,127,-311)
(-100,104,-316)
(-96,58,-308)
(-94,30,-284)
(-88,22,-288)
(-77,1,-275)
(-79,-15,-255)
(-81,-19,-249)
(-77,-31,-233)
(-80,-44,-222)
(-75,-53,-211)
(-70,-52,-218)
(-76,-54,-214)
(-79,-57,-209)
(-74,-50,-198)
(-80,-68,-200)
(-73,-59,-191)
(-65,-67,-179)
(-67,-73,-175)
(-53,-71,-175)
(-49,-69,-177)
(-49,-61,-185)
(-50,-62,-208)
(-51,-47,-223)
(-61,-35,-239)
(-78,-30,-242)
(-74,-40,-238)
(-68,-44,-228)
(-57,-39,-233)
(-46,-26,-242)
(-39,-3,-269)
(-43,19,-283)
(-48,28,-300)
(-61,41,-299)
(-72,44,-294)
(-71,5,-283)
(-83,-15,-267)
(-79,-15,-251)
(-67,-25,-251)
(-35,-21,-261)
(-39,-9,-265)
(-34,0,-274)
(-52,-2,-274)
(-63,-17,-269)
(-63,-33,-243)
(-67,-51,-229)
(-64,-56,-214)
(-59,-63,-193)
(-57,-69,-181)
(-57,-75,-167)
(-43,-83,-163)
(-40,-74,-154)
(-42,-76,-156)
(-38,-78,-156)
(-32,-76,-166)
(-27,-67,-189)
(-24,-56,-214)
(-16,-54,-230)
(-10,-38,-222)
(-13,-35,-229)
(-28,-42,-222)
(-36,-46,-220)
(-22,-42,-232)
(-11,-27,-241)
(-2,-10,-250)
(-13,-13,-259)
(-29,-31,-253)
(-36,-36,-228)
(-52,-38,-218)
(-41,-39,-227)
(-28,-40,-236)
(-26,-28,-238)
(-17,-29,-241)
(-30,-36,-230)
(-36,-42,-228)
(-46,-64,-204)
(-42,-70,-190)
(-47,-75,-169)
(-47,-73,-171)
(-44,-78,-154)
(-55,-83,-139)
(-46,-76,-136)
(-56,-74,-122)
(-53,-79,-117)
(-59,-79,-103)
(-70,-84,-94)
(-67,-91,-89)
(-69,-81,-97)
(-69,-83,-111)
(-73,-71,-143)
(-69,-79,-163)
(-74,-60,-202)
(-83,-47,-211)
(-74,-32,-232)
(-77,-13,-265)
(-69,-3,-269)
(-79,9,-279)
(-81,37,-297)
(-85,59,-297)
(-92,78,-312)
(-82,102,-320)
(-76,134,-320)
(-64,150,-320)
(-58,160,-318)
(-60,176,-308)
(-49,195,-301)
(-43,209,-297)
(-46,228,-298)
(-35,243,-283)
(-29,245,-273)
(-12,264,-264)
(-10,262,-264)
(-2,272,-242)
(20,280,-238)
(29,293,-223)
(34,298,-204)
(65,307,-165)
(91,307,-133)
(107,297,-87)
(105,297,-49)
(115,263,1)
(97,259,39)
(78,246,60)
(64,230,94)
(35,221,113)
(29,183,121)
(21,173,129)
(10,156,136)
(-1,141,141)
(-11,127,131)
(-21,121,135)
(-20,128,142)
(-19,129,141)
(-40,146,140)
(-56,166,146)
(-67,175,149)
(-64,174,146)
(-44,184,148)
(-40,196,138)
(-44,214,134)
(-39,237,123)
(-49,259,119)
(-45,277,105)
(-46,290,88)
(-59,305,71)
(-62,322,62)
(-46,330,40)
(-51,335,23)
(-40,356,4)
(-37,351,-15)
(-32,364,-28)
(-19,359,-33)
(-9,355,-43)
(-23,357,-57)
(-30,354,-44)
(-20,346,-4)
(-14,338,12)
(6,326,30)
(30,316,24)
(45,321,7)
(52,336,-30)
(37,351,-67)
(41,353,-87)
(14,352,-100)
(16,348,-110)
(6,344,-126)
(-6,344,-144)
(-24,336,-164)
(-40,330,-180)
(-54,342,-160)
(-45,341,-161)
(-17,339,-159)
(21,343,-139)
(32,344,-128)
(38,352,-134)
(27,343,-151)
(-1,343,-153)
(-20,348,-132)
(-34,346,-96)
(-21,355,-93)
(-15,355,-75)
(5,349,-65)
(36,356,-66)
(46,350,-88)
(41,345,-89)
(38,348,-114)
(21,351,-135)
(-4,340,-140)
(-34,344,-120)
(-57,347,-105)
(-61,347,-77)
(-45,353,-47)
(-20,354,-34)
(4,356,-34)
(20,350,-62)
(28,358,-80)
(16,348,-112)
(-18,356,-128)
(-45,355,-109)
(-60,350,-76)
(-52,356,-48)
(-20,352,-40)
(8,352,-54)
(30,352,-72)
(22,350,-102)
(22,346,-124)
(16,350,-136)
(-4,340,-156)
(-24,338,-164)
(-58,334,-172)
(-89,323,-167)
(-92,332,-144)
(-82,342,-102)
(-51,361,-57)
(-14,358,-42)
(6,354,-56)
(36,346,-78)
(45,351,-107)
(30,352,-138)
(-6,344,-160)
(-41,339,-163)
(-82,336,-146)
(-101,339,-119)
(-96,346,-84)
(-56,358,-50)
(-23,349,-29)
(0,348,-18)
(28,342,-26)
(37,341,-39)
(44,342,-68)
(32,354,-82)
(19,357,-93)
(-5,351,-111)
(-24,356,-122)
(1,359,-93)
(29,351,-63)
(67,339,-37)
(77,319,-33)
(89,313,-23)
(90,306,-20)
(97,303,-7)
(97,305,21)
(74,282,60)
(74,288,68)
(50,278,90)
(13,269,109)
(-31,257,129)
(-59,249,125)
(-80,238,136)
(-108,210,132)
(-134,168,132)
(-137,155,135)
(-152,120,124)
(-163,83,119)
(-170,72,100)
(-200,60,74)
(-218,54,42)
(-231,57,41)
(-248,62,4)
(-253,71,1)
(-259,77,-15)
(-264,88,-34)
(-265,103,-47)
(-263,105,-47)
(-266,98,-30)
(-258,82,-26)
(-244,62,4)
(-220,42,40)
(-190,30,56)
(-169,27,71)
(-176,30,78)
(-165,9,77)
(-158,16,86)
(-142,12,90)
(-140,8,84)
(-134,6,88)
(-136,8,94)
(-151,15,83)
(-159,13,83)
(-162,20,86)
(-185,33,73)
(-193,45,79)
(-197,57,71)
(-218,60,56)
(-235,71,53)
(-231,85,43)
(-241,79,45)
(-239,101,45)
(-234,96,36)
(-245,97,29)
(-237,85,43)
(-221,77,53)
(-223,75,61)
(-212,66,70)
(-217,63,57)
(-209,61,73)
(-215,63,65)
(-211,55,75)
(-196,62,76)
(-201,49,79)
(-208,66,76)
(-201,65,77)
(-207,77,69)
(-206,70,78)
(-204,84,76)
(-217,85,87)
(-214,90,70)
(-219,85,77)
(-212,78,80)
(-217,75,75)
(-203,71,77)
(-201,61,69)
(-197,57,83)
(-179,47,89)
(-178,44,94)
(-167,29,89)
(-166,30,86)
(-166,18,86)
(-153,7,91)
(-145,13,81)
(-131,-1,79)
(-125,-9,83)
(-124,-14,74)
(-119,-9,77)
(-110,-16,88)
(-101,-1,95)
(-112,8,92)
(-106,24,102)
(-116,24,112)
(-102,26,108)
(-101,27,103)
(-94,30,114)
(-92,26,118)
(-78,34,118)
(-65,43,125)
(-70,48,124)
(-67,35,119)
(-55,43,123)
(-45,55,129)
(-42,52,134)
(-28,64,134)
(-32,64,130)
(-26,72,130)
(-27,73,133)
(-17,77,133)
(-19,85,139)
(-15,93,133)
(-11,89,139)
(-17,95,143)
(-18,102,142)
(-17,107,149)
(-28,106,136)
(-25,123,149)
(-29,121,149)
(-43,125,143)
(-45,133,147)
(-47,139,145)
(-48,144,154)
(-39,135,155)
(-50,122,148)
(-51,121,151)
(-57,131,155)
(-45,125,157)
(-52,108,140)
(-60,96,146)
(-60,86,144)
(-55,67,131)
(-51,69,139)
(-55,77,131)
(-64,94,132)
(-61,101,135)
(-58,114,138)
(-58,118,146)
(-65,125,153)
(-66,130,152)
(-68,134,150)
(-73,137,149)
(-66,138,142)
(-61,119,141)
(-67,103,143)
(-67,79,135)
(-64,72,134)
(-65,75,129)
(-77,87,133)
(-102,100,128)
(-113,125,131)
(-113,127,135)
(-114,134,134)
(-122,136,124)
(-134,160,130)
(-153,169,123)
(-145,193,115)
(-151,193,101)
(-171,207,99)
(-176,214,98)
(-185,201,87)
(-201,187,69)
(-216,178,58)
(-226,174,40)
(-242,184,30)
(-244,172,14)
(-248,166,2)
(-264,156,0)
(-260,156,-14)
(-256,158,-24)
(-267,153,-43)
(-268,150,-48)
(-264,160,-74)
(-271,153,-69)
(-269,157,-85)
(-259,175,-93)
(-260,174,-104)
(-256,182,-120)
(-258,196,-120)
(-252,204,-136)
(-243,207,-133)
(-255,201,-129)
(-263,193,-123)
(-258,176,-112)
(-272,166,-104)
(-267,159,-85)
(-272,150,-78)
(-270,150,-58)
(-267,153,-61)
(-264,148,-46)
(-265,143,-45)
(-270,150,-44)
(-261,145,-39)
(-264,146,-32)
(-267,149,-27)
(-253,163,-15)
(-256,166,-20)
(-256,174,-18)
(-255,167,-11)
(-250,170,0)
(-255,159,5)
(-255,165,3)
(-252,150,4)
(-249,135,11)
(-251,133,13)
(-256,116,10)
(-253,119,7)
(-245,109,7)
(-253,107,9)
(-255,101,7)
(-254,104,8)
(-234,96,12)
(-252,104,12)
(-241,97,17)
(-245,97,21)
(-238,90,8)
(-240,86,6)
(-241,75,15)
(-247,71,9)
(-240,78,6)
(-236,82,12)
(-246,94,20)
(-245,109,15)
(-243,115,21)
(-247,131,21)
(-247,147,15)
(-244,146,16)
(-254,164,10)
(-248,166,16)
(-251,185,11)
(-243,187,13)
(-242,192,0)
(-254,208,-20)
(-253,207,-25)
(-258,192,-62)
(-267,181,-85)
(-266,176,-92)
(-264,184,-116)
(-269,171,-123)
(-264,174,-122)
(-261,173,-133)
(-266,170,-142)
(-252,184,-138)
(-249,177,-157)
(-247,175,-165)
(-257,179,-161)
(-255,161,-151)
(-266,154,-122)
(-266,136,-110)
(-269,123,-83)
(-274,124,-84)
(-255,107,-71)
(-265,103,-69)
(-261,85,-53)
(-261,89,-41)
(-251,73,-31)
(-249,71,-29)
(-242,58,-12)
(-222,46,4)
(-217,23,17)
(-200,16,24)
(-191,3,17)
(-182,-8,28)
(-179,-1,27)
(-175,-25,17)
(-172,-24,6)
(-172,-28,-10)
(-186,-24,-18)
(-182,-10,-4)
(-199,-3,-9)
(-204,-2,-24)
(-206,8,-12)
(-214,2,-14)
(-214,6,-18)
(-213,1,-7)
(-213,3,1)
(-199,-3,-7)
(-201,-13,-7)
(-186,-16,-14)
(-171,-37,-27)
(-165,-45,-39)
(-153,-53,-49)
(-137,-49,-49)
(-124,-50,-54)
(-127,-71,-69)
(-118,-74,-68)
(-106,-66,-78)
(-101,-71,-97)
(-96,-66,-96)
(-80,-66,-98)
(-80,-64,-104)
(-74,-72,-108)
(-58,-70,-110)
(-62,-66,-114)
(-54,-72,-124)
(-56,-80,-128)
(-49,-67,-133)
(-44,-72,-128)
(-52,-70,-110)
(-49,-77,-83)
(-50,-72,-56)
(-48,-70,-32)
(-48,-64,-14)
(-55,-65,-15)
(-47,-57,11)
(-47,-51,9)
(-35,-47,25)
(-24,-34,48)
(-34,-20,58)
(-36,-12,62)
(-26,-10,80)
(-31,-1,81)
(-30,-4,70)
(-45,-13,77)
(-65,-23,59)
(-84,-24,52)
(-107,-33,37)
(-132,-28,22)
(-161,-29,5)
(-184,-12,2)
(-202,-6,-18)
(-209,13,-33)
(-227,35,-51)
(-248,42,-66)
(-254,58,-86)
(-260,76,-98)
(-256,86,-110)
(-267,101,-137)
(-263,115,-143)
(-256,106,-150)
(-255,123,-159)
(-258,126,-166)
(-251,125,-165)
(-255,135,-173)
(-264,122,-154)
(-264,112,-138)
(-267,99,-111)
(-257,85,-85)
(-258,66,-62)
(-244,54,-44)
(-238,40,-30)
(-238,32,-16)
(-231,27,-11)
(-213,29,-1)
(-214,8,6)
(-194,8,14)
(-191,11,19)
(-187,7,23)
(-187,11,25)
(-187,5,45)
(-192,26,50)
(-187,25,45)
(-210,26,26)
(-225,31,-15)
(-236,28,-38)
(-243,39,-59)
(-245,63,-75)
(-261,87,-87)
(-265,99,-93)
(-266,92,-76)
(-254,72,-48)
(-248,52,-48)
(-239,39,-55)
(-242,32,-62)
(-250,58,-88)
(-244,60,-92)
(-255,79,-107)
(-263,83,-121)
(-254,84,-148)
(-253,105,-163)
(-250,124,-180)
(-247,133,-187)
(-238,146,-198)
(-231,173,-213)
(-217,183,-215)
(-223,199,-219)
(-221,193,-209)
(-233,187,-205)
(-235,183,-189)
(-231,189,-187)
(-234,192,-192)
(-235,199,-187)
(-233,197,-175)
(-236,192,-174)
(-251,185,-169)
(-262,170,-148)
(-262,152,-126)
(-261,133,-125)
(-264,124,-108)
(-267,113,-99)
(-262,94,-80)
(-267,93,-47)
(-257,87,-25)
(-250,70,-8)
(-247,73,3)
(-242,78,-2)
(-253,81,-15)
(-260,78,-24)
(-228,46,6)
(-221,39,29)
(-216,38,34)
(-201,39,53)
(-198,48,62)
(-202,48,46)
(-226,54,16)
(-237,51,-3)
(-248,62,-30)
(-250,70,-36)
(-260,78,-54)
(-258,86,-56)
(-271,103,-79)
(-270,96,-80)
(-272,100,-102)
(-268,110,-106)
(-276,110,-114)
(-266,118,-130)
(-268,134,-130)
(-275,121,-135)
(-267,129,-139)
(-262,122,-142)
(-269,133,-145)
(-280,132,-148)
(-271,135,-155)
(-269,137,-149)
(-268,142,-148)
(-276,154,-154)
(-272,148,-150)
(-276,150,-146)
(-269,141,-139)
(-269,153,-133)
(-274,150,-112)
(-274,138,-92)
(-277,135,-87)
(-274,140,-68)
(-275,137,-53)
(-279,131,-49)
(-277,127,-45)
(-264,130,-44)
(-263,125,-31)
(-265,133,-17)
(-270,134,0)
(-255,127,1)
(-260,126,16)
(-248,128,30)
(-241,123,53)
(-229,123,55)
(-230,120,60)
(-225,115,71)
(-208,96,84)
(-198,72,82)
(-175,59,99)
(-174,56,108)
(-162,62,116)
(-171,53,111)
(-156,58,110)
(-148,48,114)
(-144,58,112)
(-134,56,124)
(-130,52,126)
(-124,56,124)
(-127,57,127)
(-127,67,127)
(-125,61,137)
(-116,76,138)
(-104,78,134)
(-110,96,146)
(-99,93,143)
(-103,91,145)
(-92,94,140)
(-93,101,155)
(-99,101,137)
(-93,103,153)
(-88,102,144)
(-96,98,152)
(-94,90,148)
(-98,88,138)
(-115,67,129)
(-121,71,137)
(-128,64,120)
(-144,54,112)
(-165,53,105)
(-198,54,80)
(-208,58,64)
(-228,52,42)
(-249,59,17)
(-243,65,15)
(-256,72,-18)
(-273,91,-23)
(-266,106,-42)
(-265,105,-49)
(-270,110,-42)
(-266,84,-20)
(-248,52,-2)
(-245,55,9)
(-242,54,-4)
(-254,50,-36)
(-254,48,-42)
(-257,63,-41)
(-264,76,-54)
(-266,62,-50)
(-241,27,-49)
(-228,-6,-62)
(-218,-18,-64)
(-193,-35,-75)
(-183,-41,-85)
(-180,-52,-74)
(-173,-51,-75)
(-155,-53,-77)
(-159,-59,-77)
(-148,-60,-68)
(-139,-63,-81)
(-129,-73,-73)
(-125,-63,-79)
(-129,-63,-83)
(-135,-71,-91)
(-127,-69,-97)
(-121,-79,-91)
(-106,-80,-94)
(-88,-74,-96)
(-82,-84,-78)
(-63,-81,-69)
(-53,-75,-59)
(-45,-69,-55)
(-30,-68,-34)
(-21,-67,-19)
(-14,-64,-12)
(-17,-61,-3)
(-14,-60,-2)
(-6,-56,-2)
(-5,-49,3)
(-10,-46,4)
(-19,-59,13)
(-20,-50,14)
(-28,-52,26)
(-26,-44,42)
(-36,-42,48)
(-38,-34,52)
(-46,-30,62)
(-37,-35,55)
(-42,-28,66)
(-50,-36,54)
(-60,-42,38)
(-66,-50,20)
(-74,-52,26)
(-82,-40,38)
(-88,-30,56)
(-88,-24,66)
(-98,-20,74)
(-95,-23,67)
(-95,-33,39)
(-102,-50,30)
(-115,-53,23)
(-124,-34,28)
(-123,-23,61)
(-128,0,92)
(-129,5,83)
(-128,6,96)
(-121,1,91)
(-114,-14,62)
(-121,-29,49)
(-129,-27,47)
(-128,-20,58)
(-135,-1,77)
(-131,23,89)
(-130,22,100)
(-141,37,111)
(-134,38,108)
(-141,37,103)
(-139,35,103)
(-147,15,95)
(-148,-10,70)
(-154,-10,66)
(-158,-18,50)
(-171,-29,37)
(-164,-26,34)
(-182,-28,6)
(-191,-15,3)
(-204,-6,-4)
(-207,-9,-3)
(-213,1,-7)
(-224,18,-14)
(-239,27,-15)
(-233,23,-21)
(-236,26,-2)
(-230,28,0)
(-231,23,1)
(-224,10,10)
(-212,-2,-2)
(-219,-1,-5)
(-218,0,-20)
(-226,14,-8)
(-229,25,3)
(-229,23,21)
(-219,19,23)
(-211,11,33)
(-206,-10,10)
(-205,-11,-5)
(-202,-6,-14)
(-216,8,-12)
(-225,17,1)
(-231,25,9)
(-219,31,23)
(-219,17,27)
(-216,22,20)
(-211,11,15)
(-216,-8,-16)
(-224,6,-36)
(-232,22,-24)
(-248,48,-10)
(-249,71,-19)
(-261,81,-27)
(-260,82,-28)
(-254,80,-22)
(-250,70,-4)
(-242,52,6)
(-239,39,7)
(-225,27,-3)
(-218,24,-4)
(-217,19,-7)
(-227,15,1)
(-227,25,1)
(-234,28,-6)
(-237,45,-9)
(-239,49,-19)
(-250,66,0)
(-249,75,5)
(-246,80,14)
(-240,74,30)
(-234,74,40)
(-228,58,40)
(-210,52,48)
(-185,31,69)
(-166,24,76)
(-141,9,81)
(-121,-11,67)
(-95,-25,63)
(-98,-30,62)
(-83,-33,49)
(-80,-46,40)
(-95,-57,23)
(-81,-47,27)
(-101,-47,25)
(-119,-41,23)
(-121,-35,41)
(-126,-32,42)
(-126,-28,42)
(-146,-16,50)
(-155,-1,67)
(-151,7,79)
(-149,-1,73)
(-146,8,78)
(-138,2,78)
(-144,-12,72)
(-139,-17,43)
(-154,-28,44)
(-159,-27,21)
(-188,-14,-6)
(-203,-13,-9)
(-225,7,-29)
(-218,8,-28)
(-239,25,-49)
(-243,27,-53)
(-252,40,-64)
(-256,52,-66)
(-269,63,-73)
(-264,80,-96)
(-268,84,-96)
(-265,97,-99)
(-262,92,-94)
(-267,91,-97)
(-266,92,-94)
(-270,94,-86)
(-258,82,-88)
(-263,65,-73)
(-250,48,-66)
(-247,39,-59)
(-238,26,-42)
(-228,14,-38)
(-221,3,-31)
(-219,1,-31)
(-208,-4,-22)
(-205,-17,-31)
(-191,-27,-23)
(-182,-22,-20)
(-186,-22,-12)
(-189,-13,-3)
(-195,-21,-3)
(-192,-18,4)
(-185,-15,11)
(-179,-25,9)
(-172,-30,-8)
(-179,-29,-35)
(-178,-36,-50)
(-184,-34,-64)
(-198,-28,-78)
(-195,-29,-89)
(-200,-24,-100)
(-198,-16,-102)
(-206,-14,-134)
(-213,-1,-139)
(-213,7,-149)
(-207,1,-155)
(-199,3,-167)
(-202,-2,-154)
(-196,-12,-152)
(-197,-7,-151)
(-197,-19,-137)
(-196,-18,-126)
(-187,-19,-127)
(-181,-29,-121)
(-179,-33,-99)
(-181,-41,-87)
(-169,-41,-79)
(-170,-38,-72)
(-177,-45,-77)
(-176,-46,-74)
(-177,-33,-77)
(-186,-30,-78)
(-196,-30,-88)
(-208,-18,-82)
(-207,-15,-103)
(-207,-11,-103)
(-222,-8,-104)
(-234,10,-118)
(-222,16,-116)
(-227,23,-119)
(-234,20,-126)
(-234,14,-104)
(-225,9,-83)
(-208,-8,-52)
(-211,-5,-27)
(-193,-3,-3)
(-205,-1,-7)
(-191,-3,7)
(-183,-5,19)
(-174,-6,38)
(-170,0,44)
(-155,13,73)
(-149,21,77)
(-147,23,93)
(-135,43,105)
(-133,55,121)
(-113,93,131)
(-108,112,134)
(-102,124,134)
(-115,143,139)
(-117,175,125)
(-113,185,123)
(-127,205,117)
(-132,232,108)
(-143,229,105)
(-144,262,86)
(-153,273,67)
(-166,278,54)
(-162,280,46)
(-168,284,40)
(-175,287,29)
(-180,294,18)
(-169,311,7)
(-164,312,-6)
(-152,322,-16)
(-156,340,-24)
(-161,327,-29)
(-151,321,-33)
(-149,327,-25)
(-175,319,-9)
(-173,299,9)
(-179,293,23)
(-185,279,35)
(-199,265,39)
(-204,252,40)
(-213,233,59)
(-221,229,63)
(-214,216,56)
(-219,213,63)
(-231,203,57)
(-225,205,59)
(-225,197,51)
(-231,183,57)
(-236,168,50)
(-244,152,46)
(-248,128,46)
(-252,132,42)
(-249,119,39)
(-263,103,9)
(-268,76,-22)
(-264,76,-24)
(-269,75,-33)
(-269,81,-37)
(-270,78,-22)
(-265,95,-7)
(-258,96,22)
(-254,120,42)
(-247,131,49)
(-238,156,62)
(-226,152,70)
(-210,184,80)
(-191,213,91)
(-178,232,92)
(-170,252,92)
(-157,241,99)
(-145,259,105)
(-132,248,106)
(-130,246,110)
(-143,235,111)
(-135,241,121)
(-144,238,112)
(-150,224,122)
(-161,225,117)
(-156,220,116)
(-157,221,115)
(-149,237,111)
(-137,263,99)
(-140,270,96)
(-125,287,89)
(-124,282,84)
(-119,303,81)
(-98,308,56)
(-109,319,69)
(-107,309,63)
(-102,312,74)
(-99,303,79)
(-106,294,86)
(-96,292,88)
(-111,291,91)
(-109,285,93)
(-109,285,83)
(-108,274,96)
(-122,272,108)
(-132,262,116)
(-142,244,118)
(-139,243,119)
(-143,229,121)
(-145,229,129)
(-155,207,123)
(-151,199,123)
(-165,193,133)
(-156,190,128)
(-183,183,121)
(-195,163,109)
(-196,154,112)
(-213,147,103)
(-210,146,104)
(-215,141,101)
(-223,131,95)
(-224,130,98)
(-224,130,86)
(-240,130,90)
(-249,127,61)
(-249,111,53)
(-269,107,41)
(-270,88,6)
(-271,89,-3)
(-276,72,-22)
(-286,78,-40)
(-284,74,-42)
(-280,58,-56)
(-274,56,-46)
(-277,51,-51)
(-273,51,-33)
(-272,50,-22)
(-270,56,4)
(-257,69,35)
(-256,70,36)
(-245,81,45)
(-254,78,42)
(-240,82,48)
(-247,81,39)
(-247,79,41)
(-246,72,38)
(-249,69,47)
(-248,76,40)
(-252,78,42)
(-244,76,42)
(-242,74,50)
(-252,66,46)
(-250,74,40)
(-250,76,48)
(-249,69,39)
(-250,66,30)
(-255,71,39)
(-248,72,40)
(-252,70,36)
(-256,58,36)
(-255,59,17)
(-273,45,-19)
(-269,47,-17)
(-274,40,-22)
(-270,42,-24)
(-280,34,-22)
(-272,44,-26)
(-265,43,-21)
(-265,43,-17)
(-268,40,-22)
(-270,40,-24)
(-274,40,-22)
(-268,38,-20)
(-265,47,-21)
(-281,43,-21)
(-259,37,-23)
(-266,46,-28)
(-264,38,-24)
(-269,45,-15)
(-266,38,-18)
(-277,35,-21)
(-269,33,-25)
(-268,36,-20)
(-275,45,-19)
(-268,40,-22)
(-277,41,-21)
(-151,119,-301)
(-155,117,-299)
(-151,123,-295)
(-151,117,-299)
(-149,117,-295)
(-157,115,-295)
(-148,122,-296)
(-146,120,-294)
(-142,126,-300)
(-149,111,-289)
(-149,103,-299)
(-138,86,-288)
(-145,85,-285)
(-134,62,-284)
(-132,68,-286)
(-134,56,-286)
(-141,49,-285)
(-130,50,-282)
(-127,39,-277)
(-124,38,-276)
(-129,35,-283)
(-126,36,-274)
(-127,31,-271)
(-133,33,-271)
(-132,28,-270)
(-123,17,-269)
(-129,25,-273)
(-127,25,-273)
(-119,29,-267)
(-137,37,-271)
(-137,37,-273)
(-143,43,-269)
(-155,51,-277)
(-152,52,-278)
(-136,54,-274)
(-147,55,-281)
(-149,63,-281)
(-156,70,-276)
(-162,82,-276)
(-166,94,-280)
(-170,98,-284)
(-169,99,-285)
(-164,112,-272)
(-163,111,-281)
(-180,122,-284)
(-170,102,-276)
(-159,107,-277)
(-160,88,-278)
(-162,78,-290)
(-151,77,-263)
(-154,64,-278)
(-155,53,-271)
(-152,48,-270)
(-143,41,-267)
(-139,31,-267)
(-137,25,-259)
(-127,11,-255)
(-134,4,-250)
(-124,-4,-254)
(-129,-1,-239)
(-130,0,-244)
(-125,-13,-235)
(-123,-21,-231)
(-127,-19,-235)
(-117,-35,-233)
(-122,-20,-228)
(-130,-10,-238)
(-141,3,-235)
(-139,-1,-247)
(-145,9,-255)
(-145,23,-253)
(-160,34,-260)
(-157,39,-257)
(-163,45,-255)
(-161,49,-265)
(-165,53,-263)
(-174,56,-260)
(-169,75,-255)
(-178,76,-274)
(-162,72,-268)
(-172,86,-282)
(-159,77,-269)
(-165,87,-279)
(-168,92,-274)
(-166,92,-280)
(-169,85,-273)
(-174,78,-264)
(-173,59,-259)
(-171,69,-271)
(-177,75,-269)
(-178,92,-272)
(-170,108,-280)
(-173,121,-281)
(-164,104,-276)
(-165,97,-275)
(-162,74,-272)
(-159,53,-265)
(-157,35,-255)
(-159,11,-251)
(-142,4,-248)
(-141,5,-237)
(-143,-11,-235)
(-139,-5,-231)
(-144,14,-242)
(-163,43,-255)
(-160,54,-264)
(-175,73,-269)
(-179,101,-261)
(-179,109,-263)
(-184,116,-264)
(-182,114,-262)
(-177,125,-267)
(-176,134,-260)
(-187,137,-269)
(-178,142,-260)
(-184,142,-262)
(-179,145,-269)
(-181,155,-263)
(-178,156,-262)
(-181,151,-267)
(-178,152,-272)
(-183,155,-269)
(-182,158,-254)
(-179,151,-265)
(-189,163,-261)
(-181,173,-263)
(-182,174,-264)
(-185,187,-259)
(-178,182,-260)
(-179,191,-245)
(-180,186,-258)
(-182,198,-248)
(-183,197,-247)
(-173,197,-255)
(-175,179,-253)
(-173,179,-253)
(-173,177,-253)
(-185,169,-267)
(-175,145,-259)
(-181,137,-259)
(-173,123,-265)
(-179,119,-263)
(-172,106,-270)
(-168,102,-276)
(-162,94,-278)
(-160,82,-266)
(-160,80,-270)
(-161,71,-271)
(-165,73,-271)
(-154,68,-266)
(-166,86,-268)
(-177,105,-267)
(-177,111,-271)
(-176,134,-264)
(-176,162,-266)
(-181,179,-259)
(-178,196,-256)
(-163,207,-245)
(-179,223,-235)
(-165,239,-233)
(-174,240,-228)
(-166,254,-218)
(-171,263,-207)
(-173,259,-205)
(-169,259,-205)
(-169,269,-203)
(-164,272,-194)
(-171,271,-191)
(-162,270,-194)
(-160,272,-194)
(-173,281,-177)
(-165,285,-171)
(-165,285,-175)
(-164,296,-162)
(-169,293,-161)
(-172,296,-154)
(-172,298,-138)
(-167,311,-131)
(-164,300,-126)
(-164,310,-110)
(-160,312,-112)
(-165,315,-107)
(-168,318,-104)
(-168,322,-96)
(-164,324,-92)
(-157,311,-81)
(-162,312,-88)
(-166,320,-84)
(-162,316,-84)
(-163,319,-89)
(-156,316,-78)
(-163,321,-85)
(-160,316,-74)
(-158,312,-78)
(-154,314,-68)
(-158,318,-64)
(-159,317,-69)
(-161,317,-65)
(-145,315,-55)
(-154,324,-46)
(-160,320,-42)
(-151,319,-47)
(-146,320,-36)
(-152,320,-32)
(-156,316,-38)
(-157,315,-35)
(-159,317,-31)
(-167,303,-53)
(-174,302,-72)
(-181,303,-61)
(-174,298,-80)
(-184,298,-100)
(-195,289,-111)
(-198,274,-120)
(-215,267,-109)
(-209,275,-111)
(-194,288,-106)
(-183,293,-101)
(-178,290,-116)
(-187,299,-121)
(-205,269,-119)
(-209,257,-99)
(-223,251,-83)
(-223,249,-63)
(-221,263,-53)
(-212,266,-52)
(-198,280,-66)
(-202,284,-72)
(-203,269,-75)
(-214,250,-68)
(-223,235,-43)
(-236,210,-14)
(-228,202,10)
(-237,193,5)
(-224,188,22)
(-230,184,26)
(-222,196,38)
(-212,214,28)
(-219,225,25)
(-212,236,14)
(-232,242,-10)
(-232,232,-14)
(-227,227,-23)
(-222,218,-12)
(-226,220,-12)
(-213,197,13)
(-223,187,43)
(-215,165,67)
(-205,153,79)
(-203,145,93)
(-194,160,94)
(-198,164,102)
(-196,156,104)
(-194,158,106)
(-190,162,100)
(-201,167,95)
(-206,164,106)
(-200,164,94)
(-202,162,96)
(-205,163,101)
(-215,163,89)
(-219,171,83)
(-224,168,76)
(-231,185,61)
(-233,195,61)
(-233,195,53)
(-235,207,37)
(-242,192,46)
(-233,171,53)
(-230,144,84)
(-205,135,99)
(-198,114,104)
(-208,130,88)
(-219,141,87)
(-216,158,98)
(-193,167,97)
(-194,132,108)
(-197,105,109)
(-204,80,82)
(-223,67,63)
(-230,76,46)
(-245,95,37)
(-240,102,34)
(-245,99,21)
(-252,100,20)
(-260,104,-2)
(-252,120,-4)
(-249,121,-5)
(-259,123,-17)
(-271,133,-31)
(-256,138,-40)
(-260,144,-44)
(-266,150,-56)
(-269,155,-55)
(-259,165,-59)
(-256,172,-64)
(-256,178,-70)
(-251,183,-75)
(-249,181,-63)
(-260,164,-58)
(-262,138,-50)
(-256,112,-34)
(-257,109,-41)
(-260,116,-56)
(-262,108,-58)
(-269,125,-71)
(-266,156,-76)
(-260,180,-88)
(-264,180,-90)
(-266,168,-72)
(-272,142,-86)
(-271,145,-93)
(-274,156,-112)
(-253,191,-125)
(-241,229,-127)
(-225,249,-149)
(-211,271,-151)
(-210,270,-152)
(-225,245,-147)
(-242,230,-142)
(-234,226,-142)
(-235,229,-131)
(-233,235,-137)
(-224,256,-142)
(-204,276,-146)
(-187,285,-155)
(-178,288,-144)
(-158,306,-146)
(-151,319,-133)
(-129,337,-127)
(-94,342,-136)
(-82,344,-136)
(-53,335,-137)
(-24,338,-138)
(-7,331,-139)
(22,340,-146)
(29,327,-131)
(38,312,-138)
(49,315,-141)
(69,307,-135)
(73,307,-141)
(71,303,-145)
(67,297,-149)
(51,315,-147)
(41,317,-147)
(13,327,-145)
(19,325,-143)
(-27,333,-153)
(-51,341,-153)
(-99,333,-151)
(-115,325,-149)
(-135,321,-145)
(-152,314,-136)
(-163,301,-127)
(-183,293,-125)
(-202,284,-124)
(-210,266,-120)
(-239,233,-113)
(-248,216,-106)
(-254,198,-100)
(-258,178,-76)
(-255,167,-79)
(-260,156,-74)
(-268,116,-50)
(-251,99,-31)
(-251,71,1)
(-223,45,17)
(-203,25,49)
(-152,30,98)
(-152,38,110)
(-123,51,123)
(-98,86,146)
(-88,108,148)
(-73,147,157)
(-70,178,146)
(-69,209,151)
(-68,216,134)
(-63,231,135)
(-58,236,122)
(-68,244,132)
(-56,248,122)
(-51,259,117)
(-56,268,114)
(-68,272,116)
(-68,280,106)
(-65,279,109)
(-64,288,94)
(-64,288,90)
(-65,305,75)
(-63,303,77)
(-70,312,72)
(-65,311,61)
(-71,321,47)
(-82,322,58)
(-81,305,73)
(-87,293,95)
(-88,268,108)
(-85,267,111)
(-84,270,104)
(-83,285,91)
(-92,310,72)
(-108,316,58)
(-122,290,70)
(-123,263,95)
(-120,242,112)
(-93,255,105)
(-87,287,83)
(-74,306,72)
(-73,333,37)
(-75,343,25)
(-90,348,0)
(-97,347,3)
(-107,341,9)
(-131,317,29)
(-129,309,55)
(-127,301,65)
(-116,316,50)
(-129,331,45)
(-140,316,44)
(-172,288,50)
(-210,258,56)
(-238,222,32)
(-263,201,-7)
(-272,192,-38)
(-281,201,-77)
(-273,209,-129)
(-255,223,-149)
(-240,220,-156)
(-253,207,-163)
(-256,206,-180)
(-247,207,-187)
(-237,185,-193)
(-230,186,-204)
(-231,201,-213)
(-224,208,-218)
(-209,205,-219)
(-214,198,-230)
(-205,199,-227)
(-200,200,-244)
(-181,211,-259)
(-160,222,-266)
(-147,239,-263)
(-131,243,-269)
(-101,263,-269)
(-74,282,-254)
(-65,301,-241)
(-72,308,-224)
(-76,324,-206)
(-62,320,-204)
(-64,334,-194)
(-50,338,-176)
(-52,344,-174)
(-54,334,-170)
(-66,346,-156)
(-70,342,-156)
(-78,346,-156)
(-72,338,-140)
(-95,339,-153)
(-107,327,-167)
(-128,310,-192)
(-136,292,-202)
(-147,285,-209)
(-153,267,-219)
(-177,253,-213)
(-185,243,-217)
(-200,218,-216)
(-208,192,-216)
(-222,170,-212)
(-228,150,-214)
(-220,138,-212)
(-209,127,-227)
(-197,105,-245)
(-175,87,-251)
(-174,62,-252)
(-166,52,-256)
(-174,42,-242)
(-180,38,-234)
(-158,32,-232)
(-147,23,-241)
(-145,1,-233)
(-123,3,-223)
(-125,-9,-213)
(-125,-11,-221)
(-124,-24,-208)
(-114,-20,-218)
(-134,-16,-218)
(-136,-22,-204)
(-152,-26,-194)
(-162,-26,-192)
(-163,-11,-195)
(-184,2,-206)
(-194,12,-198)
(-205,5,-193)
(-199,-5,-165)
(-194,-18,-152)
(-181,-35,-127)
(-172,-48,-112)
(-155,-67,-101)
(-136,-72,-88)
(-120,-74,-80)
(-120,-78,-90)
(-130,-76,-92)
(-149,-69,-121)
(-149,-57,-121)
(-176,-42,-134)
(-211,-11,-125)
(-216,6,-120)
(-231,21,-109)
(-242,32,-72)
(-251,35,-73)
(-252,52,-46)
(-251,59,-33)
(-251,55,-23)
(-253,55,-29)
(-253,79,-15)
(-260,84,-20)
(-258,70,-40)
(-254,48,-80)
(-244,40,-82)
(-229,19,-105)
(-216,4,-122)
(-202,-18,-128)
(-192,-22,-146)
(-189,-21,-137)
(-201,-15,-127)
(-212,-2,-124)
(-224,4,-110)
(-238,20,-80)
(-256,28,-68)
(-245,47,-53)
(-254,56,-38)
(-250,50,-34)
(-245,47,-49)
(-242,30,-82)
(-218,8,-112)
(-220,4,-112)
(-208,0,-124)
(-205,-15,-137)
(-198,-20,-132)
(-193,-21,-145)
(-210,-12,-126)
(-221,11,-101)
(-238,36,-76)
(-243,43,-51)
(-248,44,-38)
(-240,58,-34)
(-238,36,-42)
(-238,32,-70)
(-235,29,-81)
(-231,29,-115)
(-218,24,-140)
(-210,34,-168)
(-195,37,-197)
(-178,32,-212)
(-193,25,-195)
(-207,37,-175)
(-234,46,-132)
(-243,45,-103)
(-239,49,-79)
(-241,49,-69)
(-246,54,-50)
(-244,50,-72)
(-244,46,-104)
(-231,47,-125)
(-229,51,-153)
(-220,46,-154)
(-223,41,-169)
(-205,45,-191)
(-190,40,-206)
(-182,42,-218)
(-194,36,-212)
(-218,52,-176)
(-218,56,-168)
(-237,49,-145)
(-242,58,-126)
(-246,60,-120)
(-240,52,-120)
(-232,50,-130)
(-225,59,-155)
(-214,48,-176)
(-203,57,-199)
(-203,53,-211)
(-195,51,-213)
(-198,48,-208)
(-211,47,-187)
(-232,52,-148)
(-246,54,-110)
(-253,55,-75)
(-247,63,-71)
(-244,60,-98)
(-237,51,-139)
(-230,40,-152)
(-213,41,-183)
(-210,40,-188)
(-197,43,-205)
(-199,37,-197)
(-209,27,-157)
(-233,31,-123)
(-210,18,-142)
(-205,5,-167)
(-181,-9,-173)
(-165,-23,-177)
(-156,-24,-182)
(-127,-35,-193)
(-113,-39,-207)
(-99,-41,-197)
(-97,-39,-199)
(-151,-17,-187)
(-213,13,-139)
(-237,41,-101)
(-242,46,-98)
(-246,56,-64)
(-239,71,-7)
(-242,74,28)
(-212,84,84)
(-187,75,111)
(-182,88,116)
(-163,85,123)
(-158,92,116)
(-179,127,117)
(-178,136,112)
(-175,149,115)
(-182,152,114)
(-172,142,110)
(-166,144,124)
(-154,150,136)
(-148,158,140)
(-136,156,138)
(-133,155,147)
(-135,153,133)
(-138,144,142)
(-130,146,134)
(-132,136,132)
(-129,151,145)
(-131,153,137)
(-141,151,139)
(-160,144,130)
(-166,156,118)
(-196,152,104)
(-205,145,83)
(-185,123,101)
(-162,132,130)
(-157,121,115)
(-140,120,140)
(-128,114,144)
(-119,119,145)
(-113,117,159)
(-124,106,140)
(-120,114,148)
(-116,122,142)
(-128,114,146)
(-118,108,144)
(-127,107,143)
(-115,97,135)
(-115,95,139)
(-111,77,131)
(-110,94,146)
(-116,92,142)
(-122,80,146)
(-119,85,139)
(-118,84,140)
(-120,92,142)
(-124,84,132)
(-134,88,142)
(-128,78,132)
(-121,91,143)
(-140,86,130)
(-137,77,125)
(-147,87,125)
(-146,100,124)
(-163,83,115)
(-178,64,100)
(-197,59,69)
(-226,72,40)
(-236,66,12)
(-250,80,-26)
(-260,88,-40)
(-257,93,-45)
(-265,95,-65)
(-267,105,-77)
(-264,88,-48)
(-251,89,17)
(-224,102,62)
(-207,103,93)
(-201,93,99)
(-199,99,103)
(-206,104,82)
(-213,93,83)
(-230,98,56)
(-252,94,18)
(-255,97,-15)
(-262,96,-36)
(-263,95,-47)
(-266,100,-30)
(-254,94,30)
(-231,93,63)
(-204,82,76)
(-200,80,84)
(-178,58,96)
(-162,40,120)
(-137,49,123)
(-130,40,136)
(-112,46,132)
(-113,37,139)
(-114,48,132)
(-98,38,132)
(-93,41,137)
(-106,38,136)
(-130,50,128)
(-161,41,111)
(-193,33,89)
(-203,45,87)
(-206,54,62)
(-221,53,39)
(-247,63,19)
(-244,64,-10)
(-264,78,-16)
(-262,68,-34)
(-246,48,-14)
(-230,48,38)
(-190,56,80)
(-174,46,110)
(-154,50,124)
(-118,50,138)
(-107,53,149)
(-104,62,148)
(-139,59,125)
(-171,61,115)
(-205,73,85)
(-200,76,92)
(-215,71,79)
(-232,68,36)
(-241,63,-11)
(-255,75,-39)
(-262,78,-68)
(-263,95,-117)
(-260,106,-138)
(-252,118,-164)
(-245,121,-191)
(-219,131,-225)
(-195,137,-241)
(-173,141,-269)
(-160,154,-266)
(-148,140,-280)
(-118,146,-296)
(-105,147,-303)
(-112,134,-298)
(-134,124,-288)
(-169,111,-261)
(-190,100,-236)
(-220,96,-206)
(-234,94,-186)
(-244,92,-152)
(-261,95,-125)
(-257,103,-83)
(-260,112,-42)
(-252,122,6)
(-221,115,57)
(-202,106,84)
(-187,107,109)
(-186,102,118)
(-187,107,115)
(-188,110,98)
(-200,124,92)
(-217,127,75)
(-228,126,48)
(-235,125,39)
(-234,124,52)
(-233,115,51)
(-238,122,44)
(-232,126,46)
(-231,117,51)
(-234,116,52)
(-236,124,52)
(-236,114,44)
(-235,125,51)
(-234,126,44)
(-239,123,47)
(-240,130,46)
(-235,123,43)
(-233,129,47)
(-238,120,42)
(-242,118,46)
(-240,116,46)
(-235,123,39)
(-233,131,39)
(-242,130,44)
(-246,118,38)
(-244,120,34)
(-246,128,36)
(-240,114,42)
(-247,113,35)
(-240,112,34)
