(-24,76,-418)
(-31,85,-413)
(-17,83,-411)
(-17,77,-413)
(-17,81,-417)
(-25,87,-417)
(-23,87,-415)
(-15,83,-413)
(-30,76,-416)
(-11,81,-413)
(-20,86,-408)
(-21,77,-411)
(-23,85,-421)
(-23,77,-411)
(-30,82,-412)
(-26,78,-410)
(-30,84,-414)
(-35,79,-415)
(-28,78,-408)
(-46,76,-404)
(-41,67,-403)
(-45,69,-395)
(-49,75,-393)
(-56,70,-386)
(-59,67,-383)
(-69,61,-379)
(-75,59,-373)
(-77,63,-365)
(-86,54,-356)
(-94,52,-348)
(-104,42,-328)
(-93,33,-311)
(-107,33,-287)
(-105,29,-275)
(-118,24,-262)
(-111,21,-235)
(-107,15,-223)
(-109,19,-197)
(-102,12,-182)
(-88,10,-158)
(-81,13,-149)
(-61,1,-123)
(-47,-3,-107)
(-39,11,-97)
(-22,20,-94)
(-11,11,-79)
(4,22,-60)
(19,27,-61)
(45,27,-61)
(58,34,-58)
(75,35,-67)
(100,52,-74)
(113,61,-79)
(122,66,-96)
(147,79,-97)
(155,89,-113)
(156,108,-112)
(169,117,-113)
(188,132,-102)
(193,145,-109)
(199,147,-117)
(196,154,-124)
(205,145,-129)
(201,153,-131)
(204,162,-136)
(206,162,-134)
(201,157,-117)
(199,159,-109)
(191,153,-101)
(195,139,-93)
(187,141,-85)
(179,131,-73)
(172,126,-72)
(159,113,-69)
(152,102,-66)
(132,88,-58)
(118,78,-52)
(89,49,-63)
(69,27,-99)
(48,2,-136)
(31,-9,-141)
(22,-12,-166)
(20,-12,-176)
(14,-18,-186)
(5,-23,-199)
(4,-18,-216)
(2,-14,-232)
(-8,-16,-256)
(-2,-10,-272)
(-5,1,-285)
(-12,-4,-298)
(-14,-4,-318)
(-11,9,-335)
(-13,35,-353)
(-14,38,-374)
(-19,65,-401)
(-17,69,-415)
(-11,97,-441)
(-15,115,-441)
(-24,120,-442)
(-15,137,-451)
(-14,154,-456)
(-32,162,-460)
(-35,173,-453)
(-51,159,-455)
(-63,163,-447)
(-63,155,-449)
(-72,146,-442)
(-77,149,-443)
(-83,155,-447)
(-77,183,-439)
(-56,186,-454)
(-32,182,-462)
(-10,182,-464)
(4,174,-462)
(19,175,-463)
(26,186,-458)
(24,184,-458)
(19,179,-457)
(5,169,-459)
(-16,148,-452)
(-36,116,-430)
(-55,99,-429)
(-67,71,-393)
(-77,41,-343)
(-61,11,-317)
(-49,5,-271)
(-43,-3,-233)
(-43,-5,-205)
(-37,-7,-173)
(-14,-6,-146)
(-3,-13,-119)
(12,10,-84)
(31,29,-71)
(54,36,-48)
(70,56,-50)
(80,68,-42)
(92,92,-40)
(117,99,-41)
(125,107,-51)
(135,119,-41)
(132,134,-44)
(135,137,-45)
(137,133,-35)
(133,137,-33)
(138,136,-36)
(138,146,-38)
(141,141,-45)
(134,138,-32)
(124,132,-28)
(119,125,-25)
(99,99,-27)
(97,87,-21)
(72,74,-24)
(52,56,-34)
(49,47,-25)
(21,31,-47)
(13,23,-63)
(-8,6,-86)
(-20,-2,-110)
(-43,-5,-133)
(-50,-6,-142)
(-58,-12,-198)
(-65,-13,-207)
(-54,-12,-242)
(-58,-10,-274)
(-51,1,-301)
(-48,10,-334)
(-41,33,-357)
(-56,44,-386)
(-55,61,-401)
(-54,66,-400)
(-46,70,-414)
(-51,63,-407)
(-57,61,-399)
(-69,55,-387)
(-71,55,-377)
(-72,36,-360)
(-75,25,-347)
(-98,22,-316)
(-90,8,-288)
(-94,10,-274)
(-94,6,-244)
(-97,-1,-203)
(-90,12,-156)
(-66,14,-112)
(-30,30,-66)
(-10,46,-34)
(18,72,-8)
(34,90,-12)
(60,104,0)
(83,125,-11)
(117,153,-27)
(130,178,-32)
(146,196,-40)
(164,206,-72)
(176,222,-98)
(192,234,-112)
(210,264,-110)
(210,266,-134)
(209,283,-157)
(215,285,-181)
(210,296,-192)
(204,300,-210)
(209,303,-231)
(192,308,-240)
(197,309,-253)
(188,316,-266)
(191,311,-257)
(198,312,-254)
(197,311,-247)
(199,301,-231)
(218,286,-204)
(216,278,-192)
(210,272,-166)
(216,266,-142)
(206,246,-106)
(201,243,-83)
(184,246,-54)
(165,229,-25)
(140,232,-2)
(127,227,15)
(95,235,37)
(71,233,45)
(46,238,52)
(11,223,51)
(-21,191,27)
(-37,179,21)
(-64,182,16)
(-85,169,5)
(-99,163,-3)
(-115,163,-27)
(-129,151,-37)
(-134,150,-40)
(-140,132,-64)
(-152,120,-76)
(-159,111,-93)
(-161,101,-107)
(-171,103,-123)
(-166,94,-138)
(-169,77,-157)
(-169,69,-179)
(-168,60,-192)
(-155,59,-219)
(-156,46,-256)
(-137,45,-285)
(-139,45,-301)
(-130,56,-320)
(-136,58,-330)
(-133,77,-341)
(-130,78,-352)
(-127,87,-365)
(-132,86,-362)
(-120,82,-368)
(-109,83,-381)
(-103,83,-385)
(-97,85,-387)
(-98,88,-394)
(-92,88,-384)
(-107,79,-383)
(-116,78,-360)
(-132,76,-346)
(-151,83,-329)
(-162,74,-292)
(-168,72,-266)
(-176,58,-230)
(-170,64,-200)
(-165,67,-167)
(-163,67,-147)
(-157,75,-131)
(-152,78,-110)
(-134,78,-92)
(-134,76,-74)
(-116,84,-62)
(-111,85,-51)
(-98,108,-28)
(-88,108,-16)
(-68,112,-2)
(-49,115,3)
(-27,125,3)
(-11,121,17)
(3,135,15)
(23,139,21)
(28,142,24)
(43,151,17)
(39,155,11)
(57,159,21)
(68,160,8)
(79,161,11)
(88,168,2)
(102,172,-2)
(110,174,-4)
(124,186,-18)
(129,183,-17)
(130,180,-26)
(139,197,-33)
(154,202,-44)
(158,208,-52)
(170,214,-68)
(179,211,-79)
(171,221,-95)
(187,227,-103)
(205,245,-91)
(206,252,-112)
(215,253,-123)
(223,251,-151)
(219,263,-173)
(215,263,-175)
(221,271,-187)
(226,270,-190)
(217,281,-205)
(214,286,-210)
(212,286,-220)
(210,306,-216)
(203,299,-213)
(204,298,-222)
(213,301,-227)
(205,303,-225)
(196,308,-238)
(196,312,-250)
(203,313,-257)
(194,318,-260)
(194,314,-256)
(185,315,-275)
(184,318,-284)
(186,320,-284)
(180,318,-290)
(180,316,-294)
(174,320,-296)
(174,316,-300)
(170,314,-306)
(160,322,-320)
(158,314,-334)
(152,314,-338)
(142,326,-336)
(142,326,-346)
(139,321,-343)
(139,319,-343)
(144,320,-346)
(130,326,-360)
(127,327,-361)
(124,328,-370)
(114,330,-374)
(111,323,-373)
(110,320,-376)
(91,323,-391)
(91,317,-379)
(89,321,-391)
(89,321,-397)
(83,331,-387)
(68,326,-394)
(62,336,-388)
(68,316,-390)
(69,317,-397)
(62,316,-396)
(67,313,-401)
(58,304,-404)
(54,292,-408)
(55,295,-413)
(53,289,-423)
(56,266,-428)
(76,256,-414)
(92,242,-406)
(100,216,-414)
(108,188,-408)
(112,164,-388)
(114,150,-368)
(120,130,-360)
(126,110,-346)
(135,87,-313)
(135,83,-297)
(133,75,-269)
(142,70,-248)
(158,66,-216)
(143,59,-189)
(139,53,-167)
(133,53,-141)
(145,53,-137)
(148,66,-134)
(144,66,-118)
(142,68,-104)
(141,79,-97)
(150,76,-90)
(140,68,-94)
(143,71,-93)
(144,74,-112)
(145,75,-103)
(132,74,-94)
(125,65,-85)
(123,59,-75)
(111,61,-77)
(101,55,-73)
(106,56,-60)
(98,66,-48)
(90,66,-50)
(86,76,-42)
(101,65,-43)
(90,64,-48)
(97,67,-47)
(91,71,-37)
(90,80,-36)
(84,84,-26)
(79,79,-17)
(89,85,-17)
(92,84,-22)
(87,87,-27)
(81,85,-25)
(71,75,-19)
(59,75,-19)
(45,65,-29)
(36,56,-30)
(25,47,-53)
(28,32,-84)
(30,16,-110)
(20,14,-144)
(12,0,-186)
(16,-10,-224)
(19,-13,-249)
(11,-3,-279)
(10,6,-308)
(-6,10,-320)
(-11,23,-349)
(-16,42,-390)
(-33,59,-405)
(-31,73,-417)
(-26,78,-416)
(-15,85,-431)
(1,97,-441)
(17,91,-437)
(11,107,-437)
(5,109,-443)
(-10,108,-438)
(-30,96,-436)
(-57,87,-417)
(-73,67,-405)
(-83,47,-365)
(-88,26,-318)
(-83,5,-281)
(-64,-10,-218)
(-42,-6,-168)
(-12,0,-136)
(3,9,-105)
(32,20,-86)
(70,50,-68)
(82,70,-50)
(106,116,-38)
(121,149,-45)
(129,171,-33)
(134,208,-42)
(128,228,-40)
(118,252,-36)
(87,253,-25)
(67,243,-15)
(48,222,-10)
(27,195,-1)
(22,168,4)
(7,137,-3)
(10,98,-10)
(18,64,-32)
(30,36,-64)
(31,15,-97)
(51,9,-131)
(58,2,-168)
(77,3,-191)
(77,9,-199)
(91,7,-205)
(86,6,-188)
(91,23,-173)
(97,23,-155)
(109,37,-131)
(127,53,-107)
(130,70,-104)
(143,99,-91)
(141,119,-77)
(158,146,-62)
(138,170,-54)
(128,186,-36)
(91,189,-11)
(75,191,1)
(56,172,8)
(45,151,11)
(38,126,0)
(39,97,-13)
(50,78,-24)
(49,49,-53)
(57,33,-81)
(36,18,-100)
(26,8,-110)
(36,16,-110)
(22,-2,-110)
(24,8,-116)
(19,5,-121)
(12,2,-126)
(12,-8,-140)
(5,-3,-133)
(1,-7,-145)
(-1,-17,-147)
(2,-10,-142)
(4,-4,-132)
(2,0,-132)
(5,-7,-125)
(8,4,-114)
(9,9,-99)
(27,9,-111)
(22,6,-116)
(23,3,-111)
(38,6,-118)
(42,0,-108)
(47,7,-113)
(50,14,-108)
(56,12,-108)
(56,18,-110)
(62,26,-102)
(72,28,-92)
(78,30,-94)
(81,39,-81)
(79,37,-65)
(65,45,-55)
(73,61,-59)
(76,62,-54)
(80,64,-38)
(70,74,-42)
(72,70,-40)
(82,74,-46)
(94,84,-46)
(107,105,-45)
(117,119,-41)
(128,144,-42)
(137,159,-53)
(141,191,-59)
(151,219,-55)
(147,265,-65)
(121,273,-53)
(100,288,-38)
(60,284,-18)
(31,259,-7)
(3,237,-1)
(-13,207,7)
(-23,177,13)
(-37,147,7)
(-35,117,-7)
(-26,96,-8)
(-26,58,-30)
(-16,32,-52)
(-23,21,-87)
(-32,-4,-128)
(-29,-15,-177)
(-34,-24,-196)
(-38,-16,-234)
(-40,-8,-288)
(-50,6,-316)
(-52,22,-346)
(-50,38,-372)
(-42,50,-398)
(-43,75,-411)
(-33,85,-427)
(-33,93,-433)
(-18,112,-444)
(-20,116,-448)
(-3,123,-449)
(5,129,-457)
(19,145,-459)
(30,160,-464)
(43,175,-467)
(48,200,-464)
(62,206,-468)
(57,203,-463)
(62,198,-458)
(71,175,-451)
(73,173,-451)
(83,139,-439)
(79,123,-421)
(91,111,-407)
(97,111,-399)
(107,103,-391)
(104,108,-394)
(110,98,-386)
(114,92,-370)
(118,92,-374)
(109,97,-375)
(109,95,-375)
(99,109,-395)
(105,101,-403)
(83,103,-411)
(77,105,-407)
(60,98,-402)
(55,97,-397)
(51,93,-405)
(31,81,-407)
(30,92,-408)
(17,71,-405)
(7,63,-395)
(-3,55,-393)
(-9,43,-383)
(-21,41,-371)
(-25,31,-353)
(-26,26,-348)
(-32,8,-322)
(-30,8,-310)
(-27,-7,-281)
(-30,-10,-272)
(-38,-12,-244)
(-23,-13,-215)
(-16,-20,-196)
(-9,-19,-185)
(-3,-15,-163)
(14,-8,-148)
(20,-6,-130)
(24,6,-118)
(38,18,-104)
(53,23,-97)
(61,23,-89)
(72,34,-80)
(104,50,-82)
(111,63,-67)
(127,81,-83)
(135,93,-77)
(148,114,-78)
(165,129,-83)
(179,151,-101)
(187,175,-111)
(192,206,-122)
(220,226,-124)
(219,245,-143)
(218,266,-158)
(221,289,-175)
(213,301,-191)
(203,311,-207)
(202,330,-220)
(186,340,-222)
(180,360,-208)
(169,369,-161)
(146,378,-138)
(130,376,-88)
(100,370,-60)
(74,350,-16)
(33,325,-5)
(-18,266,-16)
(-36,238,-18)
(-65,211,-15)
(-86,170,-20)
(-96,140,-30)
(-106,108,-56)
(-112,72,-82)
(-117,55,-115)
(-121,41,-161)
(-125,29,-207)
(-108,18,-264)
(-115,33,-315)
(-102,56,-356)
(-106,58,-364)
(-102,62,-368)
(-95,57,-367)
(-77,41,-365)
(-64,16,-336)
(-36,4,-308)
(-17,-11,-283)
(9,-5,-255)
(39,-11,-231)
(71,-1,-209)
(92,16,-190)
(125,31,-183)
(143,57,-167)
(177,87,-155)
(203,139,-137)
(208,178,-138)
(220,210,-120)
(213,247,-109)
(189,273,-81)
(179,289,-51)
(136,308,-26)
(102,330,0)
(70,310,4)
(31,299,25)
(-33,237,-9)
(-61,211,-19)
(-81,189,-13)
(-104,160,-36)
(-113,139,-51)
(-116,102,-72)
(-129,83,-99)
(-126,62,-126)
(-127,39,-155)
(-127,31,-195)
(-132,12,-236)
(-117,19,-283)
(-114,26,-302)
(-113,31,-299)
(-123,35,-289)
(-123,29,-281)
(-109,25,-261)
(-105,-1,-223)
(-85,1,-189)
(-78,8,-164)
(-48,4,-128)
(-24,4,-106)
(1,21,-87)
(30,22,-78)
(57,31,-63)
(88,56,-66)
(113,75,-67)
(133,95,-77)
(154,114,-84)
(165,129,-97)
(175,147,-113)
(186,158,-128)
(193,177,-141)
(215,223,-131)
(211,235,-151)
(226,256,-154)
(213,265,-163)
(214,276,-168)
(209,301,-165)
(200,306,-148)
(182,322,-114)
(163,329,-73)
(133,333,-37)
(112,318,-14)
(74,312,10)
(44,282,22)
(22,244,40)
(-8,194,8)
(-14,154,8)
(-21,125,11)
(-17,127,7)
(6,124,6)
(25,111,1)
(25,85,-17)
(19,49,-33)
(-9,29,-65)
(-25,1,-109)
(-43,-9,-165)
(-54,-6,-204)
(-57,-17,-257)
(-42,-4,-290)
(-48,6,-322)
(-46,26,-360)
(-43,47,-371)
(-59,79,-405)
(-46,92,-430)
(-53,125,-439)
(-47,141,-453)
(-39,159,-463)
(-33,175,-461)
(-33,199,-467)
(-34,222,-466)
(-31,243,-463)
(-36,264,-458)
(-26,272,-466)
(-34,284,-450)
(-24,296,-438)
(-30,308,-438)
(-28,300,-442)
(-30,316,-434)
(-17,317,-435)
(-32,320,-436)
(-38,318,-430)
(-51,327,-425)
(-65,317,-421)
(-70,318,-416)
(-74,320,-412)
(-73,307,-409)
(-82,314,-408)
(-81,309,-407)
(-81,313,-409)
(-83,315,-397)
(-79,315,-393)
(-70,314,-390)
(-82,320,-396)
(-90,320,-378)
(-90,330,-374)
(-91,325,-371)
(-91,333,-359)
(-102,338,-338)
(-107,341,-311)
(-102,346,-278)
(-94,354,-264)
(-86,358,-232)
(-89,369,-211)
(-87,353,-183)
(-71,353,-161)
(-70,342,-124)
(-57,331,-97)
(-51,323,-83)
(-46,322,-70)
(-47,309,-47)
(-44,290,-36)
(-32,276,-24)
(-29,261,-17)
(-24,244,-16)
(-22,228,4)
(-22,222,6)
(-24,216,2)
(-25,203,11)
(-13,171,5)
(-15,185,13)
(-16,182,10)
(-20,196,10)
(-17,221,-1)
(-23,229,-11)
(-38,254,-20)
(-44,274,-46)
(-51,307,-59)
(-58,328,-74)
(-59,343,-105)
(-73,357,-157)
(-71,367,-183)
(-76,362,-230)
(-77,367,-273)
(-75,353,-321)
(-80,332,-356)
(-78,316,-388)
(-72,278,-406)
(-77,263,-429)
(-76,228,-442)
(-65,197,-445)
(-42,178,-454)
(-37,171,-447)
(-43,177,-457)
(-41,181,-453)
(-51,191,-453)
(-47,211,-453)
(-70,230,-446)
(-74,250,-440)
(-88,280,-428)
(-89,299,-397)
(-101,327,-359)
(-102,334,-308)
(-107,347,-263)
(-103,355,-211)
(-90,348,-166)
(-81,331,-123)
(-72,304,-90)
(-45,283,-51)
(-46,266,-32)
(-36,252,-18)
(-33,247,-15)
(-39,227,-7)
(-37,221,-7)
(-28,228,-14)
(-39,241,-19)
(-43,273,-37)
(-53,287,-57)
(-64,306,-76)
(-63,327,-101)
(-79,341,-131)
(-87,349,-173)
(-83,351,-203)
(-88,358,-248)
(-85,351,-273)
(-97,345,-299)
(-96,336,-330)
(-93,337,-351)
(-89,317,-375)
(-105,279,-385)
(-99,271,-405)
(-96,232,-422)
(-102,194,-430)
(-88,162,-436)
(-64,130,-432)
(-50,106,-416)
(-39,71,-403)
(-15,45,-377)
(0,28,-352)
(15,15,-311)
(19,3,-285)
(12,-8,-248)
(7,-9,-213)
(18,-4,-202)
(25,-11,-189)
(22,-6,-180)
(25,9,-165)
(27,5,-147)
(15,-5,-129)
(21,11,-117)
(16,8,-124)
(14,4,-142)
(27,-3,-177)
(22,-12,-216)
(16,-2,-252)
(14,0,-296)
(-12,16,-332)
(-18,46,-368)
(-34,82,-410)
(-60,120,-436)
(-77,167,-441)
(-100,232,-438)
(-114,276,-400)
(-124,302,-362)
(-127,321,-323)
(-121,339,-265)
(-116,328,-200)
(-110,326,-144)
(-95,305,-99)
(-96,270,-84)
(-96,260,-58)
(-86,240,-34)
(-91,223,-35)
(-88,198,-22)
(-89,191,-27)
(-100,180,-28)
(-109,163,-27)
(-108,150,-46)
(-115,157,-41)
(-112,152,-40)
(-124,152,-52)
(-125,163,-59)
(-130,172,-64)
(-143,189,-73)
(-142,192,-80)
(-146,206,-94)
(-145,229,-111)
(-144,240,-114)
(-146,252,-130)
(-149,267,-141)
(-152,272,-152)
(-152,280,-174)
(-151,279,-205)
(-152,280,-254)
(-157,269,-295)
(-155,253,-309)
(-161,239,-339)
(-159,199,-361)
(-160,184,-376)
(-139,173,-387)
(-136,172,-392)
(-125,155,-411)
(-117,151,-413)
(-113,133,-401)
(-99,135,-411)
(-106,122,-404)
(-103,119,-411)
(-99,135,-403)
(-110,134,-396)
(-122,140,-398)
(-132,148,-392)
(-143,157,-381)
(-151,177,-381)
(-157,179,-365)
(-162,200,-350)
(-166,214,-334)
(-176,226,-328)
(-166,228,-314)
(-160,240,-304)
(-175,253,-287)
(-168,250,-284)
(-164,258,-272)
(-166,260,-262)
(-170,260,-238)
(-171,261,-229)
(-164,250,-216)
(-166,242,-194)
(-165,239,-181)
(-162,242,-166)
(-168,228,-158)
(-168,218,-148)
(-164,200,-142)
(-167,197,-139)
(-171,179,-141)
(-165,159,-147)
(-174,164,-148)
(-172,154,-154)
(-176,136,-158)
(-184,134,-172)
(-176,120,-178)
(-172,104,-192)
(-169,91,-205)
(-171,75,-203)
(-168,74,-226)
(-166,70,-240)
(-159,61,-253)
(-161,59,-265)
(-152,64,-286)
(-155,55,-303)
(-143,49,-311)
(-132,60,-316)
(-130,58,-330)
(-115,61,-335)
(-116,62,-340)
(-107,57,-357)
(-103,73,-363)
(-100,84,-368)
(-95,87,-389)
(-92,114,-406)
(-97,121,-403)
(-89,141,-415)
(-88,140,-428)
(-97,151,-431)
(-90,168,-432)
(-80,192,-438)
(-88,196,-436)
(-89,203,-437)
(-96,202,-438)
(-85,197,-441)
(-76,188,-440)
(-68,184,-450)
(-70,156,-434)
(-72,144,-434)
(-65,125,-433)
(-71,111,-425)
(-41,85,-419)
(-42,62,-398)
(-42,52,-380)
(-34,34,-370)
(-24,30,-344)
(-18,10,-346)
(-6,10,-324)
(-2,4,-318)
(8,0,-300)
(3,-17,-267)
(19,-15,-239)
(14,-8,-210)
(19,-7,-175)
(22,-4,-158)
(21,1,-129)
(24,6,-120)
(38,22,-92)
(42,38,-76)
(43,53,-49)
(43,85,-33)
(57,117,-15)
(45,129,-1)
(48,150,2)
(44,180,-6)
(46,176,-2)
(51,187,-1)
(46,192,0)
(50,204,-2)
(45,213,-7)
(45,207,1)
(40,216,-6)
(30,254,-10)
(17,259,-3)
(26,268,-18)
(16,278,-20)
(9,295,-39)
(4,314,-44)
(-3,325,-61)
(-10,332,-80)
(-10,346,-86)
(-19,363,-115)
(-22,372,-126)
(-17,371,-145)
(-22,380,-144)
(-9,385,-167)
(-13,383,-183)
(-10,386,-198)
(-9,389,-213)
(-5,397,-229)
(-6,396,-236)
(1,399,-259)
(-1,395,-263)
(1,393,-281)
(5,399,-303)
(13,389,-305)
(10,392,-320)
(7,385,-329)
(29,391,-327)
(33,377,-339)
(42,380,-338)
(53,375,-329)
(54,376,-316)
(61,387,-299)
(53,387,-275)
(63,393,-247)
(70,390,-218)
(61,391,-195)
(68,368,-174)
(61,377,-163)
(73,361,-131)
(85,351,-121)
(92,342,-108)
(87,333,-103)
(86,322,-78)
(93,317,-73)
(92,308,-64)
(89,293,-57)
(94,282,-46)
(94,258,-44)
(101,247,-33)
(104,226,-24)
(106,210,-28)
(112,186,-26)
(110,164,-32)
(109,153,-37)
(116,134,-42)
(107,117,-49)
(116,104,-58)
(112,72,-70)
(110,70,-82)
(114,64,-98)
(118,52,-124)
(105,51,-139)
(110,36,-148)
(110,24,-166)
(100,30,-176)
(89,19,-181)
(85,9,-191)
(89,9,-189)
(86,16,-168)
(85,23,-155)
(80,24,-128)
(80,42,-104)
(83,53,-79)
(77,59,-65)
(71,73,-51)
(77,89,-35)
(65,105,-21)
(52,134,-8)
(51,159,7)
(45,173,7)
(47,207,1)
(42,232,2)
(39,249,-5)
(41,277,-23)
(55,295,-39)
(49,313,-49)
(52,326,-68)
(58,334,-80)
(56,356,-108)
(54,360,-126)
(58,366,-156)
(66,376,-152)
(73,375,-175)
(71,385,-183)
(76,374,-208)
(70,378,-204)
(83,383,-231)
(76,374,-238)
(86,386,-250)
(96,376,-254)
(94,378,-252)
(96,368,-252)
(100,368,-226)
(97,373,-197)
(86,362,-170)
(94,366,-146)
(100,352,-126)
(96,338,-102)
(106,318,-84)
(114,304,-74)
(116,296,-58)
(122,262,-52)
(127,241,-51)
(129,229,-43)
(133,205,-41)
(139,189,-53)
(142,160,-56)
(146,148,-72)
(156,144,-84)
(159,117,-93)
(154,106,-106)
(153,91,-123)
(159,85,-133)
(155,85,-141)
(153,75,-161)
(160,66,-158)
(145,61,-169)
(151,59,-199)
(137,53,-191)
(119,37,-201)
(110,38,-214)
(113,35,-229)
(110,30,-254)
(95,43,-303)
(91,59,-329)
(79,63,-349)
(73,79,-381)
(71,87,-387)
(60,86,-398)
(61,75,-389)
(51,65,-371)
(48,32,-336)
(39,7,-307)
(49,-1,-275)
(32,-6,-222)
(35,7,-183)
(15,-1,-141)
(-3,11,-101)
(-7,19,-87)
(-15,43,-55)
(-18,62,-40)
(-31,81,-25)
(-48,108,-18)
(-61,135,-15)
(-78,150,-20)
(-87,171,-17)
(-94,200,-36)
(-98,212,-46)
(-104,230,-54)
(-104,262,-74)
(-110,274,-78)
(-110,286,-92)
(-100,302,-114)
(-101,319,-135)
(-88,336,-148)
(-92,350,-172)
(-77,355,-191)
(-73,383,-211)
(-64,384,-220)
(-46,382,-238)
(-33,379,-253)
(-15,381,-269)
(-15,383,-279)
(-7,395,-297)
(6,386,-302)
(8,388,-308)
(10,390,-302)
(20,384,-288)
(16,390,-266)
(5,393,-245)
(1,387,-213)
(-13,389,-189)
(-13,375,-155)
(-17,363,-119)
(-19,339,-99)
(-29,321,-69)
(-23,293,-43)
(-26,252,-28)
(-32,222,-16)
(-25,189,-3)
(-23,171,-5)
(-10,140,-4)
(-9,119,-13)
(-6,112,-14)
(-2,80,-20)
(-5,57,-39)
(-6,46,-68)
(-11,25,-89)
(-17,13,-105)
(-23,3,-123)
(-38,8,-124)
(-46,6,-104)
(-45,33,-93)
(-73,47,-75)
(-80,92,-36)
(-95,115,-37)
(-98,142,-44)
(-115,157,-49)
(-124,164,-68)
(-124,176,-64)
(-142,184,-88)
(-144,192,-96)
(-145,199,-103)
(-144,216,-118)
(-152,226,-128)
(-149,235,-139)
(-154,246,-148)
(-151,255,-163)
(-160,254,-172)
(-162,268,-192)
(-156,270,-208)
(-158,288,-218)
(-146,286,-234)
(-150,296,-254)
(-140,314,-274)
(-133,307,-267)
(-130,316,-284)
(-132,314,-278)
(-116,318,-288)
(-119,321,-275)
(-118,326,-276)
(-133,315,-241)
(-132,320,-224)
(-133,305,-195)
(-135,299,-165)
(-130,282,-140)
(-120,270,-114)
(-116,240,-102)
(-117,239,-103)
(-113,229,-79)
(-123,209,-71)
(-113,187,-67)
(-113,165,-57)
(-103,157,-57)
(-110,158,-54)
(-115,157,-63)
(-107,167,-57)
(-117,183,-63)
(-119,203,-69)
(-119,223,-79)
(-120,246,-92)
(-111,257,-103)
(-120,276,-126)
(-126,296,-138)
(-115,305,-159)
(-115,315,-177)
(-107,339,-197)
(-100,336,-212)
(-91,347,-227)
(-77,351,-235)
(-77,373,-235)
(-73,361,-249)
(-73,353,-237)
(-80,348,-222)
(-81,351,-199)
(-84,340,-186)
(-85,337,-165)
(-96,326,-148)
(-103,313,-133)
(-100,290,-120)
(-107,279,-105)
(-103,261,-95)
(-102,232,-66)
(-105,215,-65)
(-90,190,-50)
(-96,168,-50)
(-79,141,-39)
(-63,131,-29)
(-76,126,-36)
(-62,92,-40)
(-55,77,-57)
(-47,59,-67)
(-45,47,-87)
(-44,34,-100)
(-43,15,-119)
(-47,1,-141)
(-40,8,-166)
(-48,-2,-212)
(-40,2,-244)
(-42,8,-270)
(-44,10,-286)
(-43,3,-285)
(-41,5,-281)
(-38,2,-232)
(-60,4,-190)
(-62,4,-160)
(-64,16,-132)
(-66,34,-114)
(-85,41,-109)
(-99,55,-109)
(-104,58,-98)
(-109,61,-97)
(-109,73,-101)
(-101,79,-83)
(-110,90,-84)
(-108,106,-76)
(-109,115,-63)
(-110,118,-70)
(-110,128,-58)
(-105,149,-65)
(-118,160,-58)
(-118,176,-54)
(-114,178,-62)
(-115,203,-59)
(-115,217,-55)
(-93,239,-69)
(-96,254,-64)
(-104,272,-80)
(-102,266,-84)
(-99,271,-101)
(-101,289,-99)
(-102,284,-108)
(-97,299,-113)
(-103,297,-113)
(-99,301,-121)
(-105,295,-125)
(-95,307,-115)
(-101,309,-121)
(-102,306,-124)
(-99,301,-115)
(-94,298,-104)
(-98,286,-92)
(-76,284,-84)
(-89,277,-67)
(-76,266,-52)
(-72,260,-50)
(-79,249,-37)
(-67,235,-39)
(-78,220,-26)
(-68,208,-20)
(-61,189,-11)
(-58,186,-20)
(-55,181,-15)
(-59,169,-7)
(-42,164,-10)
(-56,166,-4)
(-39,163,-9)
(-43,155,-1)
(-29,137,-3)
(-31,139,-3)
(-28,136,-10)
(-38,132,0)
(-40,140,-10)
(-41,153,-13)
(-51,167,-9)
(-67,181,-21)
(-76,202,-26)
(-81,223,-39)
(-86,238,-46)
(-87,241,-47)
(-90,258,-76)
(-102,262,-78)
(-109,271,-101)
(-114,280,-96)
(-113,277,-99)
(-116,278,-102)
(-111,281,-111)
(-119,287,-119)
(-116,264,-102)
(-115,259,-77)
(-108,220,-62)
(-98,176,-40)
(-87,141,-33)
(-84,124,-34)
(-76,90,-52)
(-79,67,-63)
(-73,71,-59)
(-66,38,-76)
(-73,39,-89)
(-71,23,-123)
(-67,7,-147)
(-66,12,-144)
(-72,14,-136)
(-68,22,-140)
(-54,14,-118)
(-52,22,-108)
(-31,13,-109)
(-27,19,-79)
(-3,35,-65)
(7,51,-49)
(10,80,-20)
(5,101,-17)
(10,130,-4)
(7,161,1)
(21,195,1)
(24,232,-14)
(17,243,-7)
(32,294,-36)
(33,315,-51)
(21,337,-65)
(22,358,-96)
(14,358,-104)
(2,370,-128)
(-12,374,-170)
(-21,383,-177)
(-27,381,-203)
(-41,383,-227)
(-52,382,-242)
(-55,379,-259)
(-61,375,-263)
(-57,383,-257)
(-60,376,-246)
(-45,379,-197)
(-28,378,-164)
(-31,359,-137)
(-27,351,-121)
(-30,324,-94)
(-28,294,-54)
(-18,276,-32)
(-10,238,-18)
(5,217,-11)
(26,184,0)
(24,168,-2)
(38,138,-8)
(34,124,-4)
(35,95,-13)
(42,86,-34)
(51,65,-37)
(43,49,-61)
(37,33,-75)
(39,25,-89)
(33,13,-105)
(23,9,-137)
(20,-8,-168)
(10,-2,-186)
(9,-5,-215)
(5,-15,-229)
(-3,-9,-257)
(8,-4,-266)
(5,-5,-269)
(-3,-11,-245)
(12,-10,-232)
(12,-10,-258)
(22,-14,-252)
(10,-8,-250)
(8,-14,-242)
(-20,-8,-228)
(-44,-10,-212)
(-61,-3,-181)
(-93,23,-179)
(-107,21,-173)
(-119,45,-165)
(-136,48,-172)
(-142,60,-186)
(-150,64,-192)
(-160,82,-244)
(-168,98,-264)
(-175,133,-291)
(-173,135,-315)
(-157,155,-341)
(-155,153,-371)
(-145,149,-379)
(-130,134,-388)
(-125,123,-391)
(-114,102,-396)
(-85,85,-389)
(-80,70,-388)
(-65,55,-375)
(-44,32,-354)
(-40,24,-342)
(-30,18,-326)
(-31,15,-317)
(-43,23,-331)
(-40,28,-342)
(-45,35,-363)
(-58,54,-388)
(-61,73,-399)
(-66,98,-412)
(-69,105,-415)
(-74,116,-424)
(-89,137,-431)
(-92,160,-428)
(-97,179,-425)
(-104,192,-432)
(-109,205,-427)
(-111,213,-433)
(-109,223,-425)
(-114,244,-432)
(-109,233,-419)
(-119,245,-409)
(-117,247,-407)
(-115,257,-399)
(-126,274,-390)
(-117,279,-383)
(-125,289,-377)
(-129,289,-359)
(-125,295,-355)
(-138,298,-332)
(-136,304,-328)
(-133,299,-319)
(-139,303,-317)
(-140,302,-294)
(-139,295,-287)
(-151,297,-291)
(-147,293,-267)
(-148,296,-262)
(-151,289,-235)
(-153,293,-215)
(-145,285,-203)
(-141,279,-205)
(-147,269,-187)
(-153,265,-173)
(-141,263,-165)
(-150,254,-154)
(-149,247,-153)
(-144,238,-144)
(-157,231,-141)
(-149,221,-129)
(-146,214,-126)
(-146,200,-124)
(-151,199,-115)
(-143,181,-115)
(-143,173,-107)
(-139,171,-97)
(-135,151,-101)
(-139,141,-107)
(-139,149,-103)
(-137,143,-99)
(-131,139,-105)
(-128,140,-92)
(-139,153,-109)
(-146,168,-110)
(-145,163,-119)
(-149,181,-117)
(-151,191,-125)
(-148,202,-130)
(-145,211,-131)
(-148,218,-138)
(-158,224,-152)
(-150,230,-148)
(-157,235,-165)
(-153,249,-175)
(-159,247,-181)
(-158,252,-182)
(-163,247,-207)
(-156,244,-210)
(-166,250,-208)
(-160,252,-208)
(-161,245,-201)
(-164,238,-190)
(-170,226,-170)
(-157,225,-155)
(-156,214,-154)
(-162,208,-144)
(-153,197,-133)
(-159,193,-147)
(-149,177,-129)
(-157,193,-133)
(-154,194,-138)
(-155,203,-151)
(-158,232,-164)
(-178,236,-196)
(-171,237,-213)
(-172,218,-220)
(-176,202,-248)
(-176,202,-260)
(-168,210,-268)
(-177,221,-275)
(-169,235,-257)
(-169,247,-255)
(-172,254,-236)
(-165,253,-221)
(-170,248,-200)
(-165,235,-199)
(-167,225,-193)
(-168,224,-190)
(-167,209,-203)
(-173,205,-215)
(-177,213,-219)
(-174,206,-250)
(-170,218,-258)
(-171,217,-267)
(-176,228,-270)
(-173,229,-279)
(-177,225,-257)
(-170,214,-242)
(-177,205,-219)
(-173,205,-203)
(-178,212,-222)
(-181,209,-225)
(-175,231,-249)
(-175,227,-259)
(-174,222,-268)
(-169,215,-277)
(-162,210,-288)
(-172,214,-290)
(-177,205,-295)
(-168,212,-286)
(-180,212,-272)
(-181,209,-263)
(-173,215,-249)
(-176,206,-248)
(-178,208,-256)
(-174,188,-258)
(-176,164,-266)
(-172,162,-264)
(-170,118,-272)
(-171,117,-251)
(-147,81,-287)
(-151,75,-295)
(-144,86,-308)
(-152,94,-310)
(-153,97,-305)
(-156,96,-282)
(-166,100,-264)
(-148,92,-236)
(-154,82,-218)
(-147,67,-199)
(-133,55,-201)
(-138,46,-216)
(-125,33,-231)
(-132,38,-240)
(-120,38,-272)
(-115,33,-283)
(-104,46,-306)
(-105,49,-309)
(-120,50,-312)
(-127,57,-313)
(-147,49,-275)
(-131,43,-257)
(-143,51,-211)
(-125,45,-195)
(-114,32,-160)
(-110,30,-162)
(-113,21,-195)
(-118,22,-208)
(-102,22,-246)
(-108,14,-254)
(-112,22,-236)
(-113,21,-225)
(-111,27,-191)
(-101,31,-159)
(-100,30,-148)
(-85,31,-115)
(-71,37,-101)
(-61,57,-71)
(-56,60,-62)
(-64,48,-76)
(-73,47,-75)
(-73,31,-95)
(-67,27,-105)
(-52,22,-100)
(-44,34,-86)
(-33,33,-67)
(-7,55,-45)
(-3,59,-33)
(11,81,-23)
(15,89,-19)
(-11,103,-21)
(-18,102,-20)
(-37,63,-47)
(-49,69,-59)
(-71,41,-83)
(-74,30,-104)
(-77,35,-105)
(-62,26,-98)
(-55,33,-85)
(-40,40,-62)
(-30,48,-54)
(-14,72,-30)
(4,94,-28)
(7,95,-19)
(32,86,-20)
(33,109,-17)
(13,101,-9)
(6,94,-10)
(-7,65,-45)
(-26,46,-56)
(-35,13,-97)
(-25,7,-119)
(-50,-6,-172)
(-48,-8,-194)
(-53,-1,-247)
(-63,9,-261)
(-55,15,-311)
(-53,25,-331)
(-42,32,-368)
(-50,40,-374)
(-39,55,-399)
(-32,68,-402)
(-20,72,-414)
(-16,72,-416)
(-10,76,-410)
(2,80,-412)
(15,73,-409)
(16,72,-398)
(2,64,-410)
(-8,72,-414)
(-27,71,-409)
(-48,70,-402)
(-36,72,-402)
(-64,66,-394)
(-61,69,-383)
(-72,78,-380)
(-86,84,-382)
(-88,76,-378)
(-84,82,-384)
(-95,83,-393)
(-87,83,-387)
(-96,90,-380)
(-102,76,-380)
(-104,74,-366)
(-92,68,-372)
(-67,33,-343)
(-71,39,-323)
(-66,32,-322)
(-56,28,-320)
(-40,36,-348)
(-33,33,-353)
(1,37,-359)
(8,40,-346)
(19,49,-351)
(31,43,-343)
(56,40,-324)
(59,55,-307)
(53,55,-303)
(56,60,-302)
(55,51,-297)
(55,49,-293)
(53,45,-279)
(66,50,-276)
(62,34,-254)
(54,44,-272)
(53,39,-265)
(64,48,-270)
(65,45,-275)
(76,52,-276)
(72,52,-278)
(79,57,-279)
(75,63,-285)
(79,61,-285)
(93,63,-285)
(86,60,-288)
(104,58,-276)
(91,63,-273)
(108,58,-264)
(115,63,-257)
(115,57,-253)
(115,55,-251)
(119,69,-249)
(119,59,-243)
(120,68,-240)
(117,61,-237)
(119,65,-239)
(126,62,-242)
(130,68,-238)
(131,65,-237)
(130,68,-236)
(130,68,-238)
(117,59,-231)
(128,78,-250)
(133,73,-249)
(125,77,-259)
(133,79,-263)
(122,76,-266)
(122,78,-268)
(114,72,-276)
(123,81,-287)
(111,83,-289)
(113,73,-293)
(110,82,-300)
(106,92,-298)
(100,82,-302)
(103,85,-313)
(106,90,-324)
(93,91,-319)
(94,86,-318)
(91,83,-317)
(91,83,-307)
(97,77,-307)
(96,78,-306)
(90,74,-310)
(91,77,-305)
(79,77,-319)
(86,80,-308)
(91,79,-315)
(88,80,-306)
(98,72,-316)
(99,75,-309)
(110,86,-302)
(106,82,-304)
(103,83,-301)
(103,87,-313)
(105,85,-297)
(98,80,-300)
(99,85,-309)
(98,84,-316)
(98,86,-318)
(100,82,-312)
(87,77,-309)
(77,75,-315)
(78,78,-314)
(76,78,-316)
(61,71,-311)
(60,70,-320)
(66,60,-314)
(48,64,-320)
(35,67,-309)
(33,59,-315)
(20,58,-300)
(24,62,-306)
(10,56,-296)
(10,52,-296)
(-2,46,-302)
(-6,54,-282)
(-18,48,-290)
(-24,52,-288)
(-20,46,-286)
(-18,50,-284)
(-30,56,-272)
(-34,52,-292)
(-42,52,-284)
(-46,44,-282)
(-57,45,-289)
(-72,26,-296)
(-79,17,-303)
(-74,20,-288)
(-84,14,-278)
(-94,22,-278)
(-91,27,-265)
(-89,17,-245)
(-101,21,-253)
(-101,21,-245)
(-101,19,-225)
(-103,13,-215)
(-101,15,-197)
(-95,7,-189)
(-93,7,-181)
(-80,18,-174)
(-78,14,-158)
(-78,18,-152)
(-75,17,-139)
(-67,19,-131)
(-53,17,-125)
(-43,11,-109)
(-43,19,-111)
(-17,21,-99)
(-13,21,-107)
(-7,17,-101)
(4,24,-100)
(16,16,-94)
(20,24,-102)
(32,32,-90)
(35,27,-83)
(58,32,-88)
(58,36,-90)
(66,42,-96)
(80,40,-92)
(82,52,-88)
(80,56,-80)
(95,61,-89)
(110,66,-92)
(110,68,-92)
(128,86,-92)
(130,92,-96)
(159,107,-121)
(160,106,-128)
(178,126,-148)
(174,142,-172)
(196,144,-176)
(196,168,-204)
(202,180,-228)
(200,192,-252)
(211,191,-265)
(195,203,-287)
(201,227,-295)
(201,231,-291)
(187,237,-313)
(187,243,-321)
(183,235,-325)
(195,239,-327)
(181,235,-327)
(171,229,-327)
(180,232,-336)
(174,234,-336)
(175,219,-337)
(190,222,-326)
(201,237,-305)
(207,235,-285)
(213,243,-261)
(225,241,-243)
(226,258,-194)
(214,278,-140)
(195,285,-89)
(182,284,-72)
(165,273,-33)
(129,271,-1)
(86,252,20)
(82,254,26)
(48,234,36)
(3,197,3)
(-35,185,-7)
(-46,174,-6)
(-69,153,-17)
(-89,135,-39)
(-101,123,-53)
(-108,124,-58)
(-112,102,-82)
(-123,87,-101)
(-126,84,-114)
(-133,69,-129)
(-130,52,-158)
(-123,35,-195)
(-117,25,-203)
(-117,19,-221)
(-94,10,-240)
(-67,7,-277)
(-46,10,-302)
(-33,5,-299)
(-13,1,-307)
(3,9,-319)
(22,16,-326)
(22,30,-338)
(41,27,-339)
(28,26,-356)
(27,35,-365)
(17,37,-363)
(5,31,-361)
(-10,40,-364)
(-23,27,-353)
(-45,17,-337)
(-54,14,-320)
(-62,6,-290)
(-69,13,-277)
(-83,3,-233)
(-79,7,-211)
(-89,17,-179)
(-85,5,-165)
(-84,24,-138)
(-79,29,-111)
(-61,45,-71)
(-58,44,-58)
(-38,64,-48)
(-31,73,-43)
(-16,82,-28)
(-3,93,-19)
(14,102,-12)
(48,126,-8)
(59,141,-7)
(74,152,-16)
(95,173,-19)
(117,187,-39)
(131,203,-31)
(146,210,-54)
(150,222,-62)
(160,220,-74)
(173,229,-81)
(178,234,-112)
(180,230,-132)
(201,225,-143)
(217,235,-151)
(217,213,-171)
(223,213,-201)
(221,203,-223)
(215,213,-243)
(205,213,-255)
(216,222,-270)
(203,215,-279)
(205,203,-289)
(205,191,-283)
(211,191,-267)
(213,179,-257)
(215,171,-221)
(213,157,-171)
(203,149,-139)
(194,144,-110)
(173,145,-79)
(156,132,-32)
(134,128,-14)
(114,132,-2)
(85,137,13)
(52,134,28)
(28,138,14)
(4,130,10)
(-21,121,5)
(-60,104,-28)
(-63,103,-27)
(-98,80,-74)
(-115,75,-103)
(-125,65,-135)
(-124,58,-154)
(-125,37,-181)
(-122,34,-212)
(-110,24,-258)
(-88,20,-278)
(-72,8,-304)
(-49,11,-313)
(-27,11,-333)
(-27,9,-331)
(-26,18,-340)
(-17,27,-357)
(-19,51,-379)
(-24,66,-396)
(-18,78,-410)
(-29,89,-413)
(-39,87,-421)
(-41,97,-427)
(-51,103,-415)
(-62,108,-418)
(-63,101,-421)
(-69,115,-423)
(-74,108,-418)
(-75,107,-419)
(-86,100,-406)
(-82,90,-402)
(-90,84,-392)
(-86,70,-374)
(-84,60,-372)
(-77,39,-363)
(-63,33,-355)
(-55,25,-359)
(-46,28,-354)
(-41,21,-333)
(-38,18,-332)
(-45,19,-337)
(-35,19,-339)
(-31,19,-337)
(-30,24,-334)
(-33,15,-339)
(-34,16,-340)
(-30,22,-344)
(-22,16,-336)
(-20,18,-340)
(-20,14,-334)
(-5,5,-317)
(2,2,-312)
(1,-3,-297)
(8,-6,-298)
(1,-5,-283)
(25,-5,-277)
(20,-10,-278)
(11,3,-273)
(24,-8,-254)
(18,-8,-256)
(12,-6,-244)
(22,-14,-246)
(8,-8,-254)
(18,-8,-240)
(19,-3,-235)
(14,-4,-226)
(17,-15,-223)
(17,-17,-211)
(24,-8,-208)
(21,-11,-197)
(27,-9,-191)
(31,-13,-177)
(47,3,-153)
(48,4,-138)
(54,6,-126)
(70,18,-104)
(77,21,-103)
(81,31,-111)
(102,40,-106)
(112,56,-110)
(131,69,-115)
(145,81,-119)
(163,87,-137)
(169,101,-149)
(185,117,-173)
(180,132,-184)
(195,147,-193)
(200,170,-206)
(203,183,-205)
(204,200,-210)
(208,226,-230)
(202,238,-246)
(200,250,-264)
(196,258,-280)
(188,282,-280)
(174,300,-264)
(169,327,-225)
(148,352,-196)
(121,359,-145)
(95,361,-129)
(74,358,-100)
(38,342,-70)
(5,317,-43)
(-28,290,-34)
(-34,274,-24)
(-72,250,-34)
(-88,208,-32)
(-102,182,-40)
(-105,137,-47)
(-117,113,-55)
(-107,85,-77)
(-112,48,-110)
(-100,34,-148)
(-103,15,-171)
(-97,5,-211)
(-82,4,-252)
(-73,7,-293)
(-72,28,-328)
(-71,27,-359)
(-69,41,-363)
(-77,29,-353)
(-67,31,-343)
(-52,26,-344)
(-30,16,-330)
(-4,10,-334)
(11,17,-335)
(40,20,-328)
(60,24,-316)
(69,13,-305)
(99,31,-295)
(112,38,-280)
(135,41,-251)
(155,71,-221)
(161,87,-203)
(186,104,-190)
(196,136,-184)
(209,163,-171)
(202,190,-174)
(207,207,-173)
(198,236,-174)
(198,260,-168)
(201,299,-139)
(190,326,-88)
(159,333,-57)
(121,339,-29)
(84,330,-14)
(69,323,-1)
(38,292,26)
(15,269,21)
(-11,239,17)
(-30,222,16)
(-42,182,8)
(-51,165,1)
(-62,146,-10)
(-67,145,-13)
(-52,160,-4)
(-23,181,-3)
(-5,195,7)
(4,226,8)
(23,241,-7)
(59,255,-7)
(77,263,-15)
(90,270,-26)
(105,287,-43)
(112,294,-58)
(135,297,-75)
(142,294,-88)
(153,299,-109)
(163,295,-123)
(173,295,-139)
(180,296,-158)
(188,288,-178)
(181,291,-189)
(183,295,-181)
(174,300,-162)
(168,304,-132)
(161,309,-117)
(144,302,-88)
(127,283,-51)
(108,270,-38)
(95,255,-27)
(88,230,-10)
(89,209,-5)
(76,184,-8)
(72,176,-6)
(73,161,-3)
(70,130,4)
(50,116,-10)
(48,84,-6)
(39,83,-33)
(26,66,-28)
(20,56,-32)
(20,56,-40)
(41,79,-33)
(48,82,-28)
(68,104,-20)
(89,123,-13)
(110,138,-32)
(138,170,-42)
(153,189,-57)
(159,213,-67)
(168,238,-92)
(182,252,-104)
(176,272,-132)
(179,287,-157)
(176,290,-162)
(182,304,-174)
(185,305,-193)
(183,303,-207)
(179,315,-227)
(180,310,-236)
(172,312,-246)
(175,305,-257)
(171,327,-255)
(172,330,-246)
(161,333,-255)
(160,334,-252)
(159,325,-271)
(166,312,-284)
(169,317,-303)
(168,318,-286)
(156,330,-268)
(149,363,-223)
(123,373,-205)
(99,389,-193)
(82,388,-168)
(65,383,-157)
(58,372,-126)
(37,363,-101)
(22,352,-82)
(17,333,-75)
(2,330,-58)
(-17,323,-59)
(-18,314,-52)
(-28,308,-48)
(-34,306,-54)
(-34,306,-62)
(-42,302,-48)
(-27,307,-61)
(-16,318,-60)
(19,339,-65)
(25,335,-89)
(47,363,-93)
(67,369,-121)
(82,370,-132)
(93,367,-149)
(107,371,-161)
(110,368,-174)
(111,373,-181)
(122,370,-194)
(137,363,-213)
(136,358,-214)
(146,356,-228)
(147,351,-227)
(144,348,-224)
(143,357,-217)
(136,370,-194)
(115,371,-173)
(94,370,-146)
(95,355,-131)
(64,356,-104)
(49,353,-89)
(18,332,-70)
(9,313,-47)
(-9,297,-49)
(-30,284,-46)
(-45,265,-43)
(-61,257,-37)
(-86,242,-38)
(-95,237,-47)
(-111,219,-61)
(-120,204,-66)
(-121,191,-69)
(-119,199,-65)
(-118,212,-60)
(-107,211,-53)
(-87,235,-51)
(-89,235,-51)
(-51,253,-35)
(-26,280,-36)
(-9,293,-41)
(4,304,-58)
(29,331,-59)
(53,331,-79)
(64,350,-96)
(80,354,-106)
(91,355,-125)
(106,372,-144)
(123,367,-163)
(118,376,-180)
(134,362,-200)
(128,352,-202)
(138,354,-216)
(127,363,-207)
(133,365,-189)
(117,365,-175)
(109,357,-153)
(100,358,-130)
(84,356,-108)
(72,344,-82)
(71,317,-53)
(54,306,-42)
(47,287,-25)
(20,264,-16)
(14,252,-10)
(5,217,3)
(8,194,0)
(11,177,5)
(-10,162,10)
(-27,151,5)
(-40,126,-10)
(-46,118,-16)
(-62,114,-20)
(-54,114,-18)
(-27,131,-3)
(-3,153,-3)
(30,180,-2)
(68,220,-8)
(90,252,-20)
(114,276,-52)
(134,310,-76)
(145,325,-115)
(156,330,-142)
(157,337,-163)
(148,346,-184)
(150,348,-200)
(156,350,-214)
(158,354,-224)
(153,347,-247)
(152,334,-248)
(150,348,-250)
(135,355,-217)
(121,371,-167)
(86,370,-142)
(70,362,-112)
(45,345,-69)
(45,321,-61)
(11,297,-27)
(5,279,-11)
(-7,243,-7)
(-16,202,6)
(-21,177,-1)
(-24,134,-2)
(-27,89,-19)
(-25,67,-35)
(-33,35,-55)
(-40,12,-86)
(-37,-5,-121)
(-41,-11,-165)
(-34,-18,-208)
(-34,-6,-260)
(-40,-4,-298)
(-37,25,-343)
(-35,45,-379)
(-45,57,-405)
(-53,65,-403)
(-65,83,-415)
(-65,93,-423)
(-64,102,-416)
(-84,98,-426)
(-91,99,-405)
(-107,101,-395)
(-112,90,-390)
(-105,79,-385)
(-121,73,-363)
(-130,68,-354)
(-123,63,-339)
(-135,73,-333)
(-141,59,-311)
(-143,71,-311)
(-143,77,-305)
(-154,82,-312)
(-157,91,-309)
(-167,101,-313)
(-164,94,-296)
(-177,95,-293)
(-169,101,-297)
(-173,103,-289)
(-178,110,-290)
(-171,137,-289)
(-189,139,-273)
(-182,160,-262)
(-184,170,-240)
(-201,181,-215)
(-195,179,-201)
(-188,180,-192)
(-193,187,-187)
(-191,179,-183)
(-188,184,-178)
(-185,185,-185)
(-184,194,-192)
(-185,201,-189)
(-181,205,-193)
(-176,212,-212)
(-179,217,-219)
(-178,222,-214)
(-179,231,-225)
(-176,244,-228)
(-178,252,-224)
(-171,247,-235)
(-169,249,-245)
(-168,260,-240)
(-164,260,-242)
(-172,252,-242)
(-166,252,-228)
(-168,242,-226)
(-169,243,-213)
(-177,227,-199)
(-174,214,-186)
(-174,200,-182)
(-179,193,-177)
(-185,191,-161)
(-192,182,-152)
(-184,182,-154)
(-191,171,-145)
(-183,159,-145)
(-185,161,-153)
(-188,156,-148)
(-178,148,-150)
(-186,148,-158)
(-183,137,-153)
(-179,137,-153)
(-179,123,-159)
(-182,134,-150)
(-173,127,-151)
(-176,122,-148)
(-175,127,-153)
(-178,116,-150)
(-170,110,-156)
(-174,110,-156)
(-175,113,-151)
(-176,108,-156)
(-175,121,-155)
(-179,119,-157)
(-181,121,-149)
(-176,130,-146)
(-186,132,-148)
(-185,129,-157)
(-179,133,-135)
(-173,147,-159)
(-181,157,-149)
(-180,144,-154)
(-174,152,-152)
(-182,170,-170)
(-176,174,-166)
(-175,185,-165)
(-177,181,-165)
(-164,192,-160)
(-171,191,-149)
(-170,184,-174)
(-188,184,-198)
(-177,173,-217)
(-174,160,-226)
(-182,158,-238)
(-178,154,-264)
(-178,152,-272)
(-176,142,-278)
(-180,152,-292)
(-175,147,-295)
(-175,145,-301)
(-177,141,-293)
(-179,151,-291)
(-179,149,-273)
(-179,151,-261)
(-188,156,-246)
(-180,166,-220)
(-174,172,-200)
(-179,179,-177)
(-168,182,-164)
(-170,188,-142)
(-157,193,-125)
(-156,192,-118)
(-143,195,-113)
(-148,194,-108)
(-157,195,-121)
(-158,198,-136)
(-166,206,-150)
(-173,195,-161)
(-173,201,-183)
(-184,202,-204)
(-177,193,-203)
(-175,197,-225)
(-186,184,-234)
(-173,185,-259)
(-188,180,-278)
(-180,186,-284)
(-179,197,-291)
(-178,186,-284)
(-173,179,-285)
(-182,182,-258)
(-188,184,-240)
(-187,191,-219)
(-188,198,-198)
(-182,192,-184)
(-170,198,-164)
(-162,202,-150)
(-167,193,-143)
(-161,203,-135)
(-173,197,-129)
(-148,204,-130)
(-160,204,-134)
(-164,214,-132)
(-163,219,-147)
(-162,218,-154)
(-160,222,-164)
(-162,242,-164)
(-161,239,-171)
(-167,245,-181)
(-168,250,-178)
(-162,242,-182)
(-167,259,-189)
(-162,252,-192)
(-161,253,-181)
(-164,256,-196)
(-164,258,-192)
(-166,248,-182)
(-171,239,-173)
(-165,235,-173)
(-171,215,-161)
(-172,202,-154)
(-166,196,-148)
(-165,181,-147)
(-160,170,-144)
(-163,167,-141)
(-169,165,-141)
(-171,153,-143)
(-165,169,-145)
(-159,151,-139)
(-161,157,-135)
(-155,153,-133)
(-169,139,-133)
(-177,145,-143)
(-172,138,-162)
(-180,148,-162)
(-178,146,-182)
(-175,145,-191)
(-182,136,-200)
(-181,147,-213)
(-186,144,-216)
(-181,149,-233)
(-181,145,-243)
(-182,142,-246)
(-188,138,-246)
(-171,133,-237)
(-179,143,-237)
(-180,148,-218)
(-176,140,-204)
(-176,148,-190)
(-186,152,-178)
(-168,160,-160)
(-171,149,-151)
(-175,151,-133)
(-159,157,-129)
(-156,146,-132)
(-152,158,-124)
(-160,154,-120)
(-164,152,-136)
(-171,157,-147)
(-174,162,-164)
(-182,156,-170)
(-173,151,-199)
(-178,148,-200)
(-180,148,-214)
(-184,144,-224)
(-179,143,-241)
(-180,138,-254)
(-187,141,-269)
(-179,141,-265)
(-177,137,-273)
(-179,143,-277)
(-174,144,-270)
(-186,150,-254)
(-185,159,-247)
(-184,168,-232)
(-175,163,-237)
(-177,181,-227)
(-186,170,-238)
(-184,166,-240)
(-179,155,-245)
(-183,147,-251)
(-185,155,-253)
(-170,164,-238)
(-178,160,-204)
(-178,162,-194)
(-170,166,-176)
(-173,169,-165)
(-171,167,-145)
(-168,174,-134)
(-167,173,-129)
(-159,171,-127)
(-164,174,-130)
(-168,174,-134)
(-162,166,-150)
(-169,167,-173)
(-181,155,-205)
(-183,151,-219)
(-173,139,-239)
(-176,140,-248)
(-172,144,-242)
(-184,140,-242)
(-179,139,-235)
(-183,135,-233)
(-177,127,-233)
(-177,119,-231)
(-187,137,-227)
(-186,124,-220)
(-182,124,-216)
(-182,126,-208)
(-186,130,-206)
(-185,131,-205)
(-186,130,-200)
(-190,124,-202)
(-187,123,-201)
(-189,127,-213)
(-186,122,-236)
(-181,127,-259)
(-184,126,-276)
(-177,129,-297)
(-182,122,-300)
(-177,135,-313)
(-168,132,-312)
(-170,128,-316)
(-180,132,-298)
(-182,132,-284)
(-186,122,-274)
(-179,125,-263)
(-181,133,-233)
(-174,140,-196)
(-178,138,-182)
(-174,128,-166)
(-163,137,-155)
(-164,132,-144)
(-165,153,-123)
(-168,150,-130)
(-162,160,-120)
(-159,157,-115)
(-161,159,-111)
(-164,156,-114)
(-162,162,-118)
(-170,154,-134)
(-176,156,-168)
(-175,139,-193)
(-177,141,-205)
(-172,130,-232)
(-184,124,-250)
(-172,128,-272)
(-173,131,-291)
(-175,123,-303)
(-167,127,-313)
(-171,117,-311)
(-175,119,-297)
(-168,124,-272)
(-191,129,-243)
(-183,137,-213)
(-170,132,-184)
(-169,141,-153)
(-163,147,-131)
(-162,144,-122)
(-147,153,-101)
(-145,149,-97)
(-137,159,-81)
(-118,160,-64)
(-119,173,-69)
(-114,178,-56)
(-116,182,-46)
(-93,183,-41)
(-103,179,-45)
(-107,181,-45)
(-97,183,-49)
(-101,169,-49)
(-108,174,-48)
(-121,175,-45)
(-125,167,-67)
(-137,163,-85)
(-141,167,-93)
(-147,163,-105)
(-159,163,-113)
(-166,152,-130)
(-161,145,-129)
(-176,152,-158)
(-177,151,-169)
(-171,141,-179)
(-168,146,-168)
(-166,150,-148)
(-167,145,-139)
(-160,144,-118)
(-140,140,-96)
(-132,148,-92)
(-130,138,-84)
(-118,146,-66)
(-121,161,-69)
(-124,154,-68)
(-121,155,-73)
(-126,146,-76)
(-126,128,-84)
(-136,124,-94)
(-139,111,-109)
(-141,113,-119)
(-141,97,-121)
(-144,88,-118)
(-149,101,-123)
(-157,91,-121)
(-148,98,-120)
(-149,109,-129)
(-151,121,-123)
(-153,133,-121)
(-157,147,-111)
(-151,147,-121)
(-158,162,-124)
(-164,178,-128)
(-164,186,-136)
(-171,195,-137)
(-171,209,-153)
(-161,209,-161)
(-167,221,-181)
(-170,212,-190)
(-165,215,-181)
(-176,220,-192)
(-180,220,-210)
(-180,222,-218)
(-179,211,-239)
(-183,211,-261)
(-179,205,-273)
(-169,213,-291)
(-173,209,-297)
(-181,209,-313)
(-171,205,-315)
(-169,197,-325)
(-166,206,-328)
(-161,211,-331)
(-172,200,-338)
(-165,193,-345)
(-168,194,-342)
(-168,196,-338)
(-165,201,-321)
(-184,194,-330)
(-174,202,-304)
(-175,191,-291)
(-178,190,-282)
(-178,186,-278)
(-179,179,-257)
(-181,177,-247)
(-187,157,-241)
(-183,153,-229)
(-188,150,-228)
(-175,141,-223)
(-179,147,-223)
(-181,151,-235)
(-188,146,-242)
(-183,167,-247)
(-183,163,-253)
(-181,161,-267)
(-174,162,-274)
(-185,175,-293)
(-179,181,-299)
(-165,185,-313)
(-177,187,-323)
(-171,175,-329)
(-168,178,-334)
(-173,167,-339)
(-166,178,-334)
(-172,172,-328)
(-171,165,-323)
(-177,167,-301)
(-176,160,-290)
(-174,154,-268)
(-177,143,-251)
(-178,134,-238)
(-174,120,-218)
(-163,109,-199)
(-149,85,-181)
(-155,87,-183)
(-142,78,-162)
(-133,69,-165)
(-127,51,-157)
(-113,59,-145)
(-114,38,-150)
(-99,37,-137)
(-85,29,-135)
(-92,32,-136)
(-116,54,-138)
(-127,61,-151)
(-145,79,-163)
(-145,89,-165)
(-162,88,-188)
(-169,107,-209)
(-171,115,-221)
(-173,127,-247)
(-183,131,-265)
(-179,139,-267)
(-179,131,-277)
(-170,130,-256)
(-176,126,-236)
(-171,105,-201)
(-158,92,-192)
(-160,84,-182)
(-152,84,-170)
(-144,80,-156)
(-125,67,-143)
(-127,59,-137)
(-116,56,-126)
(-101,43,-125)
(-95,53,-125)
(-95,33,-125)
(-81,33,-123)
(-78,34,-118)
(-101,41,-121)
(-105,47,-133)
(-112,54,-142)
(-125,61,-151)
(-151,71,-179)
(-149,69,-199)
(-149,69,-213)
(-155,65,-225)
(-146,60,-214)
(-128,38,-206)
(-108,26,-188)
(-99,15,-207)
(-87,3,-211)
(-70,10,-220)
(-55,5,-243)
(-57,5,-249)
(-49,-7,-245)
(-49,-1,-255)
(-48,-6,-264)
(-48,-6,-258)
(-64,0,-246)
(-73,9,-247)
(-67,13,-247)
(-84,8,-244)
(-96,14,-244)
(-111,23,-231)
(-109,23,-227)
(-100,12,-230)
(-103,17,-209)
(-93,15,-197)
(-94,8,-192)
(-89,17,-175)
(-77,3,-151)
(-62,6,-142)
(-45,9,-127)
(-31,7,-111)
(-11,13,-105)
(1,-1,-101)
(18,8,-102)
(36,14,-84)
(55,27,-89)
(87,35,-93)
(99,43,-99)
(120,54,-118)
(146,72,-130)
(178,108,-126)
(200,124,-144)
(200,122,-156)
(214,138,-184)
(211,149,-199)
(216,160,-208)
(217,165,-233)
(221,185,-229)
(223,189,-251)
(214,206,-264)
(219,213,-277)
(213,217,-281)
(206,230,-288)
(211,245,-267)
(220,264,-244)
(214,292,-226)
(210,302,-214)
(200,316,-180)
(197,325,-157)
(193,333,-133)
(187,327,-103)
(171,321,-85)
(156,320,-64)
(162,310,-52)
(153,289,-43)
(144,270,-18)
(145,267,-5)
(126,238,-4)
(122,228,8)
(118,206,20)
(104,176,24)
(102,178,32)
(92,154,16)
(79,129,15)
(62,112,12)
(32,72,-28)
(18,56,-44)
(5,43,-57)
(-14,22,-74)
(-24,24,-86)
(-35,17,-97)
(-51,9,-117)
(-62,6,-126)
(-65,11,-135)
(-52,14,-128)
(-41,9,-115)
(-24,10,-96)
(-9,25,-85)
(3,29,-63)
(20,36,-64)
(37,47,-61)
(59,59,-41)
(79,75,-31)
(95,95,-37)
(113,125,-45)
(126,140,-54)
(131,159,-53)
(155,175,-69)
(162,188,-76)
(172,196,-96)
(196,216,-100)
(205,241,-101)
(206,252,-128)
(215,249,-151)
(220,268,-166)
(220,276,-194)
(209,279,-209)
(212,282,-228)
(207,287,-235)
(218,294,-244)
(209,289,-257)
(203,291,-267)
(196,290,-286)
(189,301,-285)
(189,303,-281)
(191,307,-287)
(190,308,-264)
(199,323,-223)
(191,325,-191)
(193,339,-183)
(192,332,-162)
(191,337,-159)
(177,343,-141)
(169,347,-129)
(166,364,-130)
(168,364,-136)
(165,367,-139)
(168,372,-144)
(153,381,-155)
(158,374,-150)
(153,375,-155)
(153,391,-157)
(155,383,-165)
(162,382,-170)
(170,380,-176)
(161,377,-187)
(167,375,-183)
(165,375,-189)
(155,373,-199)
(165,369,-201)
(164,374,-200)
(163,373,-205)
(173,379,-203)
(159,369,-199)
(169,371,-199)
(171,375,-197)
(168,366,-184)
(176,366,-176)
(178,362,-172)
(171,355,-157)
(171,355,-151)
(166,348,-132)
(173,349,-115)
(181,339,-123)
(181,335,-107)
(184,324,-122)
(185,327,-115)
(196,314,-106)
(198,314,-110)
(205,321,-117)
(197,301,-115)
(195,303,-123)
(202,300,-114)
(208,296,-132)
(210,288,-128)
(211,273,-135)
(207,285,-143)
(210,262,-130)
(218,268,-130)
(215,275,-117)
(208,280,-116)
(203,289,-105)
(189,303,-109)
(188,316,-112)
(189,325,-113)
(183,339,-125)
(185,339,-129)
(177,349,-131)
(167,351,-131)
(166,360,-142)
(166,378,-136)
(153,379,-137)
(138,386,-142)
(127,393,-133)
(119,401,-131)
(116,396,-140)
(128,388,-144)
(123,397,-145)
(132,398,-142)
(143,373,-141)
(157,371,-131)
(165,369,-133)
(174,352,-134)
(184,344,-124)
(194,330,-128)
(197,327,-121)
(191,317,-109)
(200,300,-104)
(196,294,-104)
(198,290,-102)
(209,291,-107)
(196,284,-104)
(209,271,-107)
(215,259,-101)
(221,241,-117)
(216,234,-110)
(210,214,-114)
(208,192,-126)
(216,172,-128)
(207,167,-155)
(211,153,-179)
(201,147,-197)
(202,148,-216)
(202,138,-238)
(190,138,-262)
(184,136,-276)
(175,129,-289)
(164,128,-302)
(151,121,-323)
(153,121,-327)
(131,117,-341)
(120,124,-354)
(120,128,-372)
(114,130,-372)
(102,132,-378)
(94,108,-374)
(87,109,-361)
(85,95,-367)
(67,91,-371)
(65,93,-369)
(54,74,-370)
(58,74,-368)
(50,72,-362)
(46,70,-362)
(46,72,-360)
(46,70,-358)
(43,75,-369)
(30,74,-382)
(35,81,-377)
(24,78,-384)
(23,99,-387)
(21,103,-403)
(9,107,-407)
(8,112,-410)
(-4,94,-428)
(-7,89,-427)
(-13,97,-431)
(6,96,-426)
(-8,90,-422)
(2,92,-426)
(17,93,-423)
(29,91,-409)
(36,96,-422)
(57,93,-409)
(71,103,-413)
(89,115,-411)
(92,122,-412)
(101,125,-407)
(95,121,-401)
(79,107,-403)
(66,94,-400)
(63,81,-391)
(48,72,-394)
(46,70,-402)
(46,70,-400)
(35,81,-399)
(16,68,-406)
(13,71,-409)
(3,67,-407)
(-1,69,-413)
(-17,79,-417)
(-22,82,-422)
(-40,94,-424)
(-37,89,-421)
(-53,89,-411)
(-74,84,-412)
(-90,102,-406)
(-98,110,-406)
(-99,115,-403)
(-103,115,-405)
(-105,113,-393)
(-105,119,-403)
(-132,102,-382)
(-125,95,-357)
(-128,76,-342)
(-129,81,-341)
(-134,80,-334)
(-141,91,-359)
(-120,112,-380)
(-109,113,-377)
(-128,116,-378)
(-133,115,-371)
(-118,110,-378)
(-125,93,-369)
(-115,103,-373)
(-121,105,-371)
(-133,121,-373)
(-142,134,-366)
(-147,135,-359)
(-144,116,-354)
(-144,116,-354)
(-156,102,-338)
(-137,101,-339)
(-142,112,-338)
(-150,110,-322)
(-161,103,-321)
(-162,118,-314)
(-172,132,-304)
(-177,153,-299)
(-173,169,-303)
(-184,196,-298)
(-174,240,-296)
(-156,260,-302)
(-143,289,-327)
(-130,312,-344)
(-104,332,-356)
(-86,340,-368)
(-47,341,-389)
(-12,360,-394)
(46,360,-370)
(85,347,-371)
(119,337,-349)
(134,322,-334)
(163,299,-317)
(170,274,-290)
(187,241,-285)
(195,231,-261)
(204,230,-244)
(218,258,-190)
(215,271,-173)
(214,262,-154)
(212,262,-128)
(206,254,-106)
(205,245,-83)
(194,220,-90)
(196,196,-70)
(186,180,-64)
(188,156,-70)
(180,138,-84)
(179,125,-85)
(168,108,-108)
(160,88,-136)
(146,70,-160)
(124,52,-170)
(114,40,-166)
(96,40,-174)
(80,20,-194)
(53,-5,-227)
(55,-3,-249)
(35,3,-269)
(29,7,-283)
(16,8,-310)
(5,21,-337)
(15,31,-347)
(5,27,-357)
(10,28,-354)
(14,30,-348)
(15,29,-363)
(17,55,-385)
(17,83,-409)
(23,103,-433)
(27,93,-419)
(48,64,-390)
(53,29,-317)
(37,-1,-239)
(12,4,-174)
(-6,8,-128)
(-12,32,-82)
(-14,58,-50)
(-22,62,-50)
(-43,91,-41)
(-51,103,-29)
(-58,126,-14)
(-59,161,-19)
(-58,178,-8)
(-52,214,-14)
(-57,229,-13)
(-44,254,-26)
(-40,278,-30)
(-38,304,-48)
(-28,302,-52)
(-19,323,-65)
(-24,332,-62)
(-28,332,-72)
(-27,321,-71)
(-33,323,-77)
(-45,327,-79)
(-40,326,-90)
(-49,331,-89)
(-52,316,-86)
(-55,329,-75)
(-56,326,-78)
(-48,300,-58)
(-48,286,-44)
(-37,281,-41)
(-29,263,-19)
(-31,263,-15)
(-29,247,-13)
(-23,243,-5)
(-19,235,-11)
(-24,238,-6)
(-32,256,-12)
(-39,273,-29)
(-49,275,-45)
(-56,292,-48)
(-75,303,-65)
(-73,309,-83)
(-80,314,-98)
(-93,315,-103)
(-92,324,-120)
(-102,320,-126)
(-110,314,-136)
(-115,319,-139)
(-111,311,-151)
(-107,311,-131)
(-110,298,-128)
(-105,303,-105)
(-101,283,-89)
(-98,266,-78)
(-95,245,-51)
(-81,241,-35)
(-77,221,-19)
(-62,206,-18)
(-55,193,-9)
(-47,181,-17)
(-50,174,-6)
(-52,182,-2)
(-60,184,-6)
(-68,204,-18)
(-71,229,-33)
(-84,240,-40)
(-93,255,-49)
(-100,260,-72)
(-104,278,-78)
(-114,276,-102)
(-114,288,-120)
(-116,292,-120)
(-116,288,-120)
(-110,284,-108)
(-110,272,-88)
(-101,263,-77)
(-105,245,-67)
(-89,237,-53)
(-93,225,-39)
(-78,194,-34)
(-71,181,-13)
(-58,156,-18)
(-60,138,-14)
(-50,118,-14)
(-34,100,-18)
(-25,83,-29)
(-29,91,-23)
(-27,73,-33)
(-21,65,-33)
(-4,58,-34)
(4,44,-48)
(-9,45,-53)
(0,36,-58)
(9,41,-59)
(4,28,-66)
(1,41,-47)
(-15,67,-37)
(-18,102,-10)
(-35,133,-7)
(-49,147,-5)
(-59,175,-9)
(-63,199,-9)
(-75,229,-21)
(-83,245,-31)
(-87,241,-47)
(-107,257,-61)
(-113,257,-89)
(-131,265,-113)
(-144,278,-136)
(-134,288,-158)
(-131,313,-193)
(-135,317,-211)
(-127,321,-223)
(-135,321,-249)
(-133,321,-265)
(-129,327,-277)
(-119,327,-285)
(-116,336,-286)
(-124,328,-282)
(-115,327,-277)
(-126,318,-270)
(-129,329,-247)
(-122,320,-236)
(-132,314,-218)
(-126,314,-194)
(-133,309,-183)
(-127,301,-173)
(-128,308,-160)
(-124,300,-146)
(-121,283,-137)
(-124,294,-126)
(-121,295,-133)
(-114,294,-138)
(-118,294,-148)
(-118,298,-156)
(-126,296,-162)
(-126,308,-174)
(-126,308,-188)
(-129,313,-185)
(-129,317,-205)
(-132,318,-202)
(-138,318,-214)
(-129,319,-217)
(-139,323,-227)
(-129,321,-243)
(-122,324,-252)
(-121,327,-269)
(-118,320,-286)
(-119,333,-297)
(-106,334,-308)
(-98,332,-314)
(-102,336,-328)
(-91,333,-343)
(-90,332,-356)
(-87,327,-363)
(-83,331,-367)
(-80,328,-374)
(-76,318,-374)
(-67,325,-395)
(-62,320,-392)
(-73,317,-395)
(-51,317,-401)
(-46,324,-404)
(-51,317,-409)
(-38,314,-414)
(-30,316,-418)
(-22,306,-420)
(-20,306,-432)
(-20,296,-436)
(-22,284,-434)
(-14,278,-444)
(-4,280,-442)
(-11,265,-451)
(-16,270,-446)
(-4,260,-446)
(3,269,-455)
(-2,260,-458)
(-8,252,-446)
(-6,252,-458)
(-1,245,-451)
(-4,240,-444)
(-3,243,-459)
(-9,255,-445)
(-17,271,-451)
(-11,263,-451)
(-12,260,-448)
(-1,261,-455)
(-5,253,-451)
(0,248,-454)
(-8,242,-456)
(-4,238,-458)
(-7,227,-467)
(8,214,-460)
(0,200,-458)
(5,191,-451)
(13,191,-459)
(9,181,-461)
(16,182,-458)
(20,184,-460)
(22,180,-456)
(27,191,-457)
(24,206,-458)
(33,221,-457)
(23,219,-449)
(20,236,-454)
(17,247,-455)
(14,240,-454)
(12,256,-458)
(17,269,-447)
(15,281,-445)
(10,276,-442)
(7,299,-435)
(5,311,-439)
(-2,316,-428)
(-11,327,-411)
(-13,335,-409)
(-4,350,-398)
(0,348,-398)
(5,327,-415)
(12,310,-434)
(1,297,-435)
(-15,315,-421)
(-42,336,-394)
(-54,354,-368)
(-46,370,-338)
(-54,368,-306)
(-40,382,-288)
(-31,395,-263)
(-18,396,-278)
(-7,393,-305)
(-3,395,-335)
(-19,365,-367)
(-34,356,-370)
(-58,358,-358)
(-71,373,-327)
(-79,369,-283)
(-72,378,-248)
(-65,379,-225)
(-55,377,-223)
(-28,382,-230)
(-24,400,-258)
(-4,394,-282)
(-8,388,-324)
(-9,377,-341)
(-29,377,-315)
(-43,381,-279)
(-63,381,-231)
(-68,364,-176)
(-79,339,-133)
(-86,308,-96)
(-81,289,-75)
(-88,272,-58)
(-76,274,-50)
(-80,268,-56)
(-81,299,-83)
(-65,339,-107)
(-68,356,-128)
(-64,362,-148)
(-66,354,-144)
(-74,342,-120)
(-74,316,-86)
(-72,290,-62)
(-59,259,-33)
(-54,244,-26)
(-42,224,-10)
(-39,233,-13)
(-50,262,-18)
(-39,291,-49)
(-27,329,-73)
(-28,346,-98)
(-33,353,-115)
(-46,342,-108)
(-40,322,-82)
(-42,298,-60)
(-37,255,-19)
(-25,219,-11)
(-26,194,-8)
(-11,163,5)
(-16,152,6)
(-24,156,0)
(-27,191,-3)
(-36,226,-12)
(-24,272,-26)
(-7,303,-53)
(-22,322,-62)
(-15,323,-69)
(-32,318,-60)
(-42,292,-42)
(-10,254,-12)
(23,211,7)
(54,178,6)
(72,142,-4)
(78,114,-22)
(92,96,-34)
(92,70,-60)
(92,48,-80)
(68,30,-102)
(28,10,-106)
(-9,-5,-123)
(-35,-11,-161)
(-41,-3,-217)
(-55,3,-277)
(-59,19,-323)
(-61,27,-349)
(-72,44,-376)
(-68,72,-398)
(-68,90,-414)
(-63,101,-425)
(-44,116,-440)
(-42,140,-448)
(-34,142,-452)
(-38,156,-460)
(-52,142,-448)
(-39,155,-455)
(-52,176,-452)
(-72,166,-436)
(-68,156,-434)
(-80,154,-430)
(-87,147,-427)
(-92,146,-420)
(-86,160,-428)
(-83,177,-435)
(-90,176,-432)
(-109,205,-423)
(-118,240,-418)
(-122,274,-394)
(-126,294,-370)
(-137,297,-353)
(-125,315,-325)
(-129,305,-313)
(-133,307,-313)
(-135,313,-287)
(-123,319,-277)
(-128,322,-242)
(-127,315,-233)
(-133,317,-229)
(-123,323,-245)
(-121,327,-237)
(-125,333,-261)
(-120,322,-282)
(-122,328,-296)
(-121,329,-309)
(-121,321,-307)
(-111,299,-377)
(-105,213,-425)
(-83,199,-433)
(-103,209,-435)
(-119,259,-395)
(-153,273,-345)
(-159,279,-291)
(-172,268,-248)
(-179,273,-213)
(-165,259,-199)
(-165,275,-211)
(-150,284,-202)
(-157,297,-187)
(-140,308,-190)
(-135,311,-185)
(-117,317,-163)
(-98,324,-146)
(-98,332,-132)
(-99,309,-123)
(-108,294,-110)
(-114,272,-116)
(-142,256,-122)
(-170,234,-152)
(-180,218,-194)
(-174,224,-234)
(-169,233,-279)
(-168,272,-282)
(-154,304,-278)
(-146,320,-238)
(-130,326,-198)
(-125,329,-169)
(-122,314,-144)
(-117,299,-131)
(-137,285,-137)
(-138,280,-142)
(-148,258,-138)
(-152,252,-152)
(-160,232,-148)
(-171,215,-157)
(-179,193,-173)
(-184,180,-202)
(-190,190,-216)
(-183,205,-235)
(-184,216,-242)
(-180,248,-252)
(-172,268,-244)
(-171,285,-227)
(-158,290,-206)
(-153,299,-185)
(-145,293,-167)
(-144,288,-160)
(-157,265,-137)
(-150,254,-130)
(-168,244,-134)
(-176,234,-140)
(-179,213,-161)
(-184,214,-180)
(-185,209,-195)
(-182,226,-234)
(-177,253,-231)
(-172,270,-232)
(-171,297,-229)
(-158,308,-214)
(-147,299,-203)
(-152,308,-186)
(-149,307,-175)
(-151,301,-171)
(-160,286,-160)
(-145,273,-155)
(-170,260,-154)
(-169,235,-157)
(-177,229,-169)
(-176,216,-180)
(-183,215,-193)
(-184,210,-200)
(-189,205,-239)
(-186,208,-248)
(-181,229,-275)
(-178,236,-292)
(-174,252,-302)
(-161,263,-311)
(-156,282,-298)
(-157,287,-277)
(-160,286,-250)
(-169,281,-233)
(-174,272,-220)
(-174,252,-212)
(-193,241,-211)
(-187,213,-221)
(-198,198,-230)
(-196,180,-244)
(-186,152,-258)
(-182,126,-276)
(-179,125,-301)
(-166,122,-328)
(-157,127,-361)
(-145,143,-383)
(-127,169,-395)
(-124,198,-408)
(-118,230,-426)
(-112,256,-402)
(-129,279,-381)
(-140,296,-348)
(-150,298,-316)
(-150,302,-296)
(-153,297,-287)
(-164,290,-278)
(-164,266,-272)
(-183,257,-267)
(-176,242,-262)
(-184,222,-264)
(-189,195,-275)
(-180,160,-286)
(-176,132,-304)
(-160,122,-318)
(-166,114,-336)
(-155,113,-339)
(-159,117,-353)
(-153,125,-371)
(-157,131,-369)
(-152,154,-374)
(-157,177,-375)
(-156,208,-374)
(-164,226,-360)
(-153,245,-369)
(-143,257,-361)
(-160,274,-338)
(-156,286,-324)
(-157,281,-303)
(-158,280,-282)
(-160,284,-270)
(-170,276,-246)
(-166,274,-252)
(-179,249,-265)
(-189,221,-283)
(-187,179,-313)
(-176,152,-350)
(-150,126,-366)
(-156,124,-364)
(-128,108,-378)
(-123,101,-391)
(-109,107,-393)
(-105,119,-415)
(-83,135,-431)
(-58,158,-448)
(-34,174,-454)
(-20,174,-468)
(6,178,-456)
(16,184,-456)
(35,193,-461)
(39,203,-467)
(40,210,-458)
(49,219,-449)
(50,234,-452)
(81,263,-431)
(93,279,-415)
(107,293,-405)
(91,301,-393)
(110,316,-384)
(116,320,-370)
(116,332,-362)
(117,335,-357)
(127,335,-359)
(97,349,-349)
(94,360,-344)
(74,370,-346)
(64,380,-326)
(59,385,-331)
(39,401,-305)
(18,404,-282)
(9,401,-257)
(4,402,-230)
(-11,405,-233)
(-8,390,-222)
(-11,395,-217)
(-2,394,-198)
(-8,386,-186)
(-4,390,-182)
(-14,394,-178)
(4,388,-170)
(-7,393,-169)
(1,393,-179)
(-29,407,-237)
(-43,381,-297)
(-55,377,-325)
(-50,346,-370)
(-50,316,-404)
(-48,274,-436)
(-31,249,-449)
(-25,217,-453)
(-19,191,-461)
(-17,185,-461)
(-16,184,-456)
(-14,214,-454)
(-15,221,-457)
(-29,291,-437)
(-50,324,-408)
(-47,337,-385)
(-54,360,-336)
(-60,368,-318)
(-56,382,-288)
(-55,389,-257)
(-55,391,-231)
(-50,386,-204)
(-55,383,-189)
(-43,381,-167)
(-48,374,-152)
(-34,376,-146)
(-29,377,-129)
(-16,374,-112)
(-5,379,-109)
(-9,363,-97)
(2,364,-88)
(7,363,-67)
(19,367,-77)
(25,357,-63)
(36,354,-64)
(54,350,-46)
(50,342,-52)
(54,340,-40)
(57,337,-39)
(62,338,-38)
(69,339,-37)
(76,332,-36)
(75,333,-31)
(79,329,-25)
(79,325,-37)
(69,329,-35)
(53,361,-57)
(31,387,-107)
(21,409,-143)
(-5,411,-191)
(-17,419,-221)
(-27,413,-249)
(-33,395,-257)
(-44,382,-302)
(-63,377,-323)
(-73,357,-339)
(-78,358,-360)
(-76,342,-370)
(-76,366,-340)
(-81,373,-327)
(-67,387,-291)
(-54,398,-258)
(-50,396,-214)
(-32,390,-172)
(-19,389,-139)
(-5,377,-115)
(8,376,-88)
(28,368,-80)
(40,362,-64)
(56,358,-60)
(65,357,-53)
(66,352,-48)
(70,352,-48)
(74,358,-52)
(66,352,-48)
(42,380,-94)
(24,408,-158)
(0,412,-204)
(-10,412,-254)
(-18,400,-294)
(-33,381,-343)
(-40,364,-356)
(-60,328,-396)
(-52,320,-398)
(-66,318,-398)
(-66,330,-380)
(-60,334,-380)
(-63,351,-359)
(-64,364,-334)
(-75,369,-285)
(-74,386,-234)
(-70,390,-194)
(-48,378,-148)
(-35,369,-107)
(-18,346,-80)
(-5,335,-63)
(13,339,-45)
(11,329,-43)
(25,319,-25)
(34,316,-18)
(41,307,-25)
(60,310,-22)
(70,314,-14)
(85,299,-7)
(81,307,-19)
(95,309,-13)
(100,306,-16)
(102,306,-14)
(114,294,-12)
(120,282,-18)
(107,295,-17)
(118,294,-28)
(130,314,-10)
(138,328,6)
(127,325,3)
(127,305,21)
(126,306,18)
(122,272,22)
(127,253,27)
(134,246,30)
(135,231,25)
(135,231,25)
(128,228,26)
(143,219,15)
(148,218,24)
(145,217,21)
(138,216,24)
(145,219,19)
(150,220,32)
(147,223,9)
(138,224,12)
(128,264,18)
(121,267,33)
(105,293,13)
(85,325,11)
(87,339,3)
(65,379,-29)
(34,404,-64)
(19,423,-93)
(2,430,-130)
(-17,429,-157)
(-35,429,-197)
(-47,417,-235)
(-82,376,-290)
(-93,369,-307)
(-92,360,-310)
(-103,335,-337)
(-120,316,-348)
(-124,302,-358)
(-129,307,-357)
(-123,303,-355)
(-121,309,-347)
(-126,308,-354)
(-122,314,-350)
(-122,310,-338)
(-119,339,-317)
(-117,347,-281)
(-122,348,-216)
(-108,336,-146)
(-101,341,-143)
(-81,339,-99)
(-70,340,-98)
(-51,311,-45)
(-44,292,-32)
(-22,252,-8)
(0,236,6)
(8,220,-2)
(12,220,10)
(53,213,15)
(42,206,10)
(62,200,6)
(69,207,9)
(81,201,9)
(80,198,8)
(72,198,6)
(62,198,16)
(50,206,12)
(25,275,1)
(10,306,-14)
(-11,323,-37)
(-26,346,-54)
(-41,357,-59)
(-53,373,-105)
(-64,376,-130)
(-90,390,-172)
(-96,382,-186)
(-123,373,-231)
(-121,367,-243)
(-133,345,-265)
(-141,353,-271)
(-138,358,-256)
(-130,362,-226)
(-117,363,-179)
(-102,356,-126)
(-64,322,-60)
(-26,276,-10)
(-9,259,9)
(8,222,16)
(32,202,10)
(42,180,14)
(43,179,9)
(57,175,3)
(62,166,-4)
(75,167,3)
(63,155,9)
(49,209,13)
(52,226,12)
(7,273,9)
(-21,291,-3)
(-27,307,-17)
(-69,313,-37)
(-71,337,-37)
(-95,339,-73)
(-115,351,-97)
(-136,336,-114)
(-128,338,-130)
(-139,341,-159)
(-149,333,-177)
(-143,339,-179)
(-153,333,-165)
(-135,311,-101)
(-127,301,-81)
(-120,310,-82)
(-101,293,-41)
(-77,271,-19)
(-65,265,-5)
(-69,247,3)
(-54,250,8)
(-41,227,9)
(-39,223,23)
(-30,228,24)
(-19,215,17)
(-18,218,28)
(-1,203,31)
(15,191,29)
(33,193,27)
(36,186,24)
(46,198,24)
(62,184,22)
(71,185,13)
(79,191,17)
(87,189,15)
(84,192,14)
(68,204,16)
(46,218,24)
(32,244,32)
(30,258,30)
(-10,286,10)
(-27,289,5)
(-29,315,-7)
(-44,306,-2)
(-65,327,-31)
(-85,333,-49)
(-94,352,-74)
(-90,356,-110)
(-108,366,-150)
(-110,372,-182)
(-121,383,-189)
(-115,377,-199)
(-122,370,-208)
(-131,369,-193)
(-121,363,-175)
(-123,357,-177)
(-115,349,-121)
(-112,342,-112)
(-98,328,-64)
(-97,317,-59)
(-77,285,-19)
(-66,282,2)
(-43,237,19)
(-35,225,29)
(-28,212,44)
(-1,203,33)
(8,198,30)
(13,193,27)
(34,204,32)
(31,201,29)
(32,214,26)
(12,254,16)
(-42,314,-12)
(-55,333,-35)
(-104,368,-142)
(-126,366,-190)
(-128,362,-236)
(-137,345,-269)
(-131,341,-285)
(-147,307,-313)
(-142,302,-324)
(-146,258,-360)
(-147,233,-375)
(-139,189,-395)
(-123,157,-409)
(-80,120,-416)
(-49,79,-411)
(-33,75,-409)
(33,45,-363)
(38,34,-354)
(96,26,-298)
(108,40,-290)
(162,88,-222)
(179,105,-201)
(191,157,-171)
(202,170,-160)
(203,223,-145)
(199,237,-137)
(202,288,-144)
(194,286,-158)
(195,309,-171)
(196,304,-156)
(195,295,-163)
(191,285,-153)
(200,278,-144)
(193,255,-115)
(193,255,-117)
(201,251,-133)
(201,259,-155)
(212,262,-172)
(197,297,-195)
(199,299,-209)
(183,323,-225)
(177,337,-233)
(154,356,-266)
(119,377,-283)
(106,384,-290)
(68,394,-302)
(32,388,-326)
(-10,376,-334)
(-11,365,-329)
(-38,372,-314)
(-45,371,-313)
(-52,370,-302)
(-60,374,-302)
(-58,370,-280)
(-36,374,-264)
(-23,385,-261)
(-1,387,-267)
(26,380,-300)
(49,387,-319)
(52,390,-326)
(55,381,-309)
(52,398,-296)
(61,407,-289)
(49,413,-225)
(45,405,-205)
(21,393,-201)
(19,393,-185)
(-8,392,-192)
(-33,387,-185)
(-48,378,-204)
(-60,372,-222)
(-61,371,-233)
(-85,353,-275)
(-98,342,-310)
(-107,307,-351)
(-107,303,-363)
(-98,268,-392)
(-91,265,-405)
(-65,251,-431)
(-31,255,-455)
(-9,245,-445)
(33,249,-449)
(37,253,-451)
(80,256,-432)
(90,268,-422)
(132,290,-370)
(155,297,-347)
(182,298,-320)
(201,277,-283)
(212,264,-266)
(215,195,-191)
(210,178,-178)
(180,126,-118)
(164,110,-106)
(109,59,-111)
(80,32,-126)
(65,25,-133)
(-9,-11,-211)
(-24,-14,-216)
(-71,5,-293)
(-107,63,-349)
(-126,128,-380)
(-130,164,-394)
(-145,233,-367)
(-150,246,-356)
(-146,282,-308)
(-143,301,-285)
(-139,311,-293)
(-137,315,-287)
(-134,318,-278)
(-120,320,-272)
(-120,320,-276)
(-120,324,-264)
(-123,329,-285)
(-100,334,-314)
(-106,328,-342)
(-98,330,-346)
(-91,325,-365)
(-77,327,-391)
(-84,316,-386)
(-90,324,-388)
(-88,316,-382)
(-96,310,-380)
(-102,318,-380)
(-116,312,-376)
(-105,309,-383)
(-110,310,-386)
(-122,316,-380)
(-107,309,-385)
(-123,301,-385)
(-119,303,-387)
(-124,292,-386)
(-121,303,-379)
(-128,302,-386)
(-126,300,-396)
(-125,297,-389)
(-125,303,-383)
(-123,303,-385)
(-116,302,-384)
(-122,298,-382)
(-117,309,-383)
(-122,312,-382)
(-125,309,-387)
(-118,300,-384)
(-130,344,-232)
(-123,341,-233)
(-138,352,-234)
(-121,343,-227)
(-139,345,-233)
(-133,347,-227)
(-128,346,-230)
(-131,337,-233)
(-136,348,-232)
(-129,345,-235)
(-125,349,-225)
(-119,349,-209)
(-105,345,-157)
(-112,342,-126)
(-100,322,-112)
(-107,319,-107)
(-118,276,-80)
(-120,272,-82)
(-142,234,-88)
(-157,227,-113)
(-165,223,-123)
(-174,224,-144)
(-162,222,-152)
(-182,244,-216)
(-174,234,-298)
(-148,174,-374)
(-115,121,-409)
(-94,106,-408)
(-22,62,-406)
(14,44,-390)
(9,33,-385)
(-2,30,-374)
(-23,35,-377)
(-80,78,-410)
(-133,171,-393)
(-146,258,-348)
(-140,280,-328)
(-93,353,-267)
(-83,359,-261)
(-37,383,-215)
(-18,390,-194)
(28,396,-164)
(28,396,-158)
(73,395,-165)
(75,395,-167)
(109,387,-189)
(118,390,-182)
(174,390,-144)
(185,369,-111)
(176,366,-116)
(188,348,-94)
(195,335,-79)
(197,327,-77)
(188,302,-54)
(190,286,-42)
(182,242,-22)
(157,221,-25)
(160,256,2)
(127,303,1)
(100,352,-26)
(93,377,-23)
(55,419,-81)
(34,422,-104)
(59,409,-89)
(64,396,-72)
(97,335,-1)
(92,314,6)
(84,280,38)
(54,290,42)
(58,296,36)
(2,388,-40)
(2,418,-96)
(3,421,-119)
(24,398,-146)
(57,369,-85)
(70,338,-40)
(75,283,-5)
(87,273,5)
(73,237,19)
(57,245,7)
(63,267,11)
(34,366,-60)
(32,400,-136)
(44,402,-162)
(63,387,-129)
(71,375,-105)
(88,326,-52)
(92,290,-24)
(92,280,-12)
(90,262,-4)
(79,277,5)
(36,338,-40)
(20,360,-78)
(46,340,-56)
(63,309,-31)
(76,288,-12)
(77,249,-7)
(75,227,7)
(56,184,18)
(67,169,15)
(56,168,6)
(57,147,15)
(63,143,5)
(70,136,8)
(65,129,7)
(67,145,7)
(65,139,5)
(42,196,14)
(40,214,24)
(18,292,-14)
(-2,338,-46)
(-16,364,-94)
(-38,392,-142)
(-54,390,-166)
(-67,387,-215)
(-80,380,-214)
(-81,381,-169)
(-74,362,-142)
(-48,324,-56)
(-11,267,-1)
(-13,243,7)
(11,197,19)
(20,180,26)
(31,167,27)
(43,201,19)
(20,278,6)
(-25,345,-43)
(-38,384,-120)
(-72,396,-166)
(-67,385,-191)
(-80,390,-278)
(-92,374,-292)
(-112,322,-358)
(-113,317,-359)
(-140,288,-358)
(-156,288,-304)
(-164,284,-276)
(-160,294,-266)
(-170,268,-238)
(-165,261,-197)
(-165,281,-183)
(-113,291,-113)
(-103,305,-105)
(-27,309,-45)
(-12,310,-34)
(89,331,-57)
(111,345,-89)
(121,333,-69)
(102,278,-18)
(80,216,14)
(60,184,22)
(41,177,19)
(29,175,23)
(0,164,12)
(16,152,0)
(34,136,4)
(33,133,-5)
(40,130,0)
(28,122,6)
(21,129,3)
(13,135,11)
(12,134,6)
(2,140,6)
(-8,142,10)
(-6,144,10)
(-6,144,14)
(-10,176,-2)
(-13,173,3)
(-24,152,0)
(-24,144,-4)
(-24,134,-4)
(-26,156,2)
(-35,177,5)
(-34,200,10)
(-51,251,-15)
(-49,245,-11)
(-49,237,-1)
(-45,241,1)
(-56,242,-8)
(-58,246,-10)
(-62,238,-4)
(-56,212,2)
(-38,218,2)
(-34,208,-6)
(-38,210,6)
(-32,272,-16)
(-27,335,-65)
(-21,375,-113)
(-31,351,-85)
(-23,287,-31)
(-18,244,-2)
(-18,208,6)
(-19,159,5)
(-5,111,-5)
(2,110,4)
(17,97,-5)
(34,96,-12)
(21,111,-5)
(35,75,-23)
(44,52,-50)
(63,31,-91)
(74,24,-132)
(81,23,-177)
(83,15,-189)
(91,23,-179)
(111,55,-151)
(119,47,-153)
(120,54,-176)
(124,60,-186)
(126,64,-190)
(134,72,-222)
(137,81,-233)
(133,85,-235)
(130,70,-212)
(116,60,-148)
(102,72,-78)
(48,110,2)
(52,122,12)
(30,182,34)
(12,216,40)
(12,262,32)
(-6,300,12)
(-29,329,-25)
(-41,341,-47)
(-83,331,-133)
(-116,326,-198)
(-122,310,-266)
(-139,281,-335)
(-129,237,-397)
(-106,182,-432)
(-78,142,-448)
(-66,126,-438)
(-62,122,-432)
(-90,156,-442)
(-99,193,-439)
(-127,229,-403)
(-161,255,-325)
(-164,254,-230)
(-148,248,-162)
(-137,195,-93)
(-145,175,-107)
(-168,146,-164)
(-173,131,-243)
(-175,127,-313)
(-156,128,-362)
(-117,119,-411)
(-97,123,-421)
(2,74,-442)
(70,48,-380)
(98,24,-298)
(116,16,-228)
(131,25,-203)
(118,40,-116)
(90,46,-68)
(62,50,-38)
(13,53,-37)
(-56,46,-48)
(-84,38,-92)
(-101,27,-133)
(-100,18,-148)
(-68,-10,-142)
(12,-22,-156)
(87,9,-135)
(120,58,-100)
(118,94,-58)
(100,108,-30)
(34,110,0)
(-13,107,-3)
(-28,110,-6)
(-70,130,-14)
(-103,127,-37)
(-134,138,-72)
(-154,148,-112)
(-170,156,-152)
(-182,180,-196)
(-186,196,-226)
(-184,204,-222)
(-184,192,-180)
(-162,158,-122)
(-143,171,-97)
(-163,185,-91)
(-168,184,-120)
(-190,176,-162)
(-184,170,-222)
(-189,151,-281)
(-159,143,-329)
(-155,135,-349)
(-133,107,-371)
(-94,84,-386)
(-50,98,-418)
(-12,126,-444)
(11,199,-445)
(20,252,-456)
(19,267,-445)
(24,320,-418)
(24,348,-388)
(29,363,-367)
(33,379,-325)
(34,382,-292)
(31,401,-251)
(20,398,-230)
(8,396,-218)
(-3,383,-203)
(-8,388,-190)
(-17,379,-177)
(-37,369,-159)
(-33,357,-127)
(-43,345,-103)
(-34,326,-84)
(-34,318,-72)
(-30,304,-60)
(-20,296,-54)
(-8,282,-46)
(-21,285,-45)
(-30,312,-78)
(-56,354,-128)
(-63,379,-211)
(-63,373,-287)
(-75,347,-349)
(-67,305,-393)
(-66,274,-424)
(-57,281,-423)
(-41,303,-415)
(-36,320,-412)
(-51,337,-379)
(-48,344,-356)
(-55,347,-359)
(-39,347,-365)
(-39,343,-373)
(-32,350,-382)
(4,348,-374)
(0,356,-370)
(5,361,-365)
(-6,368,-374)
(-7,353,-367)
(-18,346,-366)
(-34,362,-358)
(-36,366,-342)
(-38,372,-336)
(-25,363,-351)
(-12,366,-366)
(3,371,-377)
(10,378,-378)
(1,375,-373)
(-5,375,-355)
(-35,363,-347)
(-51,359,-347)
(-57,349,-341)
(-61,349,-353)
(-39,349,-363)
(-28,372,-346)
(-32,372,-314)
(-32,380,-276)
(-30,384,-238)
(-30,388,-224)
(-26,378,-212)
(-30,386,-198)
(-33,381,-185)
(-27,373,-175)
(-23,373,-157)
(-12,362,-128)
(-5,359,-111)
(-11,339,-107)
(-30,358,-138)
(-62,380,-212)
(-79,365,-263)
(-62,364,-298)
(-40,380,-296)
(-20,396,-252)
(-25,379,-187)
(-53,369,-175)
(-76,358,-200)
(-101,345,-265)
(-106,340,-338)
(-79,325,-381)
(-69,317,-387)
(-50,362,-342)
(-58,372,-264)
(-61,367,-219)
(-74,362,-184)
(-68,352,-166)
(-83,341,-167)
(-95,331,-159)
(-100,322,-148)
(-104,308,-148)
(-107,311,-149)
(-107,299,-131)
(-119,293,-123)
(-105,291,-103)
(-94,280,-80)
(-73,275,-61)
(-56,278,-58)
(-33,275,-43)
(-7,271,-31)
(-7,279,-39)
(-5,295,-49)
(-10,312,-68)
(-29,335,-93)
(-41,357,-125)
(-62,358,-140)
(-66,336,-124)
(-76,320,-108)
(-60,314,-98)
(-45,299,-57)
(-43,291,-51)
(-11,307,-61)
(0,306,-52)
(32,298,-48)
(48,294,-22)
(54,296,-22)
(63,311,-31)
(60,316,-46)
(62,330,-68)
(71,343,-87)
(54,358,-76)
(56,348,-84)
(47,343,-93)
(42,348,-94)
(43,355,-93)
(33,345,-91)
(26,360,-112)
(37,385,-137)
(41,393,-205)
(55,395,-231)
(78,390,-274)
(86,390,-294)
(83,389,-325)
(100,388,-334)
(102,390,-336)
(102,402,-322)
(89,411,-283)
(78,426,-238)
(64,426,-180)
(49,411,-107)
(30,396,-80)
(27,389,-57)
(30,388,-60)
(33,385,-49)
(37,389,-61)
(36,414,-120)
(40,426,-168)
(58,426,-252)
(73,415,-297)
(84,406,-320)
(78,406,-322)
(83,413,-311)
(72,420,-302)
(67,417,-285)
(66,420,-264)
(59,429,-227)
(52,430,-182)
(51,423,-145)
(48,416,-100)
(54,398,-94)
(69,391,-77)
(61,401,-81)
(67,397,-69)
(56,404,-76)
(53,415,-93)
(49,423,-125)
(53,421,-163)
(44,432,-184)
(54,442,-208)
(51,431,-227)
(52,434,-248)
(47,431,-261)
(51,435,-255)
(51,433,-241)
(47,433,-219)
(49,427,-185)
(58,428,-172)
(50,434,-168)
(52,432,-202)
(59,431,-259)
(59,411,-311)
(56,408,-322)
(55,417,-285)
(36,436,-238)
(17,441,-193)
(-10,410,-166)
(-17,421,-173)
(-7,425,-173)
(24,426,-220)
(38,440,-242)
(32,426,-198)
(36,430,-150)
(7,421,-123)
(-13,413,-119)
(-26,412,-146)
(-14,418,-198)
(-6,430,-226)
(14,434,-238)
(19,437,-193)
(-3,421,-131)
(-22,410,-100)
(-45,407,-129)
(-55,413,-181)
(-36,422,-232)
(-14,416,-250)
(-2,436,-212)
(8,426,-162)
(3,399,-91)
(-20,386,-74)
(-53,383,-93)
(-61,391,-117)
(-47,405,-183)
(-28,426,-236)
(-9,427,-221)
(-4,422,-148)
(3,399,-75)
(-7,353,-27)
(-30,346,-20)
(-67,353,-49)
(-67,379,-125)
(-63,395,-171)
(-59,389,-143)
(-55,351,-65)
(-47,325,-19)
(-36,280,6)
(-42,260,18)
(-33,237,25)
(-29,217,29)
(-31,205,31)
(-46,216,16)
(-67,241,7)
(-77,289,-23)
(-80,336,-56)
(-72,368,-102)
(-59,387,-153)
(-50,410,-210)
(-36,418,-242)
(-14,406,-290)
(-14,414,-320)
(-10,406,-336)
(-12,402,-318)
(-16,412,-294)
(-33,417,-249)
(-35,417,-223)
(-24,410,-242)
(-18,404,-320)
(-15,395,-321)
(-25,417,-273)
(-33,417,-193)
(-29,391,-121)
(-28,378,-92)
(-31,373,-83)
(-29,397,-105)
(-29,411,-163)
(-29,419,-215)
(-33,417,-245)
(-26,422,-268)
(-26,410,-296)
(-28,402,-300)
(-7,401,-329)
(2,388,-346)
(9,389,-377)
(8,378,-388)
(0,378,-380)
(2,398,-358)
(-11,405,-325)
(-16,418,-282)
(-5,423,-243)
(-19,433,-207)
(-12,422,-174)
(-13,423,-221)
(-3,417,-275)
(-5,413,-313)
(-12,416,-250)
(-22,420,-200)
(-46,410,-178)
(-55,403,-203)
(-62,386,-234)
(-32,394,-216)
(-20,400,-228)
(-18,392,-244)
(-17,401,-251)
(-28,400,-244)
(-53,399,-229)
(-65,377,-213)
(-91,361,-209)
(-114,342,-212)
(-127,335,-229)
(-121,335,-245)
(-118,334,-234)
(-111,351,-217)
(-71,373,-195)
(-39,385,-181)
(-34,404,-206)
(-27,403,-257)
(-21,395,-301)
(-21,397,-313)
(-42,394,-260)
(-62,378,-194)
(-96,346,-162)
(-128,322,-178)
(-129,323,-231)
(-127,335,-267)
(-85,369,-307)
(-50,378,-296)
(-24,396,-246)
(-23,389,-165)
(-26,358,-104)
(-45,329,-63)
(-60,290,-50)
(-86,280,-54)
(-102,286,-74)
(-116,334,-124)
(-92,356,-176)
(-78,372,-206)
(-75,383,-229)
(-80,372,-224)
(-98,352,-174)
(-103,325,-119)
(-99,301,-97)
(-90,294,-70)
(-77,281,-49)
(-76,272,-38)
(-78,260,-34)
(-72,262,-24)
(-71,235,-7)
(-55,239,-7)
(-62,266,-8)
(-78,284,-34)
(-77,323,-65)
(-72,340,-108)
(-76,394,-180)
(-57,395,-243)
(-45,399,-291)
(-51,387,-313)
(-38,376,-346)
(-26,370,-372)
(-25,355,-395)
(-23,359,-395)
(-20,342,-412)
(-16,332,-418)
(-12,328,-426)
(-9,315,-433)
(-26,348,-410)
(-19,367,-371)
(-25,379,-333)
(-38,396,-292)
(-40,404,-260)
(-43,393,-231)
(-52,390,-204)
(-58,396,-182)
(-61,377,-167)
(-54,374,-156)
(-57,373,-137)
(-48,362,-122)
(-46,360,-110)
(-51,357,-97)
(-48,338,-92)
(-40,332,-74)
(-39,331,-67)
(-31,321,-51)
(-33,305,-45)
(-23,307,-37)
(-27,287,-33)
(-24,298,-26)
(-40,342,-76)
(-42,370,-140)
(-30,378,-136)
(-22,352,-88)
(-12,306,-26)
(-18,268,2)
(-24,238,2)
(-39,245,1)
(-63,301,-35)
(-66,348,-116)
(-61,377,-159)
(-53,365,-133)
(-41,331,-63)
(-25,287,-23)
(-22,256,-2)
(-17,235,5)
(-8,218,12)
(-10,190,22)
(1,171,13)
(2,158,20)
(22,136,16)
(24,134,14)
(35,143,37)
(41,155,39)
(-7,169,41)
(-37,183,31)
(-68,204,34)
(-103,217,3)
(-128,212,-36)
(-176,176,-112)
(-183,165,-155)
(-191,169,-193)
(-189,163,-213)
(-193,169,-227)
(-188,162,-252)
(-189,183,-233)
(-178,210,-204)
(-172,226,-180)
(-161,259,-141)
(-128,288,-126)
(-113,325,-125)
(-88,328,-106)
(-53,345,-83)
(-18,372,-104)
(4,368,-104)
(27,387,-113)
(61,411,-91)
(79,415,-107)
(81,419,-115)
(80,416,-126)
(94,424,-126)
(83,419,-133)
(86,422,-138)
(86,428,-154)
(87,425,-167)
(98,412,-158)
(101,419,-155)
(79,425,-133)
(76,414,-88)
(57,395,-77)
(51,409,-99)
(60,422,-134)
(66,432,-184)
(69,429,-209)
(80,430,-228)
(73,413,-239)
(72,428,-192)
(81,413,-139)
(89,397,-89)
(87,399,-87)
(65,419,-129)
(69,431,-183)
(72,430,-212)
(83,423,-241)
(87,427,-259)
(69,421,-261)
(75,435,-217)
(70,424,-186)
(69,427,-163)
(86,420,-134)
(91,403,-99)
(89,393,-75)
(94,380,-60)
(97,363,-47)
(98,362,-40)
(104,354,-40)
(95,329,-25)
(106,334,-18)
(106,330,-16)
(109,321,-23)
(99,317,-13)
(109,317,-17)
(104,340,-28)
(64,374,-46)
(59,385,-69)
(51,407,-87)
(55,407,-107)
(61,423,-139)
(38,420,-146)
(42,408,-112)
(48,384,-68)
(75,373,-49)
(83,349,-41)
(85,343,-29)
(95,315,-3)
(96,296,-4)
(109,291,7)
(105,281,7)
(101,267,9)
(107,257,5)
(106,254,18)
(103,255,17)
(104,242,16)
(107,235,19)
(95,263,21)
(91,273,3)
(81,301,-3)
(72,322,-14)
(68,352,-32)
(58,378,-50)
(39,401,-81)
(52,398,-104)
(35,403,-103)
(41,411,-113)
(44,394,-88)
(49,379,-41)
(56,372,-46)
(74,344,-14)
(82,310,-6)
(97,283,13)
(92,276,16)
(90,266,18)
(100,254,18)
(95,255,17)
(97,249,17)
(100,250,8)
(90,268,10)
(73,305,7)
(67,333,-13)
(61,345,-17)
(45,375,-47)
(33,393,-81)
(34,416,-124)
(22,420,-152)
(37,421,-171)
(30,432,-178)
(37,423,-181)
(23,419,-149)
(33,397,-105)
(48,386,-64)
(55,355,-37)
(72,330,-8)
(88,306,0)
(98,276,4)
(97,271,7)
(101,263,15)
(108,246,14)
(105,231,17)
(104,224,12)
(100,198,14)
(96,192,4)
(102,190,6)
(103,173,11)
(93,165,7)
(100,152,-4)
(104,146,-12)
(99,139,-21)
(98,130,-14)
(104,134,-20)
(103,133,-23)
(96,134,-16)
(88,156,0)
(65,195,27)
(44,246,36)
(39,247,35)
(59,189,25)
(64,174,16)
(48,198,16)
(33,225,29)
(19,243,33)
(14,232,36)
(13,187,31)
(20,156,28)
(33,127,9)
(49,119,1)
(56,112,-2)
(59,99,-25)
(62,94,-24)
(60,94,-26)
(67,97,-37)
(68,100,-22)
(47,131,-5)
(22,164,12)
(13,191,33)
(18,232,26)
(6,286,20)
(-3,319,-17)
(-3,343,-29)
(-10,378,-66)
(3,401,-113)
(13,413,-167)
(26,420,-224)
(34,428,-258)
(42,414,-288)
(54,400,-324)
(67,389,-341)
(79,371,-359)
(81,357,-369)
(78,368,-366)
(78,380,-346)
(68,414,-308)
(64,426,-246)
(58,416,-178)
(57,401,-129)
(62,386,-78)
(65,369,-45)
(66,336,-12)
(65,329,-9)
(52,354,-30)
(53,391,-73)
(44,410,-110)
(57,415,-167)
(73,427,-215)
(74,420,-268)
(88,398,-308)
(106,382,-346)
(108,378,-344)
(104,366,-342)
(111,375,-349)
(98,364,-354)
(95,379,-347)
(85,379,-355)
(88,380,-354)
(80,368,-364)
(89,333,-397)
(81,315,-405)
(79,319,-399)
(75,351,-379)
(80,370,-362)
(82,328,-390)
(87,295,-407)
(104,244,-404)
(107,217,-399)
(110,212,-400)
(110,202,-404)
(113,193,-397)
(109,197,-393)
(97,219,-399)
(97,245,-409)
(88,272,-406)
(77,307,-395)
(88,342,-386)
(86,354,-370)
(83,363,-357)
(85,369,-351)
(86,356,-356)
(97,329,-383)
(108,288,-400)
(103,261,-405)
(105,219,-389)
(108,198,-406)
(114,172,-386)
(113,159,-385)
(111,159,-369)
(115,153,-365)
(108,158,-370)
(116,198,-392)
(95,235,-411)
(101,263,-409)
(101,279,-407)
(85,321,-391)
(91,347,-373)
(80,386,-348)
(83,395,-335)
(75,399,-315)
(82,402,-306)
(78,404,-330)
(83,369,-357)
(90,338,-386)
(86,296,-400)
(96,264,-414)
(101,213,-413)
(104,184,-408)
(106,152,-384)
(100,134,-368)
(101,117,-369)
(94,122,-356)
(106,114,-354)
(105,111,-359)
(102,136,-380)
(88,184,-400)
(94,208,-406)
(91,231,-411)
(104,268,-408)
(99,291,-407)
(84,272,-418)
(57,267,-417)
(49,233,-425)
(20,212,-430)
(-18,188,-462)
(-28,200,-460)
(-43,203,-459)
(-46,216,-456)
(-36,224,-452)
(-7,213,-461)
(5,221,-459)
(21,203,-467)
(33,191,-457)
(38,166,-464)
(47,173,-463)
(41,181,-455)
(20,210,-468)
(-28,264,-458)
(-45,277,-435)
(-80,276,-420)
(-115,273,-383)
(-132,266,-360)
(-151,249,-339)
(-170,220,-318)
(-171,215,-315)
(-172,216,-342)
(-151,209,-355)
(-136,214,-396)
(-125,211,-409)
(-68,210,-452)
(-42,208,-462)
(-14,194,-466)
(-3,187,-471)
(15,183,-469)
(20,186,-466)
(4,186,-466)
(-30,224,-458)
(-64,234,-450)
(-80,238,-434)
(-69,225,-437)
(-47,199,-467)
(-18,150,-458)
(24,112,-434)
(69,109,-421)
(97,159,-429)
(110,208,-424)
(103,249,-433)
(93,281,-433)
(92,314,-410)
(124,338,-368)
(138,324,-364)
(147,291,-367)
(163,241,-367)
(190,200,-328)
(204,172,-278)
(209,151,-215)
(194,128,-122)
(157,117,-55)
(129,99,-31)
(96,72,-22)
(74,40,-66)
(69,15,-137)
(70,8,-220)
(83,17,-255)
(87,3,-211)
(72,16,-126)
(54,36,-60)
(42,78,-22)
(35,97,-1)
(26,128,10)
(47,145,1)
(76,146,-2)
(91,151,-5)
(119,175,13)
(123,175,17)
(125,167,13)
(140,154,-12)
(155,125,-43)
(164,118,-72)
(171,107,-101)
(180,96,-134)
(183,81,-191)
(157,83,-235)
(144,84,-280)
(119,93,-329)
(90,96,-362)
(60,94,-382)
(15,93,-425)
(-11,111,-439)
(-42,138,-450)
(-61,165,-445)
(-76,182,-436)
(-90,228,-430)
(-107,237,-417)
(-110,276,-374)
(-106,296,-358)
(-95,327,-327)
(-85,347,-325)
(-70,348,-328)
(-52,356,-354)
(-32,346,-364)
(-42,340,-380)
(-55,315,-399)
(-87,273,-415)
(-103,235,-415)
(-134,192,-410)
(-127,141,-391)
(-116,88,-372)
(-103,45,-351)
(-82,14,-300)
(-40,-10,-250)
(13,-25,-215)
(38,-12,-194)
(72,0,-148)
(101,27,-115)
(116,72,-72)
(117,119,-35)
(92,182,-18)
(56,224,-2)
(0,242,-8)
(-18,236,-8)
(-47,241,-11)
(-37,229,-9)
(3,213,11)
(57,187,7)
(81,143,-1)
(100,96,-40)
(94,46,-84)
(79,23,-133)
(37,-11,-195)
(17,-11,-227)
(-30,-12,-270)
(-62,6,-308)
(-80,28,-346)
(-106,70,-374)
(-124,114,-398)
(-129,159,-399)
(-124,188,-404)
(-121,215,-401)
(-127,223,-409)
(-125,239,-403)
(-116,260,-390)
(-123,267,-383)
(-128,294,-352)
(-120,302,-338)
(-116,318,-306)
(-107,333,-285)
(-96,344,-270)
(-103,345,-227)
(-99,339,-205)
(-92,350,-186)
(-82,346,-164)
(-68,358,-156)
(-41,353,-139)
(-36,366,-144)
(-10,376,-180)
(-3,383,-189)
(6,384,-192)
(22,390,-206)
(26,384,-218)
(19,399,-231)
(24,390,-244)
(25,397,-263)
(33,393,-277)
(38,390,-282)
(26,384,-284)
(11,393,-267)
(6,388,-276)
(-1,391,-287)
(1,393,-299)
(1,383,-325)
(-8,386,-328)
(-10,366,-338)
(-31,365,-335)
(-31,359,-341)
(-52,348,-342)
(-37,357,-351)
(-53,349,-361)
(-50,344,-366)
(-53,351,-363)
(-54,360,-320)
(-44,370,-288)
(-44,372,-280)
(-33,377,-293)
(-37,381,-291)
(-36,366,-312)
(-29,367,-345)
(-34,348,-352)
(-32,346,-372)
(-34,346,-374)
(-52,340,-370)
(-59,337,-369)
(-43,311,-399)
(-43,269,-441)
(-34,218,-460)
(-30,168,-448)
(-43,145,-437)
(-50,112,-424)
(-52,80,-412)
(-54,72,-400)
(-55,59,-369)
(-59,45,-347)
(-75,47,-327)
(-73,49,-333)
(-67,49,-341)
(-35,65,-375)
(-13,85,-403)
(-6,82,-388)
(-2,78,-372)
(9,73,-369)
(31,125,-373)
(40,120,-370)
(57,123,-375)
(53,123,-371)
(57,135,-381)
(55,151,-389)
(70,162,-388)
(64,156,-388)
(67,169,-397)
(75,171,-391)
(93,199,-387)
(101,201,-397)
(101,217,-397)
(110,214,-392)
(124,228,-380)
(138,222,-372)
(143,217,-361)
(150,222,-364)
(152,226,-368)
(147,231,-357)
(157,219,-361)
(158,242,-348)
(162,250,-344)
(164,258,-336)
(162,234,-354)
(141,225,-361)
(143,209,-367)
(124,204,-366)
(115,201,-385)
(132,198,-376)
(126,224,-378)
(138,236,-370)
(145,255,-375)
(150,258,-368)
(129,249,-369)
(131,225,-379)
(117,191,-373)
(101,165,-379)
(80,144,-376)
(62,130,-364)
(51,123,-369)
(48,130,-380)
(61,135,-375)
(66,148,-392)
(87,181,-393)
(89,203,-409)
(102,228,-398)
(102,282,-388)
(116,284,-390)
(116,298,-390)
(103,287,-395)
(100,284,-398)
(90,288,-392)
(88,280,-400)
(94,256,-402)
(95,223,-409)
(100,192,-394)
(91,161,-381)
(88,142,-378)
(75,123,-363)
(69,111,-357)
(67,125,-367)
(80,148,-380)
(79,183,-407)
(74,234,-408)
(87,273,-411)
(85,323,-403)
(81,337,-383)
(83,357,-373)
(84,380,-356)
(86,390,-340)
(77,389,-329)
(89,373,-341)
(87,367,-353)
(89,367,-363)
(97,333,-383)
(100,298,-394)
(93,255,-405)
(93,233,-401)
(88,240,-410)
(98,286,-404)
(103,323,-385)
(109,341,-365)
(113,375,-353)
(107,387,-327)
(113,389,-327)
(106,376,-338)
(99,379,-351)
(96,368,-356)
(105,347,-367)
(99,327,-385)
(100,314,-386)
(103,305,-397)
(91,289,-407)
(91,295,-405)
(99,325,-389)
(98,354,-374)
(84,370,-362)
(82,366,-366)
(57,339,-391)
(15,345,-383)
(-5,315,-399)
(-43,263,-425)
(-75,219,-439)
(-94,160,-428)
(-94,106,-400)
(-92,66,-354)
(-94,28,-314)
(-68,4,-262)
(-51,-11,-213)
(-18,-12,-182)
(15,-5,-147)
(60,8,-122)
(109,41,-115)
(150,74,-130)
(180,122,-142)
(197,191,-81)
(190,234,-50)
(133,281,-9)
(126,324,-20)
(94,336,-20)
(53,359,-49)
(-3,367,-91)
(-43,363,-115)
(-80,332,-134)
(-118,296,-136)
(-137,255,-117)
(-160,182,-126)
(-151,113,-131)
(-127,43,-161)
(-116,20,-212)
(-91,13,-269)
(-62,-2,-296)
(-53,3,-327)
(-46,32,-362)
(-57,37,-377)
(-66,50,-386)
(-70,64,-384)
(-80,60,-386)
(-76,54,-374)
(-83,69,-367)
(-86,54,-378)
(-91,67,-377)
(-116,94,-384)
(-133,141,-365)
(-157,193,-361)
(-153,205,-357)
(-137,289,-327)
(-118,326,-302)
(-104,338,-288)
(-103,339,-285)
(-107,333,-271)
(-121,333,-267)
(-113,325,-267)
(-118,326,-266)
(-118,320,-270)
(-139,299,-265)
(-160,266,-270)
(-168,248,-286)
(-172,218,-286)
(-181,185,-297)
(-175,173,-313)
(-176,128,-316)
(-154,108,-328)
(-136,92,-362)
(-104,70,-394)
(-53,37,-375)
(-26,8,-336)
(12,-6,-300)
(48,-16,-238)
(80,2,-172)
(39,7,-119)
(7,-1,-111)
(-17,-1,-129)
(-42,-10,-158)
(-52,-18,-192)
(-54,-14,-244)
(-54,-14,-272)
(-51,-3,-289)
(-48,-8,-294)
(-35,-3,-297)
(-16,4,-316)
(-7,7,-329)
(13,33,-369)
(31,45,-387)
(30,70,-410)
(45,83,-417)
(41,59,-395)
(43,21,-349)
(54,2,-286)
(45,-21,-221)
(21,-17,-199)
(1,-15,-179)
(-14,-24,-178)
(-21,-27,-201)
(-35,-23,-223)
(-45,-19,-253)
(-70,2,-296)
(-85,15,-317)
(-114,34,-316)
(-141,35,-237)
(-141,47,-167)
(-124,70,-106)
(-119,81,-85)
(-119,89,-85)
(-118,88,-80)
(-125,121,-69)
(-133,173,-61)
(-137,205,-55)
(-123,249,-65)
(-129,291,-101)
(-142,298,-130)
(-131,303,-131)
(-122,310,-124)
(-131,307,-117)
(-121,307,-103)
(-108,316,-126)
(-104,344,-166)
(-91,371,-239)
(-80,370,-310)
(-73,343,-363)
(-91,319,-397)
(-98,268,-418)
(-94,244,-440)
(-89,219,-445)
(-74,196,-448)
(-75,185,-447)
(-68,180,-456)
(-58,204,-458)
(-54,234,-462)
(-34,266,-452)
(-37,291,-445)
(-20,334,-422)
(-11,363,-391)
(3,377,-355)
(10,394,-326)
(11,391,-307)
(13,401,-293)
(17,389,-297)
(3,387,-335)
(-2,362,-386)
(-24,312,-430)
(-37,283,-453)
(-27,261,-451)
(-22,240,-464)
(-37,221,-465)
(-35,243,-471)
(-27,249,-459)
(-33,257,-461)
(-23,301,-445)
(-26,330,-412)
(-35,367,-375)
(-36,386,-308)
(-38,392,-292)
(-38,398,-246)
(-40,392,-208)
(-38,392,-180)
(-38,378,-162)
(-52,376,-148)
(-42,358,-106)
(-39,369,-127)
(-39,375,-145)
(-60,362,-142)
(-29,367,-133)
(-9,403,-201)
(-48,394,-254)
(-100,372,-264)
(-122,346,-212)
(-114,330,-168)
(-60,364,-138)
(-13,395,-175)
(5,411,-231)
(-41,387,-305)
(-94,356,-348)
(-130,330,-294)
(-145,311,-229)
(-100,358,-178)
(-30,402,-194)
(-5,411,-225)
(-34,398,-264)
(-73,379,-245)
(-95,357,-169)
(-72,334,-94)
(-35,301,-45)
(-33,257,-19)
(-9,215,-1)
(-5,177,3)
(-1,155,3)
(18,138,4)
(18,132,-6)
(24,162,0)
(40,212,0)
(4,234,-8)
(-8,214,2)
(21,147,1)
(40,88,-16)
(53,47,-55)
(50,0,-120)
(40,-6,-190)
(30,-10,-238)
(11,-9,-289)
(-13,11,-337)
(-45,43,-375)
(-44,58,-396)
(-57,87,-407)
(-70,98,-424)
(-61,113,-431)
(-62,124,-430)
(-49,129,-443)
(-30,148,-458)
(-23,171,-465)
(-21,195,-467)
(-28,196,-468)
(-33,213,-465)
(-40,218,-470)
(-35,221,-459)
(-54,222,-456)
(-52,230,-458)
(-60,234,-458)
(-54,230,-462)
(-34,230,-476)
(-27,225,-461)
(-22,204,-464)
(-16,160,-458)
(-5,137,-455)
(13,115,-439)
(29,105,-427)
(36,78,-406)
(38,58,-390)
(50,60,-386)
(32,46,-368)
(16,58,-380)
(-12,66,-412)
(-35,97,-419)
(-53,115,-433)
(-70,112,-426)
(-87,117,-413)
(-80,104,-414)
(-89,105,-409)
(-99,103,-397)
(-98,90,-394)
(-88,62,-368)
(-89,41,-333)
(-83,19,-303)
(-68,4,-282)
(-66,-14,-260)
(-46,-12,-244)
(-36,-20,-208)
(-12,-18,-164)
(-12,-8,-134)
(16,12,-98)
(45,29,-71)
(80,58,-56)
(101,79,-37)
(146,114,-30)
(174,146,-28)
(200,228,-38)
(191,319,-75)
(156,368,-108)
(121,411,-137)
(68,428,-148)
(-10,406,-188)
(-59,383,-177)
(-100,346,-146)
(-123,291,-107)
(-137,221,-81)
(-134,164,-66)
(-126,128,-62)
(-105,123,-51)
(-97,119,-43)
(-81,143,-31)
(-74,160,-14)
(-79,177,-13)
(-79,205,-17)
(-72,236,-30)
(-74,254,-38)
(-70,274,-40)
(-83,273,-53)
(-62,296,-52)
(-66,284,-60)
(-61,283,-47)
(-57,261,-25)
(-47,257,-13)
(-37,221,-9)
(-33,209,3)
(-22,186,16)
(-21,183,7)
(-15,159,5)
(-4,146,14)
(-11,145,11)
(-8,136,2)
(-16,144,8)
(-31,171,1)
(-49,205,-11)
(-60,224,-22)
(-66,232,-12)
(-84,246,-38)
(-130,250,-74)
(-144,264,-134)
(-163,293,-185)
(-157,307,-233)
(-150,320,-278)
(-119,349,-319)
(-87,365,-327)
(-31,395,-325)
(15,401,-289)
(54,396,-224)
(114,370,-144)
(130,326,-88)
(149,253,-53)
(155,195,-47)
(146,128,-52)
(128,76,-86)
(113,41,-111)
(83,11,-137)
(51,-9,-139)
(9,-9,-139)
(-36,4,-102)
(-50,38,-64)
(-57,69,-49)
(-67,95,-41)
(-88,106,-40)
(-93,89,-53)
(-93,55,-83)
(-87,47,-91)
(-45,-9,-187)
(-11,-13,-245)
(26,10,-306)
(36,32,-342)
(40,44,-376)
(37,71,-391)
(28,98,-418)
(-1,135,-449)
(-23,151,-449)
(-28,154,-442)
(-29,145,-449)
(-37,147,-451)
(-37,135,-449)
(-34,116,-436)
(-7,63,-391)
(-37,15,-319)
(-74,8,-246)
(-90,16,-188)
(-113,31,-167)
(-114,30,-164)
(-119,37,-177)
(-135,37,-187)
(-140,66,-138)
(-130,102,-90)
(-105,141,-45)
(-88,136,-40)
(-85,99,-51)
(-69,39,-85)
(-32,4,-154)
(-17,-3,-255)
(-21,13,-325)
(-62,40,-366)
(-84,54,-360)
(-103,49,-335)
(-118,38,-310)
(-107,23,-277)
(-100,8,-218)
(-74,-2,-172)
(-50,0,-138)
(-17,3,-113)
(-8,2,-102)
(39,25,-77)
(59,19,-83)
(87,23,-137)
(164,68,-158)
(203,123,-157)
(203,133,-163)
(207,145,-141)
(205,143,-131)
(204,142,-104)
(181,139,-87)
(196,136,-78)
(156,126,-46)
(136,104,-24)
(114,106,-14)
(87,89,-5)
(46,74,0)
(-3,65,-27)
(-36,48,-60)
(-47,31,-95)
(-46,20,-130)
(-18,12,-136)
(-12,8,-142)
(4,24,-144)
(5,21,-145)
(5,23,-155)
(12,18,-158)
(15,17,-157)
(31,17,-161)
(25,15,-159)
(27,15,-161)
(23,11,-181)
(-3,25,-225)
(-23,35,-239)
(-47,13,-237)
(-49,-13,-223)
(-24,-14,-196)
(-13,-13,-165)
(9,-7,-137)
(35,1,-121)
(71,19,-115)
(106,26,-134)
(115,39,-145)
(160,58,-178)
(168,84,-130)
(167,143,-99)
(139,281,-55)
(44,300,-34)
(-30,318,-56)
(-86,298,-88)
(-122,274,-86)
(-134,212,-86)
(-132,162,-74)
(-113,155,-45)
(-82,162,-26)
(-76,186,-12)
(-30,226,0)
(16,274,-8)
(44,296,-18)
(95,293,-29)
(134,312,-20)
(158,296,-22)
(158,298,-24)
(180,276,-42)
(202,278,-70)
(209,273,-109)
(223,265,-143)
(218,256,-208)
(206,244,-278)
(198,238,-322)
(176,226,-340)
(175,229,-353)
(179,249,-355)
(177,253,-351)
(166,256,-356)
(166,246,-358)
(164,242,-370)
(167,241,-361)
(185,233,-335)
(183,221,-331)
(201,221,-323)
(213,211,-283)
(214,206,-248)
(226,200,-202)
(224,196,-164)
(229,197,-153)
(198,156,-80)
(158,146,-26)
(100,130,14)
(84,140,30)
(-4,160,42)
(-58,174,22)
(-109,177,-19)
(-143,165,-91)
(-180,152,-156)
(-188,154,-202)
(-200,188,-264)
(-181,213,-299)
(-148,266,-352)
(-107,313,-379)
(-57,341,-383)
(-33,361,-375)
(15,389,-341)
(63,403,-297)
(114,388,-236)
(144,360,-184)
(171,309,-131)
(192,238,-98)
(182,188,-88)
(172,148,-82)
(161,115,-101)
(155,91,-111)
(132,72,-104)
(105,63,-77)
(121,77,-81)
(126,106,-58)
(145,147,-59)
(172,190,-76)
(182,242,-110)
(184,292,-132)
(142,332,-114)
(99,347,-97)
(75,349,-81)
(67,333,-63)
(52,314,-38)
(63,281,-21)
(89,249,-7)
(100,234,-10)
(109,217,-21)
(127,233,-25)
(133,247,-35)
(92,280,-30)
(56,300,-28)
(44,308,-20)
(16,320,-30)
(-1,327,-49)
(-29,317,-53)
(-54,304,-48)
(-81,281,-41)
(-113,241,-49)
(-113,199,-31)
(-58,178,-4)
(-31,177,11)
(9,199,29)
(50,224,14)
(48,264,6)
(25,305,-7)
(-25,307,-21)
(-65,295,-37)
(-93,251,-33)
(-111,189,-27)
(-110,144,-50)
(-100,112,-58)
(-101,107,-63)
(-108,70,-108)
(-115,57,-115)
(-113,53,-129)
(-109,49,-145)
(-105,35,-155)
(-102,32,-164)
(-112,34,-162)
(-116,36,-154)
(-119,51,-147)
(-125,57,-143)
(-135,57,-137)
(-126,66,-130)
(-122,70,-114)
(-119,73,-95)
(-121,83,-93)
(-104,98,-66)
(-115,113,-69)
(-121,111,-63)
(-136,150,-72)
(-138,170,-82)
(-148,186,-92)
(-152,192,-108)
(-167,205,-123)
(-148,210,-108)
(-141,207,-87)
(-138,206,-66)
(-125,199,-65)
(-126,208,-66)
(-136,210,-90)
(-149,199,-93)
(-165,191,-137)
(-167,183,-139)
(-168,178,-116)
(-156,168,-116)
(-156,178,-116)
(-155,193,-109)
(-150,198,-96)
(-139,201,-83)
(-144,202,-90)
(-147,195,-99)
(-157,203,-103)
(-150,210,-116)
(-163,217,-127)
(-150,202,-100)
(-128,192,-60)
(-112,188,-40)
(-95,189,-31)
(-85,189,-17)
(-75,197,-11)
(-66,200,-6)
(-77,213,-19)
(-90,214,-16)
(-84,220,-30)
(-81,253,-37)
(-69,261,-33)
(-58,272,-32)
(-44,302,-40)
(-51,299,-33)
(-30,298,-32)
(-30,306,-26)
(-28,312,-30)
(-47,303,-39)
(-56,294,-38)
(-60,282,-34)
(-60,272,-34)
(-60,276,-30)
(-70,270,-36)
(-80,256,-30)
(-93,239,-43)
(-113,231,-53)
(-121,233,-75)
(-133,241,-101)
(-142,274,-104)
(-141,265,-103)
(-127,255,-95)
(-138,232,-88)
(-143,221,-83)
(-136,234,-92)
(-114,268,-90)
(-110,296,-94)
(-90,286,-66)
(-92,274,-70)
(-74,306,-76)
(-41,319,-79)
(-27,329,-73)
(-44,330,-84)
(-62,334,-94)
(-80,318,-86)
(-89,279,-65)
(-97,253,-53)
(-98,248,-56)
(-109,231,-47)
(-110,226,-62)
(-113,209,-59)
(-117,189,-57)
(-132,184,-64)
(-139,167,-67)
(-129,173,-71)
(-120,178,-68)
(-124,212,-70)
(-114,236,-64)
(-104,256,-66)
(-96,310,-92)
(-83,323,-99)
(-70,332,-100)
(-55,343,-93)
(-43,353,-97)
(-32,362,-106)
(-27,369,-105)
(-25,363,-99)
(-2,372,-92)
(21,379,-119)
(2,380,-112)
(13,375,-87)
(16,364,-82)
(14,368,-84)
(28,340,-64)
(9,341,-47)
(12,324,-28)
(20,286,-18)
(4,258,8)
(-1,243,11)
(-11,231,5)
(-18,230,0)
(-59,219,5)
(-51,211,-5)
(-61,213,-17)
(-93,203,-19)
(-95,201,-21)
(-106,188,-30)
(-117,171,-63)
(-135,151,-73)
(-136,154,-84)
(-140,154,-90)
(-132,170,-66)
(-138,150,-84)
(-125,127,-91)
(-122,90,-94)
(-124,70,-120)
(-119,55,-129)
(-117,59,-133)
(-118,72,-118)
(-112,94,-66)
(-92,146,-40)
(-87,173,-33)
(-86,188,-30)
(-99,169,-31)
(-92,186,-26)
(-83,191,-27)
(-85,175,-27)
(-92,178,-34)
(-86,178,-22)
(-89,181,-29)
(-88,178,-32)
(-91,171,-25)
(-89,169,-37)
(-91,173,-29)
(-94,172,-32)
(-80,170,-28)
