(-149,-71,-177)
(-150,-64,-178)
(-145,-63,-179)
(-143,-69,-179)
(-141,-67,-175)
(-143,-63,-191)
(-149,-69,-185)
(-147,-59,-181)
(-147,-69,-183)
(-143,-59,-191)
(-141,-55,-201)
(-142,-64,-180)
(-144,-56,-182)
(-147,-67,-189)
(-156,-58,-190)
(-139,-47,-207)
(-148,-44,-208)
(-140,-34,-230)
(-141,-21,-231)
(-135,-23,-241)
(-136,-2,-262)
(-127,-3,-271)
(-133,-1,-275)
(-129,1,-279)
(-127,5,-281)
(-126,6,-274)
(-124,20,-282)
(-126,32,-284)
(-129,39,-291)
(-133,33,-289)
(-139,19,-267)
(-140,-4,-264)
(-125,-31,-237)
(-105,-63,-207)
(-103,-63,-219)
(-104,-48,-230)
(-105,-59,-231)
(-86,-66,-228)
(-91,-57,-223)
(-93,-59,-217)
(-88,-80,-200)
(-102,-92,-168)
(-112,-98,-168)
(-111,-95,-157)
(-107,-107,-147)
(-104,-104,-150)
(-121,-103,-105)
(-122,-100,-102)
(-119,-105,-119)
(-121,-109,-119)
(-112,-108,-110)
(-105,-113,-117)
(-115,-111,-121)
(-114,-102,-134)
(-111,-103,-141)
(-101,-85,-187)
(-111,-85,-195)
(-105,-73,-207)
(-102,-88,-184)
(-113,-101,-159)
(-100,-104,-152)
(-115,-101,-139)
(-121,-99,-147)
(-123,-93,-167)
(-129,-81,-195)
(-99,-79,-201)
(-102,-64,-210)
(-94,-60,-224)
(-90,-58,-230)
(-96,-62,-222)
(-101,-55,-231)
(-104,-44,-246)
(-102,-34,-252)
(-93,-21,-263)
(-95,-17,-281)
(-81,7,-293)
(-70,14,-306)
(-57,13,-309)
(-23,29,-329)
(-5,29,-323)
(36,42,-332)
(70,48,-328)
(92,70,-314)
(123,75,-307)
(148,74,-286)
(181,69,-271)
(200,82,-236)
(206,92,-218)
(223,99,-199)
(239,85,-159)
(253,87,-133)
(265,81,-101)
(260,72,-78)
(258,64,-46)
(252,52,-30)
(241,31,1)
(234,14,18)
(221,13,35)
(216,10,48)
(210,14,54)
(212,8,48)
(225,15,35)
(238,44,14)
(256,74,-20)
(263,97,-65)
(259,109,-111)
(242,136,-174)
(214,126,-220)
(183,51,-249)
(162,28,-268)
(145,13,-269)
(116,22,-294)
(85,-29,-285)
(69,-31,-289)
(71,27,-323)
(55,43,-333)
(26,70,-342)
(8,54,-336)
(-10,36,-332)
(-33,5,-311)
(-64,-14,-290)
(-77,-33,-267)
(-86,-54,-260)
(-92,-60,-244)
(-97,-75,-219)
(-105,-85,-199)
(-99,-91,-183)
(-105,-105,-159)
(-96,-104,-144)
(-100,-110,-124)
(-95,-115,-99)
(-83,-129,-75)
(-72,-126,-44)
(-58,-130,-22)
(-45,-137,-5)
(-30,-130,10)
(-10,-132,16)
(0,-132,10)
(-24,-138,-2)
(-56,-136,-24)
(-104,-112,-70)
(-134,-88,-108)
(-160,-56,-164)
(-170,-14,-208)
(-165,27,-241)
(-154,60,-272)
(-124,84,-306)
(-89,123,-321)
(-43,149,-339)
(5,155,-333)
(45,165,-325)
(84,184,-306)
(125,177,-291)
(163,179,-265)
(183,193,-229)
(201,183,-205)
(228,176,-184)
(234,158,-150)
(247,147,-115)
(253,127,-83)
(256,112,-60)
(261,87,-35)
(249,67,-11)
(238,44,6)
(235,29,27)
(226,14,44)
(208,4,44)
(194,-14,56)
(179,-33,61)
(162,-52,64)
(153,-63,57)
(142,-70,70)
(156,-62,54)
(159,-61,57)
(168,-46,44)
(192,-36,44)
(211,3,37)
(236,24,10)
(247,63,-33)
(263,79,-61)
(261,95,-93)
(253,109,-129)
(233,119,-159)
(225,103,-199)
(190,96,-246)
(168,78,-272)
(130,94,-310)
(87,81,-327)
(37,79,-329)
(6,64,-338)
(-36,50,-334)
(-68,26,-310)
(-92,8,-288)
(-117,-9,-251)
(-127,-25,-237)
(-148,-40,-198)
(-153,-53,-163)
(-163,-55,-129)
(-167,-65,-85)
(-160,-68,-54)
(-156,-64,-24)
(-162,-60,0)
(-141,-53,33)
(-147,-49,47)
(-132,-44,60)
(-127,-37,75)
(-126,-34,72)
(-122,-36,74)
(-141,-39,61)
(-146,-50,28)
(-168,-54,0)
(-171,-57,-55)
(-188,-50,-94)
(-185,-43,-143)
(-172,-14,-190)
(-164,18,-250)
(-138,52,-278)
(-107,83,-305)
(-85,121,-315)
(-49,149,-333)
(-4,182,-326)
(52,210,-300)
(101,223,-291)
(124,240,-256)
(153,241,-215)
(170,244,-202)
(197,229,-173)
(206,220,-138)
(231,213,-111)
(235,197,-73)
(245,183,-51)
(249,171,-9)
(244,146,0)
(244,118,26)
(223,113,47)
(228,104,52)
(229,93,53)
(222,82,66)
(214,76,74)
(213,55,79)
(206,48,92)
(189,39,103)
(184,14,104)
(173,11,103)
(154,-10,112)
(151,-11,121)
(136,-30,124)
(120,-44,122)
(115,-43,119)
(93,-61,115)
(82,-66,120)
(82,-78,110)
(71,-75,105)
(53,-91,97)
(46,-92,86)
(44,-102,90)
(31,-93,87)
(26,-112,78)
(19,-103,83)
(14,-108,74)
(4,-114,74)
(-4,-118,64)
(-4,-116,58)
(-14,-114,56)
(-24,-120,56)
(-36,-114,56)
(-36,-120,52)
(-51,-123,49)
(-45,-121,43)
(-55,-125,47)
(-62,-122,48)
(-65,-107,47)
(-69,-107,45)
(-70,-110,44)
(-75,-117,33)
(-78,-114,34)
(-88,-108,32)
(-79,-109,21)
(-87,-119,25)
(-94,-118,22)
(-95,-105,31)
(-85,-109,41)
(-81,-105,37)
(-94,-100,42)
(-94,-78,74)
(-100,-62,104)
(-86,-56,116)
(-57,-77,95)
(-37,-99,89)
(-19,-103,87)
(-49,-95,91)
(-52,-80,94)
(-64,-72,108)
(-76,-50,122)
(-72,-30,132)
(-56,-18,152)
(-32,-48,144)
(-33,-61,135)
(-29,-61,129)
(-46,-56,132)
(-55,-43,143)
(-44,-18,162)
(-59,-13,165)
(-40,-8,170)
(-19,-19,159)
(-8,-40,162)
(-21,-45,145)
(-37,-43,153)
(-40,-24,154)
(-39,-1,177)
(-35,19,187)
(-22,20,192)
(-39,25,187)
(-61,11,177)
(-82,20,164)
(-96,6,166)
(-119,-1,145)
(-120,-10,126)
(-84,-2,156)
(-64,-12,172)
(-88,-24,144)
(-107,-37,119)
(-113,-45,93)
(-129,-59,77)
(-137,-71,49)
(-139,-65,47)
(-134,-66,44)
(-140,-80,38)
(-147,-79,21)
(-142,-82,22)
(-142,-74,14)
(-148,-74,18)
(-145,-75,17)
(-149,-67,27)
(-139,-71,31)
(-150,-74,28)
(-136,-78,28)
(-137,-73,47)
(-119,-75,65)
(-73,-89,77)
(-68,-114,46)
(-87,-99,57)
(-119,-69,73)
(-110,-54,86)
(-94,-64,100)
(-63,-95,81)
(-77,-109,37)
(-74,-118,34)
(-95,-109,33)
(-120,-88,34)
(-138,-72,48)
(-144,-54,48)
(-127,-73,59)
(-114,-100,38)
(-118,-96,36)
(-107,-63,85)
(-78,-44,132)
(-69,-41,133)
(-33,-39,149)
(-8,-42,154)
(35,-23,165)
(66,-20,158)
(118,-18,140)
(166,-4,104)
(191,-5,75)
(219,7,33)
(234,26,-20)
(258,30,-86)
(232,34,-144)
(214,60,-206)
(184,64,-258)
(160,70,-274)
(115,69,-315)
(78,66,-328)
(43,61,-335)
(7,43,-331)
(-16,28,-324)
(-48,8,-314)
(-70,-8,-292)
(-86,-24,-276)
(-103,-31,-245)
(-121,-35,-227)
(-134,-50,-200)
(-144,-66,-172)
(-151,-69,-143)
(-152,-78,-108)
(-153,-75,-85)
(-154,-76,-50)
(-143,-77,-47)
(-147,-73,-11)
(-146,-68,-2)
(-142,-76,-8)
(-144,-78,-2)
(-142,-86,-32)
(-138,-86,-62)
(-153,-79,-109)
(-149,-67,-153)
(-134,-42,-216)
(-109,-21,-257)
(-107,-23,-253)
(-126,-34,-230)
(-146,-40,-196)
(-159,-37,-191)
(-163,-19,-195)
(-161,-15,-217)
(-160,-6,-230)
(-146,-10,-234)
(-135,-13,-243)
(-135,-11,-245)
(-129,-27,-241)
(-132,-38,-230)
(-133,-67,-197)
(-130,-56,-212)
(-120,-36,-220)
(-129,-13,-255)
(-135,25,-269)
(-134,66,-288)
(-113,129,-315)
(-72,186,-314)
(-27,235,-295)
(26,278,-266)
(72,300,-216)
(107,313,-155)
(144,296,-114)
(170,286,-56)
(183,253,-9)
(201,237,51)
(202,170,82)
(188,126,118)
(158,92,144)
(132,74,148)
(96,48,176)
(90,58,182)
(87,73,191)
(111,95,169)
(138,120,156)
(163,151,131)
(171,203,103)
(179,247,47)
(172,278,2)
(163,303,-67)
(129,313,-147)
(65,317,-207)
(-1,297,-243)
(-54,286,-254)
(-95,279,-237)
(-161,243,-221)
(-200,202,-200)
(-219,151,-179)
(-228,116,-154)
(-241,73,-123)
(-240,60,-88)
(-239,37,-67)
(-226,30,-30)
(-213,33,-1)
(-202,34,30)
(-193,47,67)
(-189,59,83)
(-180,68,86)
(-176,82,108)
(-174,72,98)
(-176,60,98)
(-178,36,76)
(-188,14,48)
(-196,-12,-6)
(-199,-21,-57)
(-212,-26,-102)
(-203,11,-161)
(-192,52,-216)
(-176,104,-258)
(-152,158,-280)
(-113,223,-271)
(-82,274,-260)
(-28,300,-240)
(25,311,-213)
(72,310,-168)
(110,318,-124)
(138,316,-64)
(153,303,-15)
(155,281,25)
(139,261,63)
(148,242,94)
(140,236,102)
(144,232,122)
(128,230,120)
(141,227,119)
(152,230,100)
(162,244,74)
(167,265,39)
(159,277,-7)
(163,295,-59)
(158,294,-96)
(150,288,-150)
(119,281,-207)
(95,273,-255)
(44,248,-282)
(-8,232,-308)
(-68,204,-310)
(-122,166,-294)
(-161,127,-265)
(-197,101,-219)
(-216,80,-174)
(-232,46,-134)
(-234,24,-88)
(-219,11,-47)
(-208,0,-18)
(-185,-7,21)
(-185,5,51)
(-161,23,81)
(-168,40,102)
(-148,60,114)
(-117,75,153)
(-92,92,182)
(-69,91,183)
(-52,98,196)
(-54,100,190)
(-53,87,189)
(-42,64,188)
(-36,32,176)
(-52,-4,164)
(-70,-30,136)
(-75,-43,111)
(-86,-72,82)
(-100,-82,48)
(-124,-74,34)
(-141,-71,-17)
(-168,-64,-54)
(-189,-31,-85)
(-210,10,-122)
(-218,38,-176)
(-203,83,-219)
(-190,120,-240)
(-165,163,-245)
(-157,213,-261)
(-128,252,-256)
(-96,282,-234)
(-59,301,-231)
(-38,316,-214)
(-5,323,-203)
(5,323,-193)
(17,331,-193)
(0,336,-202)
(-43,305,-231)
(-70,290,-244)
(-113,271,-241)
(-152,234,-240)
(-191,193,-215)
(-213,151,-191)
(-226,120,-164)
(-234,92,-138)
(-241,69,-79)
(-230,36,-40)
(-214,14,0)
(-193,1,29)
(-173,3,59)
(-154,12,86)
(-148,6,104)
(-123,21,123)
(-107,33,157)
(-86,38,158)
(-79,17,161)
(-74,10,158)
(-83,-13,145)
(-76,-20,128)
(-96,-42,108)
(-109,-65,69)
(-113,-71,41)
(-123,-83,9)
(-133,-79,-15)
(-162,-70,-44)
(-181,-45,-63)
(-201,-25,-97)
(-213,19,-139)
(-214,72,-174)
(-212,116,-198)
(-193,167,-219)
(-166,220,-230)
(-123,273,-233)
(-75,307,-207)
(-19,335,-167)
(18,348,-154)
(49,341,-133)
(86,340,-96)
(114,326,-56)
(124,320,-54)
(132,318,-64)
(120,326,-104)
(90,328,-156)
(40,324,-202)
(-11,293,-253)
(-46,256,-284)
(-93,195,-301)
(-111,143,-297)
(-146,98,-280)
(-174,62,-240)
(-194,32,-194)
(-203,1,-137)
(-203,-23,-97)
(-197,-35,-71)
(-186,-44,-46)
(-176,-46,-14)
(-166,-46,-10)
(-157,-47,27)
(-149,-51,23)
(-142,-62,26)
(-140,-58,6)
(-153,-63,-17)
(-161,-67,-89)
(-154,-62,-164)
(-144,-6,-238)
(-131,11,-269)
(-105,55,-303)
(-79,99,-329)
(-36,136,-330)
(12,176,-326)
(62,210,-302)
(96,220,-276)
(133,235,-247)
(159,219,-229)
(185,227,-195)
(206,220,-158)
(220,208,-126)
(243,187,-81)
(255,151,-55)
(253,121,-9)
(247,87,11)
(233,51,35)
(215,13,47)
(199,-5,63)
(175,-35,65)
(156,-50,70)
(135,-75,75)
(108,-94,68)
(80,-106,70)
(49,-107,69)
(34,-106,78)
(7,-101,87)
(-7,-97,97)
(-28,-86,94)
(-45,-71,101)
(-59,-73,103)
(-78,-74,92)
(-79,-71,97)
(-82,-66,88)
(-65,-71,95)
(-49,-69,115)
(-25,-67,117)
(15,-79,115)
(66,-72,104)
(85,-71,101)
(121,-61,105)
(163,-25,93)
(202,18,72)
(230,58,42)
(256,86,2)
(259,91,-33)
(255,91,-101)
(249,81,-143)
(239,75,-175)
(212,50,-214)
(186,52,-250)
(161,45,-279)
(119,43,-295)
(92,28,-318)
(53,27,-329)
(12,14,-316)
(-14,-8,-304)
(-45,-19,-289)
(-59,-25,-275)
(-81,-35,-257)
(-93,-47,-241)
(-119,-61,-219)
(-122,-64,-192)
(-128,-86,-146)
(-133,-93,-129)
(-138,-98,-106)
(-129,-89,-87)
(-134,-92,-56)
(-135,-89,-47)
(-133,-89,-35)
(-126,-86,-32)
(-131,-85,-49)
(-124,-100,-94)
(-130,-94,-132)
(-113,-77,-181)
(-94,-50,-230)
(-83,-25,-265)
(-58,-8,-296)
(-22,34,-328)
(18,72,-338)
(56,84,-326)
(100,120,-314)
(146,142,-288)
(159,153,-267)
(191,149,-245)
(207,141,-213)
(227,143,-183)
(241,137,-157)
(253,117,-121)
(248,100,-94)
(258,84,-68)
(263,67,-47)
(251,57,-39)
(243,31,-21)
(248,18,-14)
(234,0,-6)
(227,-11,5)
(214,-24,-4)
(214,-40,2)
(199,-49,3)
(193,-57,13)
(185,-65,15)
(185,-67,17)
(191,-65,-1)
(203,-53,-15)
(217,-37,-41)
(224,-30,-68)
(229,-25,-95)
(223,-29,-145)
(207,-21,-159)
(192,-18,-192)
(166,-34,-218)
(125,-47,-239)
(105,-53,-257)
(76,-68,-250)
(54,-92,-228)
(30,-110,-194)
(22,-124,-170)
(14,-134,-122)
(22,-148,-86)
(30,-148,-64)
(31,-155,-21)
(46,-136,12)
(60,-112,26)
(77,-109,47)
(87,-105,61)
(112,-92,62)
(114,-90,64)
(122,-80,68)
(133,-73,65)
(133,-67,81)
(137,-67,79)
(140,-68,78)
(137,-67,67)
(135,-83,49)
(115,-99,33)
(94,-122,20)
(91,-129,-5)
(74,-126,-28)
(65,-141,-73)
(70,-138,-120)
(68,-120,-168)
(66,-110,-190)
(60,-88,-222)
(68,-70,-240)
(71,-55,-259)
(79,-35,-281)
(82,2,-286)
(90,28,-298)
(117,53,-305)
(130,70,-292)
(148,76,-276)
(161,77,-265)
(171,87,-251)
(182,82,-236)
(197,71,-221)
(206,56,-208)
(217,49,-189)
(216,30,-182)
(216,32,-168)
(212,22,-180)
(211,27,-183)
(202,26,-198)
(193,37,-201)
(194,38,-236)
(181,37,-245)
(158,22,-260)
(140,8,-266)
(125,-1,-267)
(113,-15,-269)
(91,-45,-271)
(63,-61,-255)
(46,-70,-238)
(33,-97,-221)
(39,-113,-181)
(31,-131,-145)
(34,-142,-104)
(20,-146,-64)
(34,-136,-22)
(37,-129,3)
(50,-122,36)
(60,-106,56)
(75,-97,79)
(83,-71,83)
(113,-69,97)
(124,-60,94)
(126,-54,94)
(123,-45,103)
(119,-51,95)
(116,-56,98)
(124,-50,100)
(127,-53,103)
(124,-60,100)
(109,-65,99)
(101,-73,69)
(93,-93,57)
(90,-106,36)
(78,-114,6)
(77,-129,-23)
(72,-148,-54)
(68,-134,-112)
(56,-118,-144)
(59,-115,-171)
(50,-96,-222)
(60,-64,-260)
(69,-29,-281)
(83,-15,-287)
(90,6,-292)
(101,39,-311)
(117,47,-307)
(124,64,-296)
(148,86,-288)
(153,89,-279)
(168,84,-264)
(176,86,-252)
(186,76,-238)
(190,62,-230)
(204,52,-220)
(212,26,-196)
(207,9,-185)
(213,-3,-167)
(211,-13,-161)
(206,-28,-144)
(197,-63,-123)
(188,-60,-100)
(184,-82,-98)
(178,-86,-92)
(167,-97,-95)
(157,-95,-111)
(130,-106,-136)
(121,-109,-143)
(94,-122,-154)
(69,-135,-141)
(53,-145,-113)
(36,-146,-108)
(30,-150,-84)
(26,-146,-76)
(16,-150,-62)
(14,-146,-46)
(10,-152,-36)
(21,-139,-19)
(27,-139,-1)
(28,-132,18)
(33,-119,29)
(53,-107,47)
(50,-106,58)
(60,-102,76)
(63,-79,91)
(67,-71,103)
(70,-64,130)
(77,-53,115)
(94,-44,124)
(106,-58,106)
(114,-60,90)
(129,-73,57)
(142,-92,22)
(159,-89,-27)
(160,-92,-48)
(162,-90,-92)
(166,-88,-128)
(149,-75,-169)
(143,-49,-217)
(129,-21,-245)
(135,5,-263)
(123,15,-287)
(115,43,-305)
(109,61,-303)
(97,75,-317)
(82,84,-318)
(67,99,-341)
(43,103,-335)
(32,112,-336)
(17,125,-333)
(-3,133,-343)
(-19,147,-335)
(-31,163,-325)
(-52,172,-318)
(-75,191,-313)
(-95,199,-293)
(-112,214,-280)
(-113,231,-269)
(-127,247,-241)
(-129,269,-215)
(-139,275,-189)
(-141,293,-167)
(-144,296,-142)
(-148,302,-128)
(-144,298,-112)
(-150,300,-108)
(-148,296,-126)
(-134,296,-142)
(-115,299,-177)
(-101,299,-199)
(-95,305,-199)
(-86,306,-180)
(-95,317,-161)
(-109,311,-135)
(-136,302,-114)
(-148,292,-98)
(-167,289,-89)
(-169,287,-73)
(-162,274,-58)
(-174,262,-48)
(-177,259,-25)
(-181,247,-17)
(-184,234,-8)
(-181,225,-7)
(-190,220,12)
(-196,200,18)
(-194,200,8)
(-201,195,7)
(-201,193,13)
(-206,184,14)
(-194,194,-2)
(-196,208,-2)
(-199,229,-25)
(-193,237,-47)
(-184,252,-52)
(-175,273,-75)
(-169,281,-95)
(-149,287,-125)
(-138,298,-152)
(-112,294,-188)
(-90,288,-208)
(-76,284,-228)
(-79,295,-231)
(-90,286,-212)
(-111,287,-197)
(-132,288,-162)
(-151,281,-133)
(-172,268,-104)
(-190,256,-66)
(-207,225,-45)
(-204,202,-32)
(-213,191,-21)
(-213,165,-7)
(-215,147,1)
(-205,119,9)
(-205,99,9)
(-213,81,1)
(-212,88,-4)
(-217,93,1)
(-218,102,-18)
(-225,119,-37)
(-233,137,-59)
(-224,168,-84)
(-209,191,-107)
(-208,210,-138)
(-190,222,-160)
(-175,235,-189)
(-152,242,-208)
(-142,244,-234)
(-114,234,-252)
(-114,222,-272)
(-100,214,-278)
(-96,224,-280)
(-92,232,-274)
(-114,244,-252)
(-138,256,-228)
(-149,255,-197)
(-179,251,-179)
(-192,244,-154)
(-190,232,-134)
(-211,203,-107)
(-221,187,-81)
(-225,155,-75)
(-222,132,-62)
(-220,116,-62)
(-238,102,-42)
(-227,95,-57)
(-224,92,-64)
(-232,104,-82)
(-228,118,-98)
(-235,143,-125)
(-222,162,-134)
(-213,181,-151)
(-203,199,-171)
(-187,219,-195)
(-171,229,-217)
(-136,244,-234)
(-128,234,-252)
(-85,219,-291)
(-42,192,-310)
(-19,177,-325)
(14,154,-330)
(37,127,-337)
(44,98,-334)
(63,57,-319)
(73,35,-313)
(82,16,-308)
(81,21,-309)
(81,37,-315)
(60,54,-326)
(27,97,-339)
(2,132,-336)
(-35,169,-327)
(-62,192,-314)
(-95,211,-295)
(-129,231,-269)
(-163,233,-237)
(-189,231,-209)
(-202,234,-178)
(-205,223,-147)
(-216,226,-128)
(-224,200,-108)
(-226,196,-96)
(-231,187,-85)
(-234,186,-78)
(-228,186,-72)
(-220,198,-76)
(-218,222,-86)
(-208,228,-108)
(-189,243,-129)
(-180,264,-168)
(-149,267,-205)
(-117,287,-221)
(-92,282,-240)
(-57,273,-263)
(-45,261,-271)
(-10,260,-286)
(21,243,-297)
(21,233,-285)
(2,256,-292)
(-37,269,-265)
(-66,282,-252)
(-101,289,-227)
(-131,287,-187)
(-162,296,-154)
(-177,273,-111)
(-198,266,-76)
(-213,249,-61)
(-216,232,-30)
(-209,223,-13)
(-214,206,20)
(-211,185,35)
(-198,166,54)
(-205,159,47)
(-206,150,62)
(-214,152,46)
(-218,160,44)
(-211,181,31)
(-213,187,43)
(-209,189,45)
(-200,168,60)
(-200,148,66)
(-191,141,85)
(-172,124,102)
(-160,104,116)
(-150,70,112)
(-140,34,110)
(-123,13,91)
(-118,-18,86)
(-110,-38,78)
(-91,-47,77)
(-77,-65,75)
(-79,-79,59)
(-66,-98,40)
(-52,-108,24)
(-49,-109,17)
(-59,-107,11)
(-83,-87,21)
(-107,-77,37)
(-149,-33,11)
(-180,-6,2)
(-208,22,-18)
(-236,70,-44)
(-250,108,-76)
(-246,144,-118)
(-232,168,-154)
(-212,186,-182)
(-199,195,-215)
(-166,214,-242)
(-136,222,-268)
(-95,229,-287)
(-54,216,-310)
(-14,202,-320)
(33,193,-317)
(62,166,-322)
(101,145,-313)
(127,143,-301)
(112,180,-300)
(99,205,-301)
(96,234,-284)
(130,254,-234)
(109,301,-205)
(54,340,-172)
(-3,355,-143)
(-43,355,-97)
(-71,359,-69)
(-99,349,-39)
(-113,331,-7)
(-128,312,16)
(-141,291,35)
(-140,264,64)
(-157,239,77)
(-157,221,85)
(-160,186,104)
(-174,164,102)
(-172,142,102)
(-179,135,91)
(-185,141,83)
(-188,150,78)
(-192,178,52)
(-194,222,14)
(-181,261,-11)
(-163,299,-45)
(-149,307,-83)
(-115,335,-103)
(-73,337,-143)
(-53,339,-179)
(-13,337,-201)
(5,325,-217)
(31,307,-229)
(19,319,-227)
(10,328,-198)
(-10,350,-162)
(-47,363,-117)
(-73,355,-73)
(-100,340,-34)
(-122,322,-8)
(-143,307,19)
(-152,280,36)
(-169,241,47)
(-188,206,54)
(-196,192,56)
(-202,176,52)
(-205,153,43)
(-214,138,36)
(-221,151,45)
(-213,145,35)
(-217,157,23)
(-218,186,12)
(-206,240,-6)
(-191,273,-47)
(-179,291,-69)
(-153,315,-107)
(-118,332,-136)
(-86,334,-150)
(-55,337,-177)
(-25,337,-187)
(-25,339,-205)
(-26,336,-192)
(-35,343,-173)
(-63,349,-127)
(-93,351,-93)
(-108,344,-56)
(-121,327,-11)
(-139,303,11)
(-140,284,46)
(-146,258,64)
(-156,216,96)
(-163,195,97)
(-180,154,98)
(-174,128,108)
(-181,91,87)
(-173,63,87)
(-179,45,73)
(-165,23,57)
(-170,10,52)
(-160,4,46)
(-175,17,41)
(-186,34,42)
(-191,45,37)
(-220,84,28)
(-223,139,9)
(-228,176,-20)
(-203,239,-67)
(-182,272,-112)
(-143,305,-133)
(-94,320,-176)
(-39,329,-189)
(-7,329,-201)
(30,318,-208)
(72,308,-216)
(101,281,-219)
(135,277,-207)
(151,271,-201)
(136,276,-196)
(120,300,-176)
(91,333,-157)
(40,346,-138)
(-11,361,-125)
(-44,360,-94)
(-84,354,-48)
(-109,335,-17)
(-122,318,12)
(-130,296,44)
(-132,288,62)
(-125,265,87)
(-139,229,105)
(-152,206,104)
(-166,196,108)
(-177,173,109)
(-171,149,105)
(-178,122,100)
(-179,107,107)
(-183,95,91)
(-185,71,89)
(-180,68,86)
(-181,69,83)
(-194,86,82)
(-202,104,68)
(-224,150,32)
(-220,194,8)
(-196,250,-18)
(-179,289,-45)
(-136,324,-52)
(-99,349,-83)
(-54,356,-106)
(-25,351,-125)
(9,357,-135)
(45,337,-135)
(60,348,-136)
(64,344,-124)
(49,347,-103)
(28,360,-72)
(8,360,-38)
(-3,357,3)
(-18,332,34)
(-33,327,61)
(-41,319,73)
(-48,306,86)
(-64,282,102)
(-62,254,124)
(-85,229,135)
(-85,205,153)
(-76,182,160)
(-74,170,170)
(-54,150,180)
(-52,144,184)
(-45,141,181)
(-38,142,184)
(-52,134,178)
(-41,145,181)
(-60,186,168)
(-62,224,154)
(-58,264,122)
(-51,289,103)
(-43,315,83)
(-19,335,41)
(9,341,27)
(22,348,0)
(20,344,10)
(25,343,11)
(15,331,37)
(-2,312,72)
(3,297,105)
(-5,275,127)
(-8,260,140)
(-3,227,157)
(9,203,167)
(33,181,173)
(53,147,189)
(58,132,184)
(66,120,186)
(53,107,191)
(43,95,195)
(20,112,192)
(-10,152,176)
(-49,207,161)
(-67,245,147)
(-60,296,92)
(-63,303,73)
(-54,338,34)
(-56,342,6)
(-42,354,-16)
(-35,353,-49)
(-33,361,-97)
(-5,349,-139)
(19,349,-177)
(40,326,-186)
(44,316,-204)
(53,317,-195)
(43,323,-203)
(29,341,-193)
(12,338,-182)
(-16,348,-176)
(-50,356,-150)
(-61,341,-121)
(-82,350,-78)
(-92,336,-30)
(-106,334,0)
(-108,318,22)
(-109,309,43)
(-114,294,70)
(-114,280,86)
(-119,261,97)
(-118,254,110)
(-115,237,119)
(-113,221,137)
(-109,207,143)
(-113,197,149)
(-110,202,154)
(-105,183,153)
(-103,181,153)
(-107,173,161)
(-118,158,150)
(-113,155,157)
(-132,160,146)
(-131,193,125)
(-132,246,86)
(-110,268,88)
(-102,268,104)
(-104,248,104)
(-121,215,127)
(-138,210,124)
(-145,235,87)
(-139,275,63)
(-112,302,52)
(-93,301,71)
(-75,275,103)
(-74,218,152)
(-77,185,171)
(-72,154,172)
(-59,143,181)
(-75,145,179)
(-86,168,170)
(-92,168,160)
(-102,170,154)
(-118,194,148)
(-122,206,140)
(-126,222,124)
(-118,246,104)
(-116,270,88)
(-120,286,72)
(-108,296,58)
(-104,298,66)
(-92,310,66)
(-90,304,64)
(-87,301,61)
(-85,305,51)
(-88,312,48)
(-83,323,43)
(-80,326,38)
(-67,331,25)
(-55,331,25)
(-44,336,22)
(-23,337,31)
(-15,329,25)
(-14,326,34)
(4,328,38)
(7,331,33)
(-1,333,35)
(-22,326,54)
(-42,328,64)
(-63,311,73)
(-62,290,88)
(-63,275,111)
(-71,261,109)
(-79,253,117)
(-92,242,126)
(-82,230,138)
(-85,219,141)
(-94,196,156)
(-94,182,156)
(-85,173,165)
(-87,167,157)
(-91,157,159)
(-90,154,162)
(-102,146,164)
(-95,129,153)
(-110,130,152)
(-110,144,158)
(-124,158,148)
(-127,205,133)
(-123,219,123)
(-97,271,93)
(-84,290,100)
(-67,301,85)
(-61,315,73)
(-58,314,72)
(-53,319,69)
(-45,317,55)
(-34,328,42)
(-19,333,53)
(-10,332,36)
(-8,332,42)
(2,336,32)
(18,332,32)
(21,331,31)
(32,332,38)
(49,315,45)
(60,318,58)
(54,318,64)
(69,317,65)
(66,322,44)
(68,316,44)
(81,319,33)
(94,318,2)
(93,331,-7)
(88,330,-18)
(84,338,-16)
(66,344,-34)
(27,357,-21)
(-3,351,-7)
(-27,337,19)
(-45,331,37)
(-59,311,67)
(-48,294,96)
(-52,278,124)
(-60,256,130)
(-46,240,140)
(-43,233,151)
(-31,211,161)
(-34,204,154)
(-37,193,169)
(-27,195,167)
(-11,189,167)
(3,181,169)
(-2,174,174)
(13,173,175)
(27,159,187)
(25,155,177)
(27,141,189)
(37,137,191)
(35,135,183)
(21,135,181)
(13,141,185)
(-8,166,182)
(-32,212,156)
(-39,227,147)
(-52,240,136)
(-43,267,119)
(-35,271,113)
(-27,297,89)
(-18,306,82)
(0,316,64)
(7,333,59)
(12,332,46)
(12,332,46)
(-3,329,65)
(-10,322,66)
(-14,312,92)
(-33,275,113)
(-55,247,131)
(-65,219,153)
(-65,203,163)
(-71,169,173)
(-64,170,166)
(-79,149,171)
(-97,137,163)
(-98,134,162)
(-112,124,166)
(-133,117,137)
(-146,106,122)
(-182,90,98)
(-185,81,75)
(-201,61,51)
(-211,35,27)
(-211,37,17)
(-207,15,13)
(-206,10,6)
(-193,-5,3)
(-190,-18,-4)
(-186,-36,-8)
(-182,-42,-26)
(-175,-51,-35)
(-179,-45,-49)
(-208,-18,-34)
(-213,15,-25)
(-232,62,-24)
(-234,112,12)
(-220,172,44)
(-213,195,55)
(-172,224,80)
(-123,265,85)
(-68,292,90)
(-21,309,75)
(30,330,60)
(57,339,21)
(69,335,9)
(96,350,-38)
(98,340,-66)
(82,342,-122)
(22,356,-154)
(-43,351,-153)
(-98,338,-132)
(-144,322,-88)
(-166,308,-56)
(-180,290,-58)
(-159,313,-59)
(-113,341,-59)
(-71,363,-63)
(-38,358,-82)
(-51,359,-101)
(-94,346,-66)
(-136,324,-20)
(-168,288,-2)
(-172,264,8)
(-190,252,-8)
(-175,291,-37)
(-125,325,-63)
(-88,346,-78)
(-83,351,-89)
(-100,342,-66)
(-143,311,-21)
(-178,266,-2)
(-189,247,5)
(-185,257,-15)
(-167,295,-55)
(-124,332,-78)
(-113,341,-85)
(-140,326,-60)
(-166,296,-24)
(-197,251,9)
(-201,229,11)
(-215,199,25)
(-225,153,35)
(-224,128,24)
(-215,95,23)
(-217,65,23)
(-207,39,29)
(-209,45,29)
(-202,52,46)
(-212,84,52)
(-225,107,35)
(-230,138,24)
(-235,153,-11)
(-245,149,-69)
(-248,114,-122)
(-238,98,-144)
(-222,62,-176)
(-161,-1,-215)
(-137,-31,-231)
(-100,-44,-236)
(-95,-41,-245)
(-127,-9,-251)
(-146,10,-236)
(-196,18,-202)
(-218,36,-172)
(-234,50,-124)
(-240,70,-80)
(-241,69,-35)
(-223,91,21)
(-225,97,39)
(-206,90,62)
(-186,82,98)
(-152,74,118)
(-147,67,133)
(-126,48,150)
(-120,34,146)
(-82,22,148)
(-69,9,157)
(-63,1,157)
(-58,0,158)
(-60,4,160)
(-64,6,158)
(-73,15,155)
(-78,8,158)
(-88,16,152)
(-92,12,144)
(-107,7,135)
(-114,16,130)
(-152,24,102)
(-190,56,76)
(-224,82,44)
(-232,92,-12)
(-246,82,-62)
(-231,23,-109)
(-185,-39,-127)
(-180,-52,-136)
(-183,-11,-183)
(-183,23,-201)
(-169,13,-225)
(-170,22,-234)
(-157,11,-237)
(-155,3,-247)
(-130,-6,-262)
(-117,-13,-271)
(-110,8,-280)
(-98,16,-292)
(-103,33,-303)
(-116,64,-302)
(-131,109,-297)
(-126,118,-302)
(-128,130,-302)
(-140,132,-292)
(-156,164,-278)
(-173,181,-265)
(-172,208,-240)
(-185,215,-219)
(-196,218,-214)
(-181,223,-223)
(-196,202,-226)
(-190,194,-228)
(-182,188,-252)
(-168,178,-264)
(-148,166,-286)
(-160,168,-264)
(-191,161,-219)
(-229,167,-181)
(-224,176,-116)
(-224,196,-44)
(-205,211,5)
(-177,239,45)
(-178,250,54)
(-145,273,41)
(-127,297,33)
(-115,317,25)
(-108,324,-2)
(-124,318,0)
(-129,323,-35)
(-148,322,-84)
(-151,309,-97)
(-155,309,-111)
(-160,284,-130)
(-162,296,-132)
(-169,295,-125)
(-180,272,-114)
(-192,266,-116)
(-195,255,-135)
(-204,228,-178)
(-188,200,-232)
(-157,163,-279)
(-105,139,-313)
(-72,122,-338)
(-6,104,-342)
(15,95,-339)
(45,107,-343)
(75,115,-335)
(80,124,-334)
(28,130,-338)
(-45,149,-333)
(-110,186,-304)
(-154,208,-264)
(-193,229,-197)
(-204,250,-136)
(-208,256,-68)
(-208,230,-26)
(-212,184,20)
(-205,125,57)
(-199,75,75)
(-191,39,69)
(-186,18,56)
(-184,-18,30)
(-181,-23,9)
(-178,-52,-34)
(-174,-58,-58)
(-163,-73,-87)
(-166,-66,-108)
(-152,-74,-124)
(-164,-72,-140)
(-150,-68,-148)
(-156,-62,-164)
(-153,-67,-157)
(-156,-76,-150)
(-158,-72,-132)
(-176,-64,-92)
(-188,-54,-42)
(-201,-1,3)
(-208,46,48)
(-209,107,61)
(-204,132,56)
(-204,200,46)
(-162,280,-2)
(-138,316,-38)
(-119,335,-119)
(-81,319,-199)
(-30,300,-240)
(-32,290,-254)
(-38,330,-214)
(-36,316,-220)
(-47,339,-181)
(-69,343,-139)
(-71,345,-135)
(-86,340,-104)
(-101,343,-65)
(-107,329,-25)
(-123,289,31)
(-132,272,72)
(-160,216,104)
(-158,168,118)
(-154,126,126)
(-150,100,130)
(-140,64,134)
(-136,34,124)
(-127,9,115)
(-113,-1,113)
(-111,-15,107)
(-95,-17,125)
(-99,-9,121)
(-96,-4,128)
(-82,-10,132)
(-97,15,133)
(-108,28,146)
(-102,48,154)
(-130,108,154)
(-125,137,155)
(-122,158,146)
(-124,170,142)
(-133,199,133)
(-125,241,117)
(-110,250,108)
(-112,276,86)
(-111,289,79)
(-100,300,56)
(-86,312,56)
(-96,308,64)
(-95,279,87)
(-101,237,109)
(-108,218,132)
(-115,207,147)
(-104,214,134)
(-94,232,128)
(-83,285,83)
(-88,298,62)
(-85,333,37)
(-56,348,-30)
(-50,364,-94)
(-56,354,-134)
(-57,331,-189)
(-82,318,-200)
(-111,323,-149)
(-139,317,-57)
(-142,298,-16)
(-147,279,31)
(-149,263,53)
(-157,255,59)
(-143,261,65)
(-136,278,54)
(-129,289,41)
(-120,320,-4)
(-110,334,-30)
(-86,344,-94)
(-89,335,-129)
(-107,329,-147)
(-128,314,-142)
(-147,311,-73)
(-145,301,-21)
(-140,292,36)
(-131,277,63)
(-116,266,94)
(-112,268,80)
(-106,294,62)
(-111,301,41)
(-103,319,23)
(-103,337,-37)
(-78,354,-102)
(-78,340,-134)
(-89,327,-159)
(-114,324,-158)
(-137,313,-131)
(-168,294,-88)
(-175,295,-71)
(-164,278,6)
(-147,271,49)
(-130,252,78)
(-119,247,109)
(-101,269,93)
(-108,284,70)
(-82,310,46)
(-70,330,-8)
(-50,352,-72)
(-41,357,-89)
(-53,349,-107)
(-61,361,-111)
(-87,347,-61)
(-93,335,-3)
(-82,308,52)
(-60,284,90)
(-58,262,118)
(-58,236,142)
(-54,240,132)
(-72,254,120)
(-60,280,98)
(-64,308,62)
(-50,334,18)
(-46,354,-22)
(-39,359,-47)
(-28,356,-48)
(-33,349,-17)
(-47,319,43)
(-42,288,94)
(-37,259,117)
(-48,234,150)
(-49,195,153)
(-72,182,168)
(-81,181,165)
(-99,203,143)
(-93,219,127)
(-93,271,83)
(-89,305,53)
(-59,321,37)
(-36,334,18)
(-20,338,28)
(-22,318,52)
(-21,305,83)
(-19,267,117)
(-18,238,142)
(-20,212,160)
(-54,184,172)
(-59,173,171)
(-62,182,156)
(-85,199,143)
(-89,231,129)
(-78,258,114)
(-72,284,86)
(-54,312,62)
(-38,324,52)
(-15,349,21)
(-10,332,40)
(-10,320,66)
(-23,301,95)
(-33,249,135)
(-43,221,151)
(-60,168,172)
(-87,135,173)
(-90,150,156)
(-102,174,158)
(-115,219,127)
(-122,250,82)
(-104,296,44)
(-105,321,25)
(-106,332,2)
(-95,347,-37)
(-91,347,-17)
(-107,333,-7)
(-121,309,11)
(-132,302,26)
(-152,272,46)
(-168,240,62)
(-185,213,59)
(-192,166,72)
(-208,136,64)
(-208,102,52)
(-211,67,37)
(-223,43,-1)
(-233,49,-37)
(-241,69,-53)
(-246,78,-62)
(-247,111,-51)
(-231,151,-15)
(-221,175,17)
(-212,182,30)
(-183,185,75)
(-164,166,116)
(-128,116,136)
(-92,82,164)
(-61,47,167)
(-52,8,152)
(-35,-35,133)
(-13,-53,115)
(14,-84,90)
(21,-97,73)
(10,-102,64)
(-8,-88,78)
(-28,-76,88)
(-67,-31,119)
(-97,15,129)
(-119,121,139)
(-125,215,117)
(-109,263,79)
(-81,311,35)
(-45,355,-33)
(-33,363,-89)
(-26,364,-120)
(-12,352,-148)
(3,349,-155)
(-2,350,-164)
(-29,353,-139)
(-59,355,-103)
(-93,337,-41)
(-117,319,15)
(-117,289,59)
(-123,239,95)
(-121,205,133)
(-94,134,160)
(-76,64,162)
(-39,1,155)
(-15,-37,141)
(11,-69,103)
(29,-91,81)
(38,-100,62)
(40,-104,50)
(42,-114,36)
(41,-121,19)
(42,-128,18)
(31,-123,19)
(28,-114,32)
(24,-108,56)
(3,-81,99)
(-17,-39,115)
(-36,-16,136)
(-49,21,163)
(-65,47,165)
(-79,83,159)
(-101,123,153)
(-83,147,161)
(-45,103,181)
(-17,55,185)
(-1,13,167)
(-10,-20,150)
(-32,-38,126)
(-74,-26,118)
(-130,18,110)
(-176,82,106)
(-167,127,101)
(-152,186,104)
(-145,215,87)
(-129,249,71)
(-101,281,69)
(-79,273,77)
(-76,274,88)
(-77,251,111)
(-63,229,129)
(-66,192,154)
(-57,151,169)
(-61,95,169)
(-65,71,167)
(-97,29,139)
(-116,-6,104)
(-134,-10,74)
(-168,12,68)
(-196,40,40)
(-217,95,35)
(-216,152,36)
(-209,185,27)
(-197,233,-3)
(-181,247,13)
(-163,261,13)
(-149,273,37)
(-131,281,51)
(-109,275,81)
(-104,236,104)
(-104,204,140)
(-98,150,162)
(-101,95,159)
(-134,44,118)
(-154,32,94)
(-181,17,67)
(-196,30,30)
(-222,48,10)
(-231,101,-19)
(-239,151,-37)
(-247,179,-53)
(-217,215,-55)
(-204,246,-52)
(-194,260,-14)
(-166,260,18)
(-140,244,70)
(-140,236,86)
(-121,191,131)
(-118,148,138)
(-137,105,141)
(-155,77,103)
(-186,68,70)
(-209,71,47)
(-211,89,29)
(-239,119,1)
(-230,158,-8)
(-226,184,-24)
(-214,210,-10)
(-195,237,-9)
(-172,254,38)
(-139,245,85)
(-142,212,116)
(-137,169,139)
(-152,116,128)
(-168,80,110)
(-184,76,82)
(-198,90,54)
(-221,125,21)
(-227,145,-5)
(-225,191,-39)
(-214,228,-58)
(-203,241,-35)
(-193,245,-17)
(-175,235,27)
(-180,200,72)
(-185,165,83)
(-182,136,90)
(-207,109,75)
(-216,96,40)
(-234,106,-8)
(-238,140,-18)
(-238,172,-56)
(-231,193,-81)
(-224,204,-62)
(-218,196,-34)
(-229,173,3)
(-215,143,19)
(-217,107,25)
(-221,89,15)
(-224,96,2)
(-243,123,-23)
(-237,153,-47)
(-238,174,-58)
(-226,188,-64)
(-231,183,-51)
(-216,190,-22)
(-223,161,17)
(-216,126,40)
(-203,101,43)
(-220,92,30)
(-234,104,-2)
(-231,113,-9)
(-237,149,-33)
(-241,179,-45)
(-235,191,-53)
(-224,186,-32)
(-219,175,7)
(-224,150,48)
(-207,123,57)
(-216,110,46)
(-219,113,19)
(-236,150,-10)
(-231,187,-37)
(-219,213,-55)
(-216,224,-20)
(-183,239,15)
(-176,236,62)
(-158,236,86)
(-124,210,128)
(-122,172,140)
(-114,130,156)
(-118,88,138)
(-139,67,123)
(-155,63,99)
(-170,52,86)
(-197,65,55)
(-215,113,43)
(-217,145,17)
(-226,166,20)
(-209,189,17)
(-206,200,34)
(-181,209,63)
(-178,208,66)
(-170,188,90)
(-163,153,115)
(-156,114,122)
(-162,58,100)
(-163,19,63)
(-180,-14,18)
(-188,-26,-26)
(-195,-17,-43)
(-215,15,-55)
(-230,32,-60)
(-238,44,-72)
(-234,48,-38)
(-203,59,35)
(-180,58,70)
(-152,60,102)
(-120,36,128)
(-116,-8,112)
(-119,-57,59)
(-127,-59,39)
(-152,-76,-42)
(-172,-62,-76)
(-192,-44,-90)
(-207,-15,-83)
(-224,6,-74)
(-224,26,-58)
(-226,34,-6)
(-207,51,47)
(-176,56,76)
(-154,32,100)
(-117,9,111)
(-119,-37,89)
(-132,-70,28)
(-153,-87,-39)
(-158,-70,-78)
(-179,-55,-95)
(-186,-40,-122)
(-211,-11,-117)
(-235,25,-103)
(-235,45,-71)
(-234,58,-42)
(-229,59,-33)
(-225,61,7)
(-205,71,57)
(-188,76,86)
(-156,62,110)
(-127,11,121)
(-127,-43,71)
(-153,-69,-23)
(-161,-71,-69)
(-180,-64,-108)
(-183,-41,-143)
(-165,-43,-185)
(-137,-23,-227)
(-139,-17,-255)
(-106,-6,-270)
(-90,-22,-272)
(-80,-60,-254)
(-71,-65,-245)
(-65,-69,-229)
(-28,-108,-170)
(-32,-134,-114)
(-53,-141,-57)
(-89,-121,-35)
(-118,-104,-6)
(-155,-59,13)
(-186,-30,26)
(-198,-2,22)
(-216,28,12)
(-230,48,-2)
(-243,69,-25)
(-245,89,-43)
(-250,90,-44)
(-248,102,-50)
(-238,114,-70)
(-250,120,-56)
(-246,120,-54)
(-244,174,-44)
(-196,246,-42)
(-163,303,-15)
(-132,312,-10)
(-108,320,0)
(-78,336,4)
(-41,347,-19)
(-8,352,-34)
(-1,361,-25)
(-2,356,-26)
(4,352,-18)
(3,341,-23)
(34,354,-42)
(46,352,-68)
(60,348,-66)
(75,347,-97)
(86,346,-112)
(107,323,-131)
(123,321,-141)
(132,304,-164)
(153,287,-179)
(168,284,-192)
(161,279,-189)
(173,265,-199)
(175,249,-199)
(183,235,-203)
(189,211,-217)
(200,196,-220)
(194,182,-224)
(209,173,-229)
(207,163,-223)
(210,142,-216)
(222,134,-218)
(215,131,-211)
(206,138,-222)
(211,123,-225)
(214,110,-212)
(230,92,-204)
(217,105,-207)
(218,118,-204)
(216,156,-222)
(200,196,-228)
(191,217,-223)
(180,230,-216)
(167,263,-205)
(159,279,-195)
(152,284,-182)
(140,302,-162)
(131,313,-157)
(132,328,-136)
(117,339,-131)
(105,341,-123)
(107,337,-109)
(106,344,-98)
(107,337,-91)
(120,348,-86)
(96,342,-86)
(89,347,-105)
(69,355,-119)
(48,354,-124)
(30,362,-130)
(15,353,-153)
(0,348,-170)
(-18,340,-186)
(-28,338,-198)
(-48,322,-212)
(-51,311,-241)
(-59,293,-243)
(-63,273,-273)
(-63,263,-279)
(-68,238,-290)
(-74,248,-288)
(-70,254,-278)
(-55,251,-285)
(-33,251,-295)
(-32,238,-298)
(-18,210,-316)
(-28,202,-320)
(-39,209,-323)
(-31,235,-303)
(-11,261,-279)
(7,285,-257)
(22,296,-258)
(39,309,-233)
(40,332,-202)
(48,332,-182)
(60,344,-140)
(52,354,-110)
(51,355,-91)
(46,356,-54)
(40,348,-52)
(40,352,-14)
(30,342,0)
(35,333,25)
(22,328,46)
(19,313,65)
(20,312,76)
(21,293,93)
(21,277,113)
(34,246,138)
(39,237,137)
(58,222,152)
(48,218,152)
(45,199,153)
(54,172,168)
(38,132,184)
(34,112,192)
(39,87,189)
(34,78,184)
(12,66,188)
(-24,70,180)
(-43,77,179)
(-63,103,187)
(-102,158,164)
(-137,163,135)
(-140,182,118)
(-124,224,110)
(-108,270,104)
(-95,291,83)
(-90,302,68)
(-86,300,66)
(-82,300,80)
(-52,294,86)
(-27,295,95)
(24,296,100)
(54,304,82)
(73,299,77)
(76,304,64)
(83,317,59)
(86,310,62)
(67,315,65)
(75,305,65)
(57,299,87)
(34,298,94)
(12,292,88)
(6,298,88)
(-25,299,87)
(-30,296,92)
(-33,297,89)
(-43,299,87)
(-60,298,82)
(-64,288,82)
(-68,304,80)
(-58,298,82)
(-50,306,78)
(-30,304,74)
(1,313,67)
(29,317,73)
(41,323,57)
(66,326,54)
(70,306,66)
(51,289,101)
(56,268,118)
(60,250,132)
(28,238,138)
(-14,238,144)
(-63,235,141)
(-78,242,112)
(-106,238,106)
(-130,250,84)
(-129,263,85)
(-109,261,95)
(-62,260,114)
(-21,277,111)
(2,300,88)
(21,297,91)
(17,291,95)
(-11,269,123)
(-36,260,120)
(-44,268,116)
(-45,285,99)
(-28,316,64)
(-10,336,32)
(12,342,16)
(15,343,29)
(7,335,53)
(-3,317,81)
(-24,284,104)
(-56,252,134)
(-73,221,141)
(-94,210,150)
(-93,203,135)
(-71,249,129)
(-16,288,102)
(-6,286,104)
(23,303,95)
(28,298,98)
(12,278,110)
(-7,249,133)
(-13,221,159)
(-32,164,186)
(-27,127,179)
(-28,102,190)
(-40,102,178)
(-18,110,182)
(-7,143,181)
(-2,186,168)
(16,244,142)
(22,278,122)
(52,320,62)
(76,340,-6)
(90,336,-60)
(106,334,-86)
(113,331,-97)
(110,338,-96)
(87,339,-51)
(51,343,-3)
(19,327,55)
(0,298,90)
(-17,263,131)
(-27,229,151)
(-24,170,174)
(-33,127,181)
(-41,77,183)
(-50,52,168)
(-72,16,148)
(-90,0,138)
(-84,0,134)
(-86,-10,126)
(-94,-18,132)
(-108,0,136)
(-107,23,135)
(-102,38,144)
(-95,49,165)
(-79,89,167)
(-62,176,166)
(-33,207,159)
(-1,263,121)
(19,301,81)
(39,327,55)
(57,343,7)
(78,344,-26)
(81,345,-29)
(69,341,9)
(53,319,71)
(45,279,111)
(15,261,129)
(-27,255,127)
(-76,264,114)
(-116,264,80)
(-174,228,54)
(-215,207,-21)
(-243,165,-73)
(-246,138,-116)
(-228,116,-158)
(-214,82,-192)
(-196,60,-200)
(-193,15,-211)
(-164,-8,-222)
(-143,-23,-217)
(-134,-48,-218)
(-128,-52,-220)
(-125,-57,-219)
(-151,-23,-217)
(-193,35,-223)
(-222,106,-188)
(-235,179,-135)
(-207,237,-83)
(-160,280,-12)
(-149,301,-3)
(-68,310,48)
(-19,317,69)
(28,308,72)
(47,291,87)
(60,270,110)
(58,260,116)
(32,264,122)
(11,285,109)
(-47,311,57)
(-94,332,6)
(-129,323,-45)
(-145,313,-99)
(-155,301,-131)
(-163,283,-157)
(-173,263,-169)
(-169,269,-181)
(-173,267,-175)
(-162,272,-182)
(-160,286,-168)
(-158,298,-172)
(-151,295,-171)
(-147,297,-161)
(-149,305,-157)
(-161,291,-143)
(-187,275,-129)
(-180,266,-130)
(-176,286,-130)
(-146,306,-124)
(-114,326,-100)
(-114,338,-42)
(-125,315,9)
(-128,286,42)
(-129,283,45)
(-108,314,20)
(-100,332,-16)
(-77,351,-43)
(-80,348,-60)
(-104,336,-28)
(-137,309,-3)
(-147,301,5)
(-140,318,-42)
(-137,321,-77)
(-113,321,-115)
(-86,336,-146)
(-63,341,-137)
(-48,346,-146)
(-27,353,-143)
(1,355,-143)
(15,345,-161)
(24,340,-172)
(11,339,-197)
(-17,341,-185)
(-58,350,-150)
(-55,353,-137)
(-28,352,-148)
(7,345,-183)
(29,329,-215)
(46,294,-244)
(43,271,-275)
(12,276,-272)
(-12,290,-258)
(-26,332,-190)
(-16,350,-166)
(28,356,-158)
(69,317,-213)
(80,290,-248)
(57,295,-249)
(29,301,-245)
(-17,327,-211)
(-28,346,-172)
(-3,343,-147)
(39,359,-139)
(97,333,-151)
(149,283,-189)
(193,243,-189)
(225,191,-195)
(222,170,-196)
(228,150,-182)
(237,133,-193)
(223,137,-191)
(230,158,-190)
(215,207,-191)
(175,263,-185)
(149,295,-171)
(118,320,-134)
(104,334,-118)
(83,353,-95)
(66,348,-52)
(55,351,-33)
(42,350,-2)
(32,340,-8)
(46,348,-26)
(81,353,-43)
(97,341,-69)
(118,328,-80)
(146,324,-104)
(178,280,-140)
(185,265,-161)
(202,236,-168)
(210,220,-176)
(220,200,-178)
(222,190,-176)
(223,185,-171)
(226,182,-188)
(193,205,-223)
(148,216,-258)
(119,219,-275)
(82,214,-304)
(59,205,-317)
(26,196,-328)
(-6,174,-334)
(-38,158,-328)
(-69,149,-327)
(-104,126,-320)
(-141,33,-261)
(-151,3,-257)
(-145,-7,-237)
(-155,-19,-235)
(-148,-24,-228)
(-153,-47,-191)
(-149,-47,-195)
(-147,-49,-175)
(-151,-57,-181)
(-138,-72,-178)
(-132,-78,-172)
(-128,-82,-158)
(-124,-86,-150)
(-115,-93,-147)
(-110,-106,-138)
(-94,-108,-148)
(-83,-117,-143)
(-72,-128,-120)
(-72,-132,-116)
(-60,-130,-94)
(-59,-133,-77)
(-63,-129,-81)
(-47,-145,-57)
(-30,-136,-50)
(-24,-146,-38)
(-19,-139,-23)
(-20,-142,-38)
(-44,-140,-50)
(-53,-135,-55)
(-95,-113,-73)
(-106,-118,-80)
(-115,-97,-99)
(-132,-102,-102)
(-126,-98,-104)
(-117,-107,-117)
(-116,-94,-132)
(-123,-91,-135)
(-132,-84,-132)
(-134,-80,-142)
(-148,-70,-152)
(-174,-44,-152)
(-194,-12,-158)
(-210,30,-160)
(-214,42,-154)
(-225,53,-147)
(-234,62,-136)
(-236,72,-128)
(-236,74,-112)
(-249,77,-105)
(-243,79,-99)
(-243,81,-91)
(-241,71,-101)
(-235,59,-123)
(-220,36,-126)
(-214,14,-138)
(-203,-15,-131)
(-191,-39,-127)
(-177,-55,-127)
(-143,-91,-107)
(-125,-99,-81)
(-110,-108,-74)
(-121,-115,-63)
(-112,-106,-54)
(-122,-108,-60)
(-129,-91,-49)
(-128,-94,-50)
(-124,-94,-42)
(-144,-86,-62)
(-145,-81,-75)
(-176,-58,-80)
(-190,-34,-88)
(-215,-7,-91)
(-233,33,-111)
(-225,47,-91)
(-235,69,-85)
(-246,82,-64)
(-238,100,-48)
(-244,112,-14)
(-222,126,10)
(-222,148,38)
(-208,178,38)
(-178,236,32)
(-135,295,5)
(-90,338,-14)
(-46,350,-40)
(0,366,-68)
(34,358,-78)
(58,354,-94)
(77,341,-129)
(91,331,-145)
(109,313,-167)
(127,301,-181)
(130,314,-174)
(115,309,-161)
(118,310,-168)
(106,330,-156)
(98,328,-136)
(62,344,-136)
(53,349,-107)
(24,362,-88)
(-14,360,-48)
(-42,350,-16)
(-69,325,29)
(-78,308,54)
(-86,284,76)
(-85,257,101)
(-95,235,119)
(-105,205,137)
(-100,220,128)
(-106,234,128)
(-92,238,116)
(-82,264,90)
(-85,277,79)
(-75,295,79)
(-62,306,56)
(-59,323,47)
(-55,329,41)
(-48,330,28)
(-55,329,17)
(-50,330,26)
(-50,330,20)
(-62,330,22)
(-66,338,24)
(-70,326,30)
(-76,320,42)
(-88,308,48)
(-86,288,68)
(-103,265,85)
(-104,246,112)
(-120,216,130)
(-118,210,142)
(-115,185,149)
(-103,159,161)
(-91,139,171)
(-81,123,167)
(-81,121,165)
(-93,129,161)
(-104,122,158)
(-131,123,129)
(-153,123,123)
(-191,111,91)
(-207,111,55)
(-227,77,15)
(-230,40,-8)
(-220,12,-52)
(-207,-15,-57)
(-197,-37,-69)
(-187,-33,-63)
(-187,-39,-63)
(-187,-49,-71)
(-181,-47,-59)
(-193,-29,-45)
(-200,-30,-38)
(-197,-19,-27)
(-206,-20,-8)
(-199,-15,-13)
(-208,-14,-26)
(-209,-13,-31)
(-211,-11,-43)
(-230,12,-66)
(-235,37,-79)
(-250,78,-94)
(-247,113,-67)
(-243,155,-71)
(-227,183,-73)
(-221,225,-63)
(-194,256,-56)
(-176,274,-30)
(-151,281,1)
(-142,294,6)
(-133,293,17)
(-118,316,16)
(-90,324,-4)
(-50,344,-40)
(1,355,-95)
(46,344,-120)
(80,328,-154)
(102,322,-166)
(137,285,-193)
(150,264,-216)
(160,240,-210)
(173,225,-221)
(176,212,-214)
(179,215,-221)
(190,214,-218)
(183,205,-219)
(179,183,-249)
(137,133,-289)
(85,135,-317)
(47,141,-329)
(15,161,-331)
(-24,200,-320)
(-82,292,-248)
(-151,285,-179)
(-196,254,-128)
(-218,216,-104)
(-229,177,-69)
(-241,161,-69)
(-246,124,-82)
(-251,91,-91)
(-237,67,-111)
(-231,31,-131)
(-221,9,-147)
(-195,-19,-171)
(-181,-37,-167)
(-177,-23,-163)
(-197,5,-159)
(-214,20,-148)
(-233,39,-131)
(-241,77,-123)
(-256,94,-94)
(-245,127,-89)
(-240,150,-94)
(-235,175,-95)
(-224,220,-98)
(-201,243,-111)
(-190,252,-122)
(-159,277,-161)
(-156,262,-190)
(-156,254,-196)
(-162,268,-180)
(-167,263,-161)
(-179,263,-133)
(-195,265,-117)
(-195,243,-97)
(-208,238,-94)
(-211,227,-91)
(-207,225,-77)
(-216,218,-78)
(-221,211,-69)
(-223,211,-69)
(-222,210,-64)
(-228,202,-62)
(-231,207,-67)
(-223,205,-63)
(-222,192,-64)
(-229,195,-67)
(-228,196,-66)
(-240,184,-62)
(-234,178,-58)
(-234,172,-64)
(-229,173,-61)
(-234,164,-64)
(-240,148,-66)
(-237,143,-63)
(-253,145,-63)
(-243,139,-55)
(-244,128,-56)
(-258,128,-50)
(-242,116,-54)
(-244,112,-54)
(-245,99,-51)
(-239,103,-55)
(-246,96,-48)
(-244,88,-56)
(-247,77,-67)
(-238,62,-64)
(-243,63,-69)
(-241,45,-75)
(-235,41,-91)
(-233,37,-81)
(-233,31,-87)
(-233,31,-91)
(-227,37,-97)
(-230,32,-94)
(-239,29,-91)
(-237,47,-81)
(-239,53,-69)
(-241,63,-65)
(-246,68,-52)
(-242,86,-62)
(-241,89,-55)
(-250,110,-56)
(-249,121,-71)
(-244,136,-66)
(-247,143,-67)
(-250,150,-62)
(-238,158,-48)
(-242,150,-22)
(-239,131,-7)
(-232,108,4)
(-225,87,9)
(-228,72,0)
(-241,71,-9)
(-250,92,-30)
(-248,110,-46)
(-242,130,-56)
(-248,168,-78)
(-229,197,-83)
(-219,221,-79)
(-208,236,-74)
(-206,246,-64)
(-202,250,-56)
(-197,241,-43)
(-202,234,-14)
(-214,210,-2)
(-214,174,28)
(-220,146,32)
(-219,109,23)
(-228,84,8)
(-227,87,1)
(-233,91,-25)
(-246,106,-56)
(-250,132,-68)
(-239,159,-91)
(-235,173,-85)
(-227,179,-67)
(-230,196,-68)
(-225,199,-43)
(-212,214,-26)
(-215,209,-7)
(-219,193,17)
(-215,177,25)
(-216,152,32)
(-232,128,32)
(-219,107,17)
(-237,101,1)
(-238,124,-18)
(-251,135,-43)
(-237,151,-59)
(-246,170,-68)
(-224,194,-78)
(-215,217,-77)
(-217,235,-53)
(-206,232,-46)
(-205,221,-25)
(-216,202,-6)
(-217,187,9)
(-226,160,18)
(-226,130,20)
(-244,114,-8)
(-238,96,-4)
(-247,85,-27)
(-249,81,-45)
(-249,89,-59)
(-241,107,-81)
(-241,139,-89)
(-247,155,-99)
(-244,174,-86)
(-220,200,-68)
(-221,219,-45)
(-213,223,-39)
(-220,210,-26)
(-220,184,-6)
(-231,163,1)
(-229,131,-17)
(-242,96,-30)
(-241,77,-45)
(-247,69,-49)
(-241,55,-71)
(-238,54,-86)
(-240,54,-110)
(-239,49,-123)
(-233,51,-135)
(-234,58,-134)
(-232,74,-148)
(-237,81,-137)
(-252,114,-118)
(-251,127,-89)
(-241,139,-61)
(-236,140,-28)
(-242,122,-8)
(-241,103,-1)
(-240,84,-16)
(-236,70,-30)
(-239,63,-53)
(-242,60,-72)
(-240,78,-94)
(-249,87,-101)
(-250,110,-114)
(-244,130,-106)
(-245,153,-93)
(-239,183,-79)
(-234,188,-46)
(-226,190,-18)
(-227,173,3)
(-222,144,14)
(-231,119,13)
(-238,92,0)
(-237,69,-27)
(-230,74,-52)
(-240,44,-82)
(-244,28,-104)
(-231,17,-107)
(-208,0,-110)
(-212,-6,-124)
(-199,-23,-117)
(-187,-41,-129)
(-171,-57,-135)
(-157,-65,-129)
(-148,-78,-128)
(-146,-98,-118)
(-130,-96,-112)
(-120,-108,-106)
(-110,-110,-92)
(-95,-123,-87)
(-87,-125,-85)
(-82,-132,-78)
(-82,-124,-78)
(-86,-126,-86)
(-95,-113,-81)
(-100,-108,-88)
(-112,-106,-102)
(-127,-101,-115)
(-145,-87,-117)
(-143,-79,-133)
(-150,-80,-126)
(-160,-76,-134)
(-166,-64,-154)
(-163,-61,-151)
(-169,-51,-157)
(-170,-52,-148)
(-177,-49,-145)
(-176,-52,-146)
(-192,-38,-140)
(-192,-30,-142)
(-210,-8,-134)
(-224,32,-144)
(-228,56,-144)
(-239,73,-127)
(-237,79,-117)
(-242,96,-88)
(-246,116,-76)
(-247,127,-47)
(-246,134,-32)
(-236,150,-10)
(-235,151,5)
(-217,169,31)
(-200,184,32)
(-184,196,46)
(-184,226,38)
(-176,238,34)
(-158,266,28)
(-153,283,13)
(-139,307,-9)
(-120,326,-32)
(-103,329,-63)
(-95,347,-83)
(-85,347,-97)
(-77,345,-113)
(-75,343,-107)
(-74,346,-110)
(-86,342,-92)
(-103,335,-65)
(-125,323,-47)
(-146,308,-22)
(-162,278,-6)
(-183,259,7)
(-209,223,13)
(-204,194,26)
(-212,176,32)
(-219,171,41)
(-216,128,48)
(-214,114,48)
(-215,103,43)
(-225,91,35)
(-216,76,24)
(-226,64,6)
(-225,59,-11)
(-238,56,-20)
(-243,49,-35)
(-230,50,-28)
(-230,42,-40)
(-236,38,-46)
(-235,37,-53)
(-236,36,-54)
(-225,33,-61)
(-223,27,-57)
(-225,13,-63)
(-213,-1,-61)
(-207,-21,-67)
(-204,-36,-66)
(-181,-49,-65)
(-174,-56,-64)
(-158,-76,-64)
(-149,-81,-65)
(-142,-86,-48)
(-124,-96,-46)
(-126,-96,-42)
(-129,-101,-47)
(-126,-94,-46)
(-133,-95,-67)
(-139,-89,-63)
(-149,-85,-65)
(-156,-80,-66)
(-151,-81,-79)
(-155,-77,-101)
(-157,-75,-101)
(-156,-78,-122)
(-164,-68,-128)
(-169,-61,-133)
(-164,-58,-134)
(-168,-52,-138)
(-186,-42,-148)
(-193,-29,-147)
(-205,11,-161)
(-215,45,-175)
(-228,66,-170)
(-229,81,-149)
(-238,100,-126)
(-247,97,-91)
(-244,112,-66)
(-252,126,-46)
(-235,139,-31)
(-233,155,-9)
(-224,162,6)
(-212,182,8)
(-199,203,13)
(-187,219,21)
(-170,256,10)
(-147,279,13)
(-139,303,-1)
(-121,315,-3)
(-103,323,-21)
(-82,338,-26)
(-62,338,-32)
(-50,350,-52)
(-32,360,-60)
(-13,365,-65)
(-8,350,-72)
(5,353,-69)
(4,358,-70)
(4,356,-64)
(9,357,-35)
(-31,331,11)
(-33,329,41)
(-45,305,61)
(-53,281,89)
(-45,275,99)
(-36,270,110)
(-47,255,121)
(-42,252,130)
(-33,241,137)
(-39,213,151)
(-35,199,157)
(-21,193,161)
(-17,171,181)
(-18,154,178)
(-26,140,174)
(-31,125,175)
(-48,112,178)
(-64,120,168)
(-97,121,147)
(-119,117,135)
(-155,119,117)
(-170,98,86)
(-210,88,46)
(-222,68,2)
(-229,55,-23)
(-240,50,-26)
(-233,41,-61)
(-222,22,-84)
(-208,6,-100)
(-199,-7,-95)
(-199,-15,-99)
(-188,-22,-104)
(-187,-35,-111)
(-169,-53,-107)
(-160,-66,-108)
(-143,-85,-109)
(-135,-89,-115)
(-129,-95,-109)
(-115,-97,-111)
(-108,-108,-106)
(-111,-103,-109)
(-106,-106,-102)
(-119,-99,-99)
(-117,-101,-101)
(-114,-100,-102)
(-125,-101,-105)
(-125,-95,-97)
(-124,-106,-100)
(-126,-102,-98)
(-116,-104,-104)
(-115,-103,-99)
(-124,-104,-100)
(-116,-110,-92)
(-114,-106,-72)
(-123,-99,-67)
(-123,-97,-49)
(-122,-100,-54)
(-134,-90,-54)
(-128,-92,-50)
(-124,-98,-48)
(-125,-89,-53)
(-122,-100,-62)
(-115,-97,-85)
(-118,-100,-104)
(-124,-92,-134)
(-113,-85,-161)
(-122,-66,-194)
(-121,-55,-193)
(-139,-53,-197)
(-146,-42,-200)
(-136,-30,-202)
(-168,-20,-200)
(-175,-11,-197)
(-187,11,-197)
(-197,41,-205)
(-205,63,-199)
(-224,80,-182)
(-222,96,-152)
(-240,114,-112)
(-240,132,-74)
(-243,139,-65)
(-237,171,-75)
(-223,205,-109)
(-208,236,-128)
(-187,243,-127)
(-174,260,-134)
(-160,274,-150)
(-146,292,-170)
(-136,286,-186)
(-120,290,-210)
(-94,286,-232)
(-75,275,-243)
(-74,276,-254)
(-58,278,-254)
(-73,277,-233)
(-94,286,-230)
(-99,291,-215)
(-108,294,-200)
(-136,286,-190)
(-141,287,-183)
(-174,274,-162)
(-181,251,-137)
(-206,232,-130)
(-216,220,-106)
(-224,206,-94)
(-220,204,-78)
(-228,202,-72)
(-222,198,-78)
(-217,197,-71)
(-221,205,-83)
(-213,221,-105)
(-203,241,-125)
(-180,264,-146)
(-154,284,-150)
(-129,295,-163)
(-125,307,-173)
(-122,304,-180)
(-113,303,-179)
(-117,305,-185)
(-123,299,-169)
(-130,292,-164)
(-154,290,-148)
(-161,279,-127)
(-178,270,-110)
(-187,257,-91)
(-205,229,-77)
(-222,202,-72)
(-232,192,-60)
(-228,178,-54)
(-234,168,-46)
(-242,150,-46)
(-237,147,-49)
(-235,157,-47)
(-232,174,-60)
(-214,212,-82)
(-210,240,-84)
(-190,258,-88)
(-175,283,-99)
(-147,299,-103)
(-130,310,-100)
(-124,314,-114)
(-135,311,-111)
(-138,322,-104)
(-146,306,-104)
(-146,300,-92)
(-173,281,-81)
(-186,262,-64)
(-202,244,-50)
(-213,219,-31)
(-218,190,-30)
(-244,164,-38)
(-240,148,-36)
(-241,135,-39)
(-239,117,-45)
(-243,113,-43)
(-245,101,-51)
(-242,94,-50)
(-241,91,-45)
(-247,87,-49)
(-247,105,-41)
(-245,115,-47)
(-238,152,-42)
(-235,171,-33)
(-219,201,-35)
(-206,240,-50)
(-199,251,-57)
(-191,265,-65)
(-178,268,-66)
(-185,267,-65)
(-197,261,-69)
(-208,238,-62)
(-211,221,-67)
(-217,209,-63)
(-229,183,-45)
(-234,172,-26)
(-234,138,-24)
(-240,130,-24)
(-235,129,-9)
(-232,108,-20)
(-231,107,-15)
(-230,100,-12)
(-237,99,-15)
(-234,100,-12)
(-235,127,-23)
(-244,140,-26)
(-241,157,-45)
(-227,191,-55)
(-211,211,-77)
(-197,239,-81)
(-196,262,-100)
(-182,266,-104)
(-176,272,-110)
(-183,281,-111)
(-172,274,-110)
(-176,278,-102)
(-181,269,-95)
(-193,261,-65)
(-203,235,-53)
(-217,215,-43)
(-225,185,-27)
(-218,176,-24)
(-237,163,-21)
(-243,141,-27)
(-242,124,-34)
(-239,117,-31)
(-245,101,-31)
(-238,98,-36)
(-241,95,-39)
(-245,89,-43)
(-242,110,-48)
(-237,111,-47)
(-249,133,-43)
(-241,153,-61)
(-233,169,-81)
(-223,197,-77)
(-223,209,-79)
(-209,233,-85)
(-205,241,-91)
(-187,257,-93)
(-187,271,-91)
(-183,269,-95)
(-189,263,-67)
(-204,244,-60)
(-209,225,-45)
(-212,210,-32)
(-227,185,-19)
(-236,166,-18)
(-231,149,-11)
(-233,131,-15)
(-235,121,-15)
(-243,121,-25)
(-228,94,-26)
(-234,94,-32)
(-236,74,-36)
(-237,63,-43)
(-232,58,-64)
(-236,46,-70)
(-232,42,-58)
(-236,42,-62)
(-238,64,-62)
(-239,67,-71)
(-245,65,-77)
(-234,56,-90)
(-233,27,-91)
(-215,13,-93)
(-212,-2,-90)
(-209,-17,-85)
(-202,-32,-80)
(-194,-32,-76)
(-184,-36,-82)
(-196,-40,-70)
(-193,-33,-59)
(-199,-35,-63)
(-209,-13,-53)
(-222,14,-48)
(-224,26,-46)
(-241,55,-51)
(-241,89,-67)
(-255,119,-89)
(-238,146,-106)
(-235,153,-129)
(-242,154,-116)
(-232,158,-116)
(-238,132,-100)
(-239,109,-83)
(-241,91,-73)
(-230,68,-58)
(-237,69,-47)
(-231,49,-37)
(-229,39,-45)
(-235,43,-73)
(-236,50,-74)
(-229,87,-115)
(-234,124,-124)
(-234,166,-110)
(-222,198,-72)
(-217,223,-61)
(-204,236,-26)
(-181,247,-5)
(-149,271,23)
(-127,289,43)
(-94,306,44)
(-66,320,42)
(-36,326,52)
(-5,327,35)
(33,333,17)
(59,345,-21)
(77,339,-15)
(90,340,-32)
(86,334,-32)
(105,323,-41)
(110,320,-42)
(129,319,-49)
(136,308,-62)
(151,305,-89)
(174,278,-106)
(193,251,-121)
(195,245,-129)
(208,240,-138)
(198,232,-134)
(199,241,-137)
(178,270,-156)
(144,280,-152)
(104,310,-152)
(62,338,-154)
(1,345,-163)
(-57,335,-169)
(-125,299,-177)
(-169,247,-195)
(-205,191,-191)
(-219,137,-187)
(-217,91,-181)
(-215,57,-165)
(-211,25,-143)
(-207,-3,-137)
(-196,-16,-118)
(-185,-33,-111)
(-187,-51,-95)
(-172,-62,-78)
(-157,-69,-71)
(-153,-75,-59)
(-150,-76,-52)
(-130,-86,-50)
(-138,-78,-54)
(-160,-78,-72)
(-164,-66,-76)
(-184,-40,-98)
(-208,-2,-112)
(-223,15,-123)
(-226,36,-136)
(-231,43,-135)
(-219,31,-149)
(-214,28,-152)
(-211,21,-151)
(-216,20,-150)
(-210,32,-168)
(-221,35,-159)
(-217,55,-171)
(-214,78,-174)
(-214,100,-186)
(-214,142,-180)
(-221,167,-175)
(-224,186,-142)
(-223,197,-133)
(-215,209,-119)
(-221,205,-125)
(-228,188,-140)
(-226,162,-150)
(-229,153,-149)
(-233,123,-141)
(-230,106,-144)
(-230,80,-134)
(-224,54,-136)
(-222,26,-128)
(-215,5,-117)
(-205,-13,-107)
(-199,-31,-93)
(-183,-49,-93)
(-172,-58,-76)
(-166,-68,-86)
(-164,-72,-74)
(-159,-75,-67)
(-162,-74,-60)
(-159,-73,-53)
(-155,-69,-35)
(-163,-71,-23)
(-167,-63,-31)
(-166,-60,-30)
(-163,-65,-37)
(-171,-59,-73)
(-179,-55,-93)
(-193,-21,-129)
(-198,38,-176)
(-204,72,-202)
(-207,129,-211)
(-209,175,-195)
(-188,212,-188)
(-188,226,-188)
(-155,267,-193)
(-131,303,-171)
(-115,325,-107)
(-120,326,-72)
(-116,328,-32)
(-66,342,-48)
(-19,361,-91)
(47,343,-147)
(111,307,-171)
(123,293,-175)
(160,260,-194)
(192,218,-194)
(204,164,-190)
(221,135,-195)
(216,86,-180)
(233,39,-153)
(228,26,-140)
(209,-3,-141)
(220,4,-134)
(221,-5,-117)
(223,-9,-97)
(222,-10,-88)
(226,-10,-56)
(225,1,-31)
(227,11,-11)
(234,18,4)
(228,22,20)
(219,19,39)
(218,40,60)
(207,35,61)
(208,42,60)
(203,43,55)
(212,52,68)
(221,63,49)
(230,82,30)
(238,94,2)
(249,123,-11)
(244,142,-34)
(243,167,-53)
(237,175,-75)
(229,185,-91)
(221,199,-97)
(230,190,-86)
(230,192,-106)
(224,196,-98)
(225,199,-93)
(220,200,-94)
(222,206,-92)
(225,205,-83)
(222,200,-76)
(233,185,-63)
(238,170,-66)
(237,157,-83)
(232,162,-96)
(221,169,-125)
(221,195,-123)
(215,209,-121)
(217,221,-117)
(207,219,-105)
(219,217,-93)
(220,202,-96)
(227,181,-101)
(225,163,-123)
(223,163,-145)
(220,178,-146)
(215,193,-141)
(208,220,-134)
(205,229,-121)
(209,217,-111)
(224,196,-104)
(236,172,-110)
(227,157,-137)
(228,154,-146)
(224,182,-158)
(210,192,-154)
(205,211,-151)
(209,219,-141)
(217,205,-129)
(225,181,-133)
(229,157,-143)
(244,126,-158)
(220,120,-176)
(209,113,-195)
(206,116,-212)
(187,135,-219)
(190,160,-216)
(196,196,-200)
(188,216,-182)
(202,212,-180)
(209,205,-169)
(210,180,-174)
(213,167,-181)
(208,150,-196)
(210,130,-200)
(199,105,-219)
(178,100,-244)
(166,110,-258)
(151,145,-273)
(165,183,-251)
(166,202,-234)
(154,216,-220)
(158,246,-212)
(159,259,-189)
(159,273,-171)
(169,267,-171)
(170,264,-164)
(168,256,-168)
(199,237,-175)
(198,220,-182)
(205,197,-191)
(200,166,-202)
(208,140,-218)
(189,115,-237)
(175,111,-249)
(164,106,-270)
(153,119,-279)
(140,140,-286)
(120,156,-284)
(109,185,-291)
(118,204,-270)
(124,248,-244)
(126,266,-220)
(123,281,-193)
(120,310,-166)
(111,321,-151)
(105,331,-123)
(75,341,-111)
(63,345,-89)
(29,359,-79)
(2,368,-80)
(-3,353,-73)
(-15,365,-71)
(-31,365,-61)
(-52,362,-68)
(-65,357,-71)
(-96,344,-86)
(-111,339,-87)
(-116,336,-94)
(-135,321,-99)
(-147,301,-109)
(-163,295,-125)
(-176,270,-130)
(-185,261,-133)
(-200,244,-150)
(-211,229,-147)
(-205,215,-149)
(-210,190,-154)
(-219,167,-171)
(-222,140,-166)
(-228,130,-164)
(-229,93,-139)
(-242,70,-100)
(-228,54,-66)
(-228,42,-36)
(-220,40,-6)
(-198,36,32)
(-180,50,64)
(-170,62,86)
(-164,82,90)
(-170,92,104)
(-173,101,97)
(-175,117,101)
(-161,123,105)
(-139,115,123)
(-134,112,138)
(-121,87,135)
(-120,88,144)
(-121,85,141)
(-98,86,158)
(-101,81,157)
(-99,75,155)
(-100,82,154)
(-128,68,138)
(-149,63,105)
(-174,58,88)
(-183,69,89)
(-172,62,100)
(-161,37,99)
(-158,2,74)
(-171,-7,43)
(-193,-15,-13)
(-210,-12,-52)
(-214,8,-68)
(-227,27,-41)
(-225,57,-1)
(-199,63,49)
(-180,64,78)
(-171,71,97)
(-177,77,83)
(-188,66,74)
(-188,72,68)
(-198,78,62)
(-216,78,44)
(-217,79,31)
(-219,75,23)
(-226,86,0)
(-228,78,4)
(-226,78,-2)
(-229,85,-1)
(-234,80,0)
(-225,87,-3)
(-231,83,-5)
(-224,88,0)
(-234,106,0)
(-235,123,21)
(-217,119,27)
(-214,102,26)
(-228,72,10)
(-231,61,-11)
(-230,56,-26)
(-232,80,-48)
(-239,67,-53)
(-241,75,-61)
(-245,71,-65)
(-237,73,-65)
(-244,80,-66)
(-236,64,-80)
(-243,59,-91)
(-232,54,-118)
(-224,56,-128)
(-223,39,-143)
(-208,54,-178)
(-203,63,-191)
(-204,50,-196)
(-202,62,-198)
(-206,58,-198)
(-212,46,-178)
(-209,53,-183)
(-218,56,-194)
(-216,48,-184)
(-217,47,-165)
(-226,46,-118)
(-242,64,-90)
(-242,82,-48)
(-242,84,-20)
(-229,95,-7)
(-229,97,13)
(-211,103,29)
(-217,111,37)
(-215,107,43)
(-216,102,40)
(-219,101,33)
(-216,108,34)
(-219,97,39)
(-219,107,39)
(-224,110,32)
(-217,105,39)
(-205,115,53)
(-214,106,64)
(-207,111,65)
(-200,116,68)
(-200,114,62)
(-206,112,60)
(-194,112,58)
(-191,107,75)
(-186,118,82)
(-193,125,91)
(-185,143,93)
(-181,151,91)
(-184,154,92)
(-180,156,100)
(-182,154,92)
(-181,151,99)
(-189,149,97)
(-172,162,92)
(-167,167,101)
(-172,152,96)
(-186,142,84)
(-195,127,73)
(-194,130,66)
(-190,146,66)
(-181,161,93)
(-179,157,95)
(-173,129,99)
(-195,97,79)
(-195,73,51)
(-223,61,21)
(-232,78,6)
(-223,85,5)
(-220,120,44)
(-210,140,58)
(-205,143,67)
(-191,121,71)
(-203,99,69)
(-201,77,53)
(-214,72,22)
(-222,90,18)
(-211,119,31)
(-217,111,51)
(-209,93,57)
(-215,97,49)
(-216,112,52)
(-211,115,49)
(-206,124,56)
(-199,133,55)
(-205,153,67)
(-194,164,60)
(-193,181,57)
(-198,180,66)
(-196,188,68)
(-186,194,70)
(-179,201,79)
(-173,189,93)
(-191,165,79)
(-210,136,46)
(-226,132,32)
(-206,164,52)
(-191,179,77)
(-196,170,72)
(-195,149,75)
(-203,133,69)
(-210,128,52)
(-214,136,48)
(-204,146,48)
(-192,170,74)
(-182,172,80)
(-188,170,78)
(-189,173,73)
(-202,150,58)
(-210,124,58)
(-207,109,45)
(-208,84,46)
(-206,68,40)
(-203,47,31)
(-203,25,27)
(-196,26,22)
(-199,27,17)
(-202,34,20)
(-220,54,8)
(-225,55,11)
(-233,85,-15)
(-239,101,-39)
(-239,107,-67)
(-243,117,-83)
(-231,139,-109)
(-225,151,-135)
(-230,170,-134)
(-227,179,-135)
(-223,189,-117)
(-217,191,-113)
(-228,184,-108)
(-228,192,-108)
(-232,166,-108)
(-231,141,-99)
(-234,110,-118)
(-239,85,-125)
(-220,42,-124)
(-227,33,-135)
(-213,21,-137)
(-199,-11,-123)
(-188,-14,-110)
(-190,-20,-118)
(-180,-40,-116)
(-175,-47,-117)
(-172,-50,-116)
(-172,-56,-116)
(-179,-41,-129)
(-180,-30,-128)
(-203,-3,-125)
(-222,50,-140)
(-241,81,-129)
(-231,137,-127)
(-228,168,-132)
(-218,202,-136)
(-208,236,-128)
(-211,235,-123)
(-200,252,-118)
(-195,261,-101)
(-183,275,-97)
(-178,282,-92)
(-175,297,-93)
(-166,288,-88)
(-164,300,-86)
(-162,302,-88)
(-148,314,-88)
(-126,334,-74)
(-112,332,-56)
(-102,340,-64)
(-98,340,-54)
(-106,328,-34)
(-152,314,-32)
(-187,273,-35)
(-198,260,-34)
(-230,156,-6)
(-231,91,-11)
(-208,28,2)
(-194,-14,-16)
(-172,-52,-36)
(-146,-82,-62)
(-124,-98,-92)
(-109,-109,-99)
(-105,-103,-121)
(-89,-107,-137)
(-81,-113,-131)
(-56,-132,-100)
(-56,-140,-80)
(-33,-139,-35)
(-52,-128,-2)
(-78,-114,-22)
(-122,-100,-54)
(-133,-87,-65)
(-168,-52,-62)
(-206,-4,-82)
(-220,18,-90)
(-235,95,-109)
(-227,157,-129)
(-205,231,-157)
(-158,278,-168)
(-92,312,-186)
(7,333,-197)
(84,310,-196)
(147,273,-187)
(185,215,-163)
(221,179,-145)
(241,135,-117)
(252,96,-100)
(254,66,-80)
(236,44,-52)
(236,26,-74)
(245,33,-95)
(226,72,-156)
(213,129,-215)
(187,181,-219)
(165,225,-223)
(144,260,-206)
(141,293,-195)
(113,315,-149)
(86,338,-116)
(73,349,-75)
(52,346,-40)
(34,352,-8)
(13,349,15)
(-10,336,24)
(-32,340,26)
(-43,329,33)
(-68,322,38)
(-60,320,38)
(-48,330,40)
(-61,333,39)
(-50,332,40)
(-61,335,43)
(-59,323,47)
(-58,330,42)
(-34,346,6)
(-15,353,-3)
(-7,365,-23)
(-1,359,-57)
(35,361,-85)
(53,355,-97)
(63,353,-87)
(59,353,-65)
(38,358,-32)
(13,359,-7)
(-49,337,11)
(-68,346,10)
(-76,340,-4)
(-92,326,-2)
(-98,332,-6)
(-108,334,-16)
(-101,341,-23)
(-106,334,-20)
(-95,333,-9)
(-85,331,1)
(-83,327,19)
(-90,294,76)
(-96,240,108)
(-111,179,131)
(-104,128,148)
(-103,65,147)
(-89,7,127)
(-55,-37,125)
(-44,-44,118)
(-9,-53,119)
(-7,-41,135)
(-9,11,161)
(12,60,178)
(16,100,192)
(14,102,190)
(6,56,180)
(13,1,149)
(22,-32,126)
(4,-40,116)
(9,-41,125)
(16,-48,126)
(8,-44,118)
(15,-47,115)
(32,-54,116)
(19,-53,105)
(20,-62,102)
(24,-84,84)
(15,-87,69)
(8,-104,62)
(2,-96,64)
(-23,-105,43)
(-34,-114,30)
(-69,-103,15)
(-74,-102,-4)
(-88,-100,-16)
(-117,-97,-25)
(-126,-88,-36)
(-136,-80,-42)
(-148,-74,-54)
(-157,-73,-71)
(-158,-62,-66)
(-163,-59,-85)
(-179,-51,-89)
(-192,-38,-96)
(-199,-31,-99)
(-194,-16,-112)
(-210,0,-126)
(-212,8,-122)
(-209,17,-145)
(-206,16,-174)
(-195,7,-193)
(-169,-11,-199)
(-167,-25,-203)
(-161,-49,-191)
(-133,-55,-201)
(-136,-74,-178)
(-114,-80,-164)
(-96,-92,-168)
(-86,-108,-150)
(-73,-109,-147)
(-75,-123,-139)
(-78,-114,-132)
(-75,-119,-117)
(-90,-120,-102)
(-107,-115,-79)
(-113,-117,-61)
(-124,-92,-58)
(-160,-74,-54)
(-172,-64,-50)
(-180,-56,-58)
(-196,-30,-72)
(-212,0,-78)
(-217,21,-81)
(-235,43,-77)
(-235,73,-79)
(-250,96,-50)
(-244,98,-52)
(-237,131,-31)
(-225,179,-27)
(-204,202,-14)
(-187,249,-15)
(-160,280,-4)
(-132,290,20)
(-109,285,41)
(-105,289,55)
(-111,269,75)
(-127,239,85)
(-136,200,94)
(-162,168,96)
(-171,163,87)
(-179,121,79)
(-208,74,38)
(-210,66,18)
(-209,47,-7)
(-219,29,-15)
(-208,2,-38)
(-196,-18,-64)
(-186,-34,-64)
(-181,-33,-81)
(-175,-39,-87)
(-191,-29,-83)
(-200,-20,-80)
(-207,-13,-71)
(-222,30,-56)
(-223,57,-19)
(-220,70,8)
(-208,72,24)
(-203,69,27)
(-184,66,58)
(-184,52,68)
(-174,52,66)
(-162,18,60)
(-155,-1,69)
(-138,-4,76)
(-119,-29,79)
(-119,-29,79)
(-121,-21,87)
(-113,-23,91)
(-112,-20,92)
(-113,-25,89)
(-114,-22,86)
(-121,-19,81)
(-129,-33,77)
(-148,-26,56)
(-150,-32,48)
(-163,-27,43)
(-171,-17,17)
(-191,-9,-1)
(-195,-5,-19)
(-203,-5,-27)
(-199,-13,-45)
(-210,-8,-52)
(-204,-10,-66)
(-194,-14,-82)
(-191,-35,-99)
(-176,-46,-112)
(-161,-53,-131)
(-164,-48,-128)
(-151,-69,-119)
(-150,-74,-120)
(-150,-72,-122)
(-152,-70,-116)
(-148,-66,-120)
(-144,-76,-116)
(-149,-75,-111)
(-148,-74,-110)
(-141,-69,-105)
(-145,-79,-109)
(-147,-73,-109)
(-147,-79,-117)
(-168,-48,-124)
(-191,-29,-107)
(-197,-21,-105)
(-206,-4,-92)
(-213,11,-67)
(-208,-2,-56)
(-208,8,-34)
(-200,0,-34)
(-202,4,-20)
(-206,4,-12)
(-199,-1,-3)
(-193,7,9)
(-191,19,21)
(-191,19,39)
(-184,30,40)
(-187,31,33)
(-192,36,42)
(-193,37,37)
(-200,36,46)
(-184,46,52)
(-189,57,51)
(-191,59,53)
(-196,72,52)
(-192,96,54)
(-193,123,61)
(-192,142,74)
(-182,158,72)
(-176,164,70)
(-169,181,89)
(-160,178,90)
(-170,186,84)
(-151,183,105)
(-142,184,112)
(-111,197,131)
(-104,204,118)
(-100,196,134)
(-97,207,131)
(-72,208,140)
(-67,213,133)
(-75,209,145)
(-63,213,129)
(-65,217,145)
(-52,210,138)
(-48,202,146)
(-40,202,152)
(-20,198,150)
(-6,214,146)
(13,211,135)
(23,233,129)
(1,259,121)
(-24,264,118)
(-54,248,122)
(-80,186,132)
(-98,164,144)
(-91,145,147)
(-86,150,148)
(-80,178,154)
(-73,173,145)
(-52,210,142)
(-41,227,133)
(-13,257,121)
(-24,264,112)
(-44,260,112)
(-63,223,135)
(-85,197,147)
(-93,179,153)
(-80,186,148)
(-76,182,146)
(-60,186,148)
(-38,186,152)
(-30,184,152)
(-1,175,159)
(6,164,158)
(28,154,170)
(22,156,162)
(45,151,165)
(54,150,164)
(66,154,162)
(64,154,168)
(66,164,162)
(68,160,168)
(68,182,152)
(76,192,146)
(83,217,125)
(94,242,106)
(105,229,101)
(119,241,109)
(120,248,102)
(115,233,95)
(108,250,106)
(82,234,124)
(49,225,139)
(39,193,155)
(21,151,167)
(20,126,184)
(12,98,176)
(4,72,174)
(0,64,172)
(-10,38,174)
(-9,23,163)
(-10,14,158)
(-5,9,155)
(-14,4,156)
(-11,-1,157)
(-15,11,163)
(-3,25,161)
(-5,37,165)
(-1,61,175)
(3,79,175)
(1,99,177)
(14,102,184)
(8,110,180)
(4,98,182)
(-13,87,179)
(-20,66,182)
(-24,36,164)
(-31,17,165)
(-33,13,153)
(-34,8,154)
(-38,18,154)
(-29,29,163)
(-32,66,176)
(-18,68,176)
(-34,50,168)
(-36,38,162)
(-36,38,162)
(-33,55,169)
(-30,84,178)
(-24,112,176)
(-27,117,185)
(-26,84,178)
(-33,59,173)
(-33,71,181)
(-38,74,172)
(-24,78,176)
(-20,88,184)
(-21,103,181)
(-27,125,177)
(-11,119,185)
(-23,113,173)
(-12,96,180)
(-14,102,176)
(-9,99,189)
(-3,123,177)
(2,124,172)
(18,138,176)
(20,150,166)
(22,148,168)
(23,161,165)
(30,156,178)
(38,164,164)
(42,160,168)
(28,160,172)
(10,156,170)
(-2,156,172)
(-16,152,170)
(-18,142,182)
(-38,138,162)
(-47,147,169)
(-63,159,169)
(-77,155,161)
(-73,151,155)
(-93,159,157)
(-85,157,157)
(-95,167,149)
(-101,161,151)
(-108,160,140)
(-123,157,147)
(-122,160,136)
(-127,157,135)
(-132,150,142)
(-132,156,138)
(-137,149,135)
(-144,154,126)
(-137,155,131)
(-139,155,127)
(-145,163,127)
(-141,151,127)
(-151,131,123)
(-142,146,128)
(-137,157,123)
(-141,171,131)
(-127,183,131)
(-131,161,135)
(-139,129,129)
(-147,103,113)
(-141,109,123)
(-143,139,125)
(-138,156,124)
(-134,170,132)
(-118,190,126)
(-124,182,132)
(-139,157,133)
(-142,136,132)
(-149,105,127)
(-150,110,112)
(-157,107,119)
(-140,146,122)
(-131,169,133)
(-117,197,121)
(-123,201,123)
(-129,177,117)
(-136,152,130)
(-150,140,128)
(-140,136,132)
(-135,147,125)
(-141,149,129)
(-131,169,127)
(-126,188,136)
(-120,206,126)
(-110,222,116)
(-100,230,108)
(-100,236,102)
(-102,242,110)
(-98,238,102)
(-92,254,102)
(-84,272,94)
(-86,276,86)
(-88,272,84)
(-90,276,82)
(-84,294,66)
(-72,296,66)
(-67,289,71)
(-77,299,63)
(-92,278,82)
(-98,258,100)
(-109,229,119)
(-113,211,127)
(-110,196,126)
(-120,174,132)
(-119,167,131)
(-126,148,142)
(-120,144,146)
(-117,121,141)
(-121,117,143)
(-128,118,146)
(-122,126,140)
(-120,120,144)
(-113,105,139)
(-122,96,138)
(-112,110,146)
(-108,94,140)
(-107,99,137)
(-132,116,148)
(-109,121,155)
(-113,111,147)
(-112,92,140)
(-117,89,131)
(-114,102,150)
(-122,126,146)
(-117,137,147)
(-118,122,146)
(-101,83,145)
(-116,72,138)
(-114,74,134)
(-132,92,138)
(-125,127,137)
(-122,144,134)
(-109,161,143)
(-113,151,141)
(-115,139,141)
(-123,123,137)
(-117,101,141)
(-121,73,143)
(-122,52,126)
(-131,33,115)
(-127,19,113)
(-135,33,111)
(-145,59,109)
(-152,80,116)
(-150,90,128)
(-155,119,121)
(-139,145,125)
(-136,166,134)
(-131,169,123)
(-114,188,128)
(-123,183,139)
(-136,166,132)
(-138,150,128)
(-137,123,129)
(-142,74,124)
(-130,44,114)
(-140,20,102)
(-117,-3,91)
(-132,-22,74)
(-132,-40,64)
(-137,-31,53)
(-148,-42,42)
(-163,-33,27)
(-180,-12,22)
(-198,0,18)
(-207,11,9)
(-226,28,-6)
(-226,48,-40)
(-232,54,-52)
(-233,45,-73)
(-229,39,-95)
(-220,30,-108)
(-218,12,-122)
(-207,11,-147)
(-194,-8,-150)
(-199,-15,-147)
(-180,-32,-156)
(-171,-49,-153)
(-155,-71,-161)
(-142,-78,-146)
(-128,-86,-136)
(-115,-89,-129)
(-113,-97,-119)
(-100,-110,-122)
(-106,-108,-126)
(-82,-116,-132)
(-72,-120,-124)
(-74,-124,-126)
(-76,-124,-122)
(-71,-119,-127)
(-67,-119,-127)
(-79,-121,-135)
(-107,-99,-147)
(-111,-89,-147)
(-126,-78,-156)
(-106,-88,-152)
(-91,-115,-137)
(-77,-117,-127)
(-69,-115,-125)
(-51,-139,-91)
(-8,-138,-72)
(17,-143,-85)
(55,-129,-139)
(91,-103,-195)
(104,-62,-238)
(101,-57,-237)
(119,-49,-247)
(131,-35,-243)
(145,-27,-241)
(150,-24,-244)
(138,-20,-244)
(128,-22,-258)
(83,-59,-255)
(31,-91,-217)
(-73,-115,-171)
(-141,-77,-139)
(-192,-26,-144)
(-217,39,-151)
(-229,103,-163)
(-219,121,-169)
(-209,133,-197)
(-172,148,-246)
(-147,121,-271)
(-120,74,-292)
(-112,38,-286)
(-74,38,-306)
(11,61,-331)
(99,67,-307)
(156,58,-278)
(202,50,-232)
(226,42,-180)
(241,31,-141)
(245,21,-123)
(249,19,-99)
(239,5,-71)
(234,-14,-28)
(226,-22,0)
(205,-21,23)
(196,-26,40)
(186,-36,64)
(167,-43,77)
(167,-43,73)
(187,-39,37)
(211,-35,-15)
(236,-2,-68)
(232,-4,-142)
(199,1,-203)
(146,22,-256)
(89,27,-297)
(34,38,-320)
(-19,45,-325)
(-82,46,-306)
(-126,34,-290)
(-143,19,-267)
(-145,5,-249)
(-142,-8,-238)
(-150,-12,-230)
(-154,-8,-228)
(-151,-9,-231)
(-144,-14,-224)
(-147,-15,-223)
(-143,-11,-227)
(-152,-16,-222)
(-153,-11,-229)
(-154,-12,-220)
(-155,-33,-209)
(-155,-39,-205)
(-148,-60,-160)
(-142,-82,-142)
(-137,-81,-127)
(-127,-101,-103)
(-126,-98,-96)
(-118,-102,-96)
(-119,-103,-95)
(-120,-102,-88)
(-117,-107,-93)
(-119,-105,-93)
(-113,-101,-79)
(-117,-107,-75)
(-90,-114,-52)
(-82,-110,-2)
(-56,-116,18)
(-45,-115,35)
(-45,-107,41)
(-22,-120,44)
(-24,-104,56)
(-24,-118,46)
(-12,-112,50)
(-16,-116,44)
(-8,-114,52)
(10,-108,50)
(17,-107,57)
(1,-105,51)
(-18,-124,34)
(-55,-125,-33)
(-100,-114,-72)
(-119,-97,-119)
(-126,-88,-146)
(-142,-58,-190)
(-133,-33,-225)
(-118,-16,-246)
(-116,8,-266)
(-102,22,-290)
(-95,45,-305)
(-79,67,-323)
(-60,100,-330)
(-35,115,-337)
(-16,122,-338)
(1,143,-329)
(19,153,-325)
(50,168,-320)
(52,166,-320)
(75,177,-319)
(90,180,-312)
(109,191,-287)
(123,195,-279)
(134,198,-280)
(123,197,-283)
(118,190,-282)
(108,190,-298)
(83,171,-315)
(41,137,-329)
(12,112,-340)
(-10,102,-334)
(-13,87,-333)
(-25,81,-325)
(-39,61,-321)
(-50,62,-318)
(-52,50,-320)
(-49,55,-321)
(-54,46,-312)
(-63,33,-307)
(-70,30,-306)
(-71,17,-303)
(-78,18,-300)
(-82,10,-298)
(-95,17,-293)
(-46,92,-332)
(3,91,-341)
(-1,57,-331)
(-37,29,-321)
(-80,6,-292)
(-102,28,-288)
(-109,71,-305)
(-71,97,-325)
(-29,93,-339)
(-4,78,-336)
(0,40,-320)
(-55,21,-307)
(-111,9,-281)
(-147,29,-257)
(-160,48,-258)
(-173,33,-237)
(-179,7,-215)
(-183,7,-193)
(-185,-9,-169)
(-197,-11,-151)
(-189,-31,-135)
(-167,-45,-127)
(-172,-48,-124)
(-177,-45,-107)
(-185,-45,-89)
(-196,-26,-74)
(-217,5,-47)
(-236,58,-46)
(-243,133,-39)
(-229,203,-51)
(-187,275,-59)
(-131,323,-53)
(-79,355,-53)
(-12,364,-64)
(29,363,-73)
(74,348,-78)
(80,350,-92)
(102,342,-104)
(111,337,-133)
(128,304,-176)
(147,265,-205)
(147,259,-231)
(127,263,-237)
(83,295,-221)
(33,329,-207)
(-6,346,-186)
(-68,344,-158)
(-118,324,-124)
(-162,302,-92)
(-184,268,-62)
(-210,234,-36)
(-217,183,7)
(-214,136,20)
(-211,115,23)
(-201,77,35)
(-184,36,30)
(-158,-10,26)
(-150,-28,36)
(-103,-83,21)
(-64,-96,26)
(-32,-106,36)
(-3,-111,29)
(16,-112,30)
(-13,-109,19)
(-91,-95,15)
(-176,-34,-16)
(-232,80,-18)
(-225,189,-55)
(-195,261,-119)
(-182,278,-132)
(-79,281,-243)
(30,226,-304)
(116,136,-302)
(154,56,-266)
(197,-7,-189)
(207,-37,-103)
(211,-37,-27)
(196,-44,38)
(156,-46,68)
(108,-70,96)
(74,-80,106)
(38,-84,112)
(18,-90,98)
(30,-116,56)
(39,-131,17)
(70,-140,-26)
(62,-134,-56)
(55,-151,-41)
(51,-139,1)
(157,-71,41)
(215,-25,-11)
(235,-7,-99)
(198,2,-186)
(144,-2,-250)
(97,-9,-285)
(22,0,-300)
(-43,-9,-291)
(-102,-32,-258)
(-124,-58,-188)
(-132,-92,-120)
(-100,-112,-72)
(-62,-124,-32)
(-38,-132,-14)
(-43,-137,-25)
(-84,-124,-62)
(-145,-73,-115)
(-169,1,-215)
(-110,76,-306)
(24,104,-332)
(128,70,-288)
(197,11,-215)
(189,-43,-161)
(194,-56,-142)
(137,-111,-107)
(113,-123,-117)
(86,-136,-144)
(63,-107,-197)
(48,-80,-252)
(60,-48,-280)
(68,-28,-284)
(80,-26,-292)
(85,-21,-283)
(84,-18,-290)
(78,-22,-288)
(44,-14,-294)
(2,-22,-296)
(-40,-26,-288)
(-93,-19,-277)
(-105,1,-283)
(-104,-10,-264)
(-90,-42,-244)
(-71,-97,-189)
(-52,-124,-134)
(-15,-139,-87)
(32,-144,-52)
(24,-140,-68)
(-5,-147,-109)
(-42,-118,-160)
(-45,-105,-189)
(-37,-85,-221)
(-20,-48,-278)
(1,-27,-291)
(12,-30,-282)
(-5,-67,-263)
(-1,-109,-201)
(38,-130,-156)
(63,-135,-119)
(80,-134,-110)
(102,-128,-82)
(124,-116,-86)
(122,-112,-116)
(100,-94,-176)
(53,-57,-263)
(-27,-21,-295)
(-101,-11,-275)
(-159,-17,-217)
(-174,-36,-144)
(-171,-63,-71)
(-134,-80,-38)
(-113,-93,-9)
(-88,-98,20)
(-47,-119,27)
(-47,-123,21)
(-38,-124,18)
(-34,-124,8)
(-39,-131,11)
(-53,-125,7)
(-61,-127,1)
(-60,-122,8)
(-89,-109,-1)
(-144,-76,-30)
(-198,-18,-86)
(-226,48,-150)
(-191,99,-223)
(-121,129,-295)
(-49,143,-331)
(57,137,-327)
(140,110,-282)
(201,79,-219)
(225,45,-171)
(235,27,-141)
(241,19,-115)
(234,14,-120)
(244,14,-102)
(244,24,-116)
(241,25,-115)
(237,19,-113)
(239,25,-109)
(234,30,-118)
(244,30,-116)
(235,31,-129)
(247,29,-127)
(235,21,-133)
(240,20,-148)
(232,30,-144)
(229,17,-147)
(229,17,-147)
(234,32,-160)
(224,40,-182)
(206,36,-204)
(204,36,-194)
(205,35,-211)
(206,40,-214)
(191,39,-215)
(183,41,-237)
(184,48,-238)
(178,40,-252)
(180,36,-232)
(195,37,-231)
(202,28,-228)
(190,42,-224)
(191,25,-219)
(205,23,-195)
(201,-1,-175)
(206,-18,-166)
(208,-36,-136)
(193,-59,-111)
(182,-74,-98)
(171,-95,-93)
(161,-101,-89)
(138,-112,-88)
(119,-123,-95)
(106,-128,-128)
(100,-110,-166)
(104,-108,-180)
(105,-83,-203)
(101,-89,-201)
(97,-85,-213)
(82,-76,-220)
(86,-74,-232)
(72,-70,-234)
(71,-61,-237)
(70,-68,-252)
(46,-68,-252)
(9,-71,-257)
(-35,-67,-245)
(-71,-75,-235)
(-93,-67,-223)
(-88,-66,-230)
(-63,-63,-251)
(-13,-45,-273)
(22,-60,-274)
(42,-84,-242)
(40,-116,-204)
(5,-121,-159)
(-19,-129,-149)
(-43,-129,-157)
(-34,-106,-194)
(-54,-52,-268)
(-113,-1,-275)
(-161,63,-273)
(-189,109,-249)
(-204,158,-222)
(-208,178,-202)
(-218,184,-170)
(-233,183,-145)
(-237,179,-121)
(-231,177,-103)
(-234,184,-92)
(-228,186,-112)
(-216,198,-164)
(-208,192,-202)
(-167,145,-255)
(-117,89,-293)
(-70,26,-296)
(-30,-18,-290)
(-4,-60,-276)
(32,-74,-244)
(58,-80,-240)
(88,-52,-258)
(107,-1,-281)
(112,72,-306)
(127,161,-297)
(120,220,-270)
(107,271,-235)
(75,327,-185)
(39,345,-135)
(34,362,-92)
(14,358,-48)
(22,358,-10)
(15,347,37)
(33,335,59)
(15,317,81)
(21,297,105)
(30,284,112)
(39,267,133)
(47,243,147)
(51,237,145)
(40,250,146)
(41,261,131)
(30,290,112)
(41,299,97)
(34,280,120)
(6,274,122)
(-14,266,132)
(-46,256,126)
(-54,254,124)
(-81,235,129)
(-103,221,125)
(-121,217,113)
(-134,212,106)
(-150,206,100)
(-158,208,90)
(-173,203,87)
(-177,207,61)
(-198,190,48)
(-199,175,33)
(-221,155,25)
(-227,141,23)
(-221,141,29)
(-228,156,38)
(-211,169,41)
(-209,187,49)
(-164,228,78)
(-137,235,101)
(-135,239,109)
(-126,228,128)
(-141,227,115)
(-167,209,91)
(-187,193,69)
(-215,169,53)
(-236,122,14)
(-231,49,-45)
(-207,-3,-95)
(-176,-38,-116)
(-148,-72,-136)
(-121,-81,-159)
(-118,-58,-196)
(-95,-49,-231)
(-67,-51,-247)
(-48,-82,-226)
(-64,-108,-162)
(-87,-113,-129)
(-111,-107,-119)
(-92,-104,-148)
(-84,-70,-210)
(-61,-37,-257)
(-9,-19,-287)
(52,-24,-282)
(95,-35,-255)
(108,-58,-226)
(115,-73,-197)
(125,-95,-171)
(149,-97,-151)
(172,-70,-148)
(202,-18,-182)
(192,62,-220)
(183,121,-249)
(170,180,-252)
(151,219,-249)
(140,260,-222)
(115,305,-189)
(83,339,-135)
(47,365,-97)
(-8,358,-60)
(-54,362,-48)
(-107,339,-39)
(-146,326,-70)
(-196,276,-96)
(-227,203,-113)
(-226,128,-140)
(-220,50,-132)
(-209,7,-125)
(-177,-47,-111)
(-157,-69,-105)
(-129,-91,-127)
(-83,-109,-163)
(-3,-103,-177)
(63,-115,-183)
(101,-95,-183)
(130,-72,-178)
(173,-55,-161)
(197,-9,-177)
(211,39,-187)
(215,97,-183)
(218,156,-190)
(196,212,-190)
(174,262,-174)
(121,315,-153)
(73,345,-133)
(18,364,-114)
(-31,351,-103)
(-73,351,-97)
(-123,327,-99)
(-193,271,-109)
(-235,183,-113)
(-239,97,-89)
(-227,49,-71)
(-215,7,-59)
(-197,-17,-37)
(-168,-42,-10)
(-136,-62,4)
(-110,-88,0)
(-90,-90,20)
(-79,-101,25)
(-69,-101,9)
(-79,-109,5)
(-79,-107,-5)
(-106,-96,-10)
(-135,-79,-23)
(-166,-50,-36)
(-187,-33,-43)
(-194,-26,-50)
(-222,36,-86)
(-244,110,-94)
(-222,192,-114)
(-193,257,-123)
(-158,298,-122)
(-75,347,-117)
(10,354,-128)
(80,344,-146)
(148,292,-160)
(182,234,-178)
(210,184,-172)
(229,133,-159)
(244,76,-120)
(247,41,-95)
(240,18,-82)
(236,8,-56)
(229,-13,-35)
(228,-20,-48)
(215,-37,-83)
(191,-55,-131)
(163,-65,-163)
(126,-74,-194)
(82,-68,-220)
(39,-83,-233)
(-5,-77,-233)
(-58,-76,-224)
(-95,-75,-199)
(-143,-73,-165)
(-163,-53,-131)
(-183,-45,-93)
(-195,-33,-69)
(-201,-23,-57)
(-193,-27,-39)
(-192,-26,-30)
(-181,-45,-17)
(-164,-48,-12)
(-163,-49,-27)
(-167,-51,-35)
(-170,-48,-46)
(-172,-54,-68)
(-172,-52,-86)
(-171,-57,-95)
(-173,-53,-91)
(-149,-67,-113)
(-139,-95,-105)
(-116,-100,-104)
(-91,-117,-89)
(-70,-130,-84)
(-50,-126,-102)
(-30,-140,-112)
(6,-156,-110)
(34,-128,-136)
(36,-130,-144)
(38,-130,-144)
(33,-129,-145)
(11,-139,-129)
(-21,-135,-111)
(-80,-116,-106)
(-128,-96,-106)
(-180,-46,-114)
(-224,6,-116)
(-237,83,-125)
(-236,154,-138)
(-205,211,-133)
(-180,274,-136)
(-136,314,-130)
(-76,346,-120)
(-13,355,-129)
(65,341,-141)
(144,294,-164)
(188,238,-170)
(206,176,-190)
(204,152,-210)
(194,132,-220)
(190,148,-228)
(193,187,-209)
(184,234,-190)
(169,257,-177)
(166,272,-166)
(155,291,-157)
(151,299,-141)
(134,308,-124)
(120,318,-112)
(101,341,-81)
(77,351,-67)
(52,362,-54)
(22,352,-52)
(-15,365,-43)
(-31,359,-41)
(-49,363,-69)
(-36,360,-100)
(-4,356,-142)
(55,333,-175)
(94,308,-200)
(82,312,-196)
(63,331,-177)
(43,353,-137)
(-2,354,-104)
(-45,357,-81)
(-74,350,-80)
(-83,351,-99)
(-43,345,-149)
(-4,340,-184)
(68,316,-202)
(57,313,-213)
(32,324,-188)
(-6,346,-152)
(-41,355,-93)
(-49,353,-53)
(-38,352,-38)
(-29,367,-35)
(-12,358,-40)
(1,367,-33)
(22,354,-26)
(35,349,7)
(21,339,25)
(11,333,67)
(4,306,100)
(13,281,113)
(20,276,124)
(16,254,142)
(12,226,154)
(-23,191,175)
(-56,156,176)
(-61,161,179)
(-88,156,170)
(-102,142,154)
(-122,118,144)
(-144,86,136)
(-160,52,98)
(-167,21,79)
(-167,-15,47)
(-159,-41,15)
(-150,-66,-10)
(-120,-98,-22)
(-86,-120,-32)
(-61,-139,-31)
(-29,-143,-15)
(-18,-140,-18)
(-20,-144,-28)
(-56,-128,-52)
(-128,-100,-58)
(-192,-38,-60)
(-224,18,-84)
(-245,97,-105)
(-240,156,-144)
(-205,221,-171)
(-162,268,-182)
(-115,307,-179)
(-93,327,-185)
(-72,322,-192)
(-52,336,-176)
(5,351,-169)
(88,344,-140)
(152,296,-126)
(212,218,-150)
(223,161,-181)
(212,120,-208)
(178,74,-262)
(127,73,-291)
(60,70,-320)
(-3,95,-335)
(-19,113,-335)
(-32,116,-336)
(-43,107,-327)
(-48,110,-324)
(-71,109,-329)
(-101,103,-315)
(-112,128,-310)
(-114,148,-300)
(-117,135,-315)
(-134,108,-294)
(-153,89,-277)
(-151,39,-263)
(-136,-32,-242)
(-101,-103,-183)
(-55,-129,-117)
(-8,-150,-50)
(22,-136,2)
(64,-124,32)
(95,-113,45)
(118,-92,58)
(129,-81,67)
(147,-67,69)
(138,-64,86)
(77,-91,77)
(27,-119,23)
(-6,-142,-40)
(-21,-141,-107)
(-3,-117,-173)
(15,-97,-221)
(52,-58,-256)
(90,-24,-278)
(120,24,-280)
(122,86,-294)
(113,115,-301)
(88,108,-314)
(32,54,-328)
(-23,-13,-297)
(-65,-57,-253)
(-79,-95,-189)
(-77,-125,-129)
(-69,-137,-61)
(-66,-132,-24)
(-65,-131,3)
(-67,-119,15)
(-89,-117,-7)
(-133,-99,-101)
(-150,-50,-196)
(-141,37,-273)
(-101,103,-317)
(-23,173,-329)
(54,236,-288)
(135,255,-225)
(160,264,-186)
(168,272,-160)
(178,274,-166)
(140,284,-170)
(68,310,-216)
(-7,323,-221)
(-92,314,-202)
(-179,281,-157)
(-217,231,-79)
(-231,193,-5)
(-223,165,25)
(-205,149,63)
(-191,133,91)
(-148,140,142)
(-90,130,170)
(-60,126,174)
(-67,123,175)
(-99,103,159)
(-136,88,138)
(-193,85,87)
(-220,118,40)
(-240,150,-8)
(-223,207,-65)
(-182,278,-100)
(-135,319,-119)
(-85,335,-127)
(-28,346,-146)
(-14,360,-144)
(-37,355,-135)
(-88,342,-128)
(-140,322,-100)
(-197,279,-67)
(-206,236,-26)
(-211,183,45)
(-183,141,101)
(-146,104,136)
(-101,105,163)
(-60,110,182)
(-22,140,190)
(14,150,198)
(32,154,190)
(21,121,203)
(-35,75,193)
(-102,34,146)
(-175,23,65)
(-231,41,-17)
(-238,48,-84)
(-227,43,-129)
(-197,7,-175)
(-171,-19,-191)
(-200,-16,-140)
(-238,54,-96)
(-238,178,-112)
(-214,242,-136)
(-151,293,-175)
(-72,312,-226)
(-29,287,-257)
(9,231,-299)
(29,147,-331)
(17,115,-327)
(4,98,-336)
(-21,77,-333)
(-60,90,-324)
(-95,107,-313)
(-143,65,-283)
(-162,-2,-220)
(-153,-73,-131)
(-94,-116,-40)
(-17,-113,63)
(64,-62,114)
(132,-14,128)
(175,17,105)
(178,36,114)
(169,37,131)
(104,-16,150)
(17,-99,89)
(-45,-137,-25)
(-81,-119,-129)
(-93,-59,-231)
(-47,-9,-295)
(-22,52,-334)
(-25,125,-337)
(-38,184,-330)
(-26,224,-310)
(-21,255,-289)
(-18,300,-248)
(0,322,-212)
(0,350,-152)
(-20,366,-92)
(-80,350,-38)
(-136,322,-18)
(-190,264,-30)
(-225,219,-47)
(-238,136,-72)
(-240,48,-100)
(-198,-28,-118)
(-156,-58,-148)
(-133,-77,-141)
(-135,-85,-155)
(-142,-68,-176)
(-161,-11,-203)
(-201,67,-207)
(-218,140,-196)
(-200,224,-190)
(-150,292,-170)
(-79,339,-133)
(3,359,-135)
(74,328,-152)
(108,304,-186)
(133,265,-219)
(111,287,-231)
(47,335,-179)
(-14,358,-94)
(-90,348,-40)
(-152,316,-60)
(-171,301,-111)
(-135,295,-177)
(-82,318,-204)
(-67,329,-177)
(-102,346,-116)
(-141,319,-57)
(-192,274,-44)
(-226,190,-46)
(-243,135,-65)
