(229,177,63)
(224,176,60)
(231,179,73)
(221,175,63)
(234,174,68)
(234,190,74)
(220,188,66)
(226,178,66)
(226,180,68)
(227,175,73)
(232,178,70)
(217,185,67)
(230,182,66)
(228,180,66)
(225,177,69)
(223,181,73)
(225,175,71)
(226,186,70)
(219,175,67)
(228,180,66)
(227,177,63)
(223,189,67)
(224,186,76)
(225,181,69)
(217,183,63)
(235,189,73)
(234,190,66)
(228,198,64)
(234,210,66)
(238,210,58)
(242,220,50)
(237,229,51)
(235,243,51)
(231,251,51)
(233,257,51)
(217,245,51)
(219,231,61)
(211,213,61)
(216,200,70)
(212,178,70)
(205,157,73)
(203,143,77)
(200,116,72)
(184,104,68)
(170,82,68)
(156,74,62)
(145,63,67)
(115,63,55)
(82,50,42)
(56,46,36)
(29,49,11)
(-2,40,-8)
(-37,47,-55)
(-64,50,-84)
(-85,79,-139)
(-99,111,-167)
(-99,125,-195)
(-92,132,-212)
(-90,140,-234)
(-91,145,-241)
(-89,157,-255)
(-94,152,-250)
(-88,160,-248)
(-84,144,-246)
(-92,144,-248)
(-87,147,-257)
(-86,144,-254)
(-91,139,-255)
(-93,131,-231)
(-97,163,-195)
(-106,192,-178)
(-99,197,-157)
(-94,214,-146)
(-89,193,-117)
(-98,172,-128)
(-88,122,-108)
(-87,97,-105)
(-78,74,-86)
(-55,41,-81)
(-49,21,-79)
(-43,25,-79)
(-49,17,-83)
(-39,23,-73)
(-38,16,-74)
(-43,29,-73)
(-41,21,-75)
(-36,14,-76)
(-32,14,-62)
(-45,17,-67)
(-46,34,-74)
(-49,27,-73)
(-47,37,-69)
(-51,35,-57)
(-49,31,-83)
(-62,22,-108)
(-56,14,-126)
(-63,11,-157)
(-51,13,-171)
(-52,14,-196)
(-50,12,-238)
(-41,29,-275)
(-27,35,-311)
(-13,45,-341)
(7,75,-369)
(17,101,-401)
(36,136,-414)
(35,173,-419)
(57,189,-425)
(52,216,-428)
(67,235,-433)
(67,247,-429)
(77,269,-405)
(93,283,-417)
(98,298,-406)
(95,319,-393)
(113,337,-389)
(116,346,-368)
(113,357,-355)
(115,369,-351)
(111,373,-333)
(109,375,-325)
(93,383,-315)
(95,389,-317)
(88,380,-310)
(76,368,-330)
(63,357,-347)
(55,343,-359)
(52,322,-364)
(37,289,-377)
(13,259,-381)
(-21,225,-373)
(-37,191,-355)
(-43,175,-347)
(-47,153,-335)
(-72,138,-318)
(-73,119,-297)
(-84,102,-264)
(-73,73,-221)
(-79,57,-183)
(-72,38,-142)
(-57,35,-109)
(-54,36,-76)
(-24,28,-38)
(-1,39,-13)
(14,38,22)
(39,57,35)
(63,69,43)
(93,87,65)
(123,121,75)
(156,144,80)
(190,184,70)
(211,215,67)
(221,251,45)
(233,265,39)
(235,295,19)
(233,313,1)
(232,336,-6)
(233,353,-13)
(222,366,-44)
(208,384,-68)
(202,392,-80)
(192,400,-108)
(175,413,-129)
(157,413,-157)
(154,414,-186)
(134,416,-216)
(109,409,-251)
(104,406,-264)
(98,388,-294)
(89,379,-311)
(89,365,-337)
(90,360,-352)
(85,337,-371)
(89,317,-385)
(98,316,-386)
(96,320,-392)
(102,332,-382)
(121,341,-373)
(137,357,-353)
(151,385,-327)
(171,401,-277)
(180,420,-230)
(192,422,-180)
(189,417,-133)
(191,389,-79)
(184,370,-28)
(182,342,-2)
(174,314,22)
(157,285,49)
(154,270,58)
(125,241,77)
(108,216,84)
(80,224,72)
(87,239,79)
(123,271,69)
(160,306,44)
(183,345,15)
(192,366,-18)
(205,375,-45)
(179,383,-47)
(139,363,-17)
(124,332,12)
(119,299,37)
(125,271,61)
(121,253,73)
(128,230,74)
(147,235,83)
(166,254,74)
(187,271,63)
(212,292,40)
(219,319,25)
(211,319,17)
(196,308,24)
(175,303,43)
(154,264,68)
(123,225,79)
(115,183,87)
(94,136,86)
(79,133,81)
(74,118,70)
(45,101,53)
(16,90,36)
(-13,75,1)
(-44,66,-38)
(-72,72,-82)
(-91,73,-125)
(-92,96,-174)
(-98,118,-224)
(-87,149,-265)
(-80,166,-306)
(-49,197,-343)
(-19,217,-355)
(9,233,-385)
(25,251,-397)
(40,258,-398)
(23,239,-399)
(8,214,-392)
(-19,171,-373)
(-23,135,-359)
(-36,86,-322)
(-35,35,-293)
(-32,-10,-230)
(-10,-50,-194)
(24,-62,-146)
(72,-72,-106)
(119,-73,-63)
(172,-64,-42)
(225,-31,-5)
(265,23,1)
(315,71,1)
(322,136,2)
(345,171,-13)
(347,223,-31)
(344,274,-52)
(334,304,-72)
(322,348,-112)
(312,368,-142)
(290,378,-154)
(289,377,-153)
(307,355,-129)
(318,336,-100)
(332,314,-62)
(328,280,-34)
(334,250,-16)
(324,220,-4)
(312,182,22)
(308,162,32)
(291,125,27)
(283,91,37)
(265,69,35)
(252,44,24)
(235,31,25)
(228,10,20)
(182,-8,18)
(157,-25,-5)
(124,-38,-14)
(85,-41,-41)
(61,-51,-67)
(35,-53,-89)
(8,-50,-128)
(-5,-37,-165)
(-16,-20,-208)
(-13,-11,-257)
(-23,9,-299)
(-13,33,-329)
(-1,67,-367)
(29,99,-399)
(54,120,-420)
(90,144,-438)
(99,167,-437)
(128,186,-436)
(125,187,-441)
(106,194,-452)
(84,164,-438)
(44,158,-420)
(13,135,-407)
(-13,95,-367)
(-36,64,-338)
(-44,40,-300)
(-40,16,-270)
(-34,0,-232)
(-21,-37,-191)
(2,-40,-144)
(33,-61,-119)
(69,-71,-99)
(118,-74,-84)
(157,-75,-65)
(200,-74,-66)
(237,-57,-65)
(246,-56,-50)
(243,-41,-53)
(240,-56,-60)
(216,-56,-50)
(159,-69,-63)
(109,-75,-83)
(69,-63,-79)
(26,-54,-116)
(-20,-28,-158)
(-40,-12,-208)
(-45,23,-255)
(-38,32,-290)
(-33,63,-329)
(-24,88,-344)
(-13,97,-373)
(-1,113,-389)
(32,148,-414)
(51,161,-419)
(82,194,-434)
(115,211,-439)
(162,206,-436)
(186,204,-432)
(221,221,-427)
(241,249,-411)
(250,274,-408)
(267,285,-379)
(281,305,-373)
(282,294,-366)
(269,295,-387)
(238,270,-408)
(176,258,-432)
(112,230,-446)
(59,187,-417)
(23,147,-407)
(5,115,-383)
(-21,75,-357)
(-18,14,-316)
(8,-36,-268)
(37,-67,-217)
(62,-86,-168)
(100,-86,-126)
(154,-88,-122)
(202,-78,-98)
(246,-64,-104)
(273,-57,-107)
(278,-42,-92)
(269,-41,-59)
(270,-24,-48)
(250,-28,-30)
(231,-17,-5)
(205,-11,9)
(166,-2,20)
(122,0,28)
(96,-6,6)
(58,-2,-6)
(39,1,-15)
(16,10,-24)
(-4,2,-56)
(-19,5,-77)
(-21,-5,-111)
(-24,-22,-130)
(-24,-24,-164)
(-11,-37,-179)
(3,-45,-211)
(21,-49,-229)
(45,-55,-243)
(52,-66,-264)
(58,-56,-262)
(47,-45,-253)
(8,-48,-226)
(-6,-34,-204)
(-39,-13,-147)
(-43,21,-101)
(-45,43,-61)
(-33,61,-27)
(-14,78,4)
(18,92,30)
(46,104,58)
(88,118,76)
(145,117,77)
(185,131,79)
(235,127,69)
(268,124,50)
(271,117,55)
(280,120,46)
(294,120,44)
(286,132,46)
(294,140,40)
(293,141,39)
(283,141,39)
(274,152,46)
(272,170,50)
(254,212,54)
(239,239,53)
(198,270,46)
(141,279,49)
(95,299,29)
(36,300,4)
(-9,295,-33)
(-34,292,-76)
(-44,304,-108)
(-53,295,-141)
(-49,319,-171)
(-47,327,-191)
(-11,353,-209)
(-8,358,-214)
(0,368,-216)
(21,375,-221)
(68,394,-218)
(70,396,-198)
(85,413,-191)
(75,413,-195)
(78,400,-176)
(53,397,-163)
(26,388,-162)
(2,368,-138)
(-6,346,-112)
(-18,338,-96)
(-29,317,-77)
(-14,292,-48)
(-6,274,-24)
(5,269,3)
(17,253,19)
(46,268,36)
(71,277,41)
(99,279,51)
(130,296,42)
(154,296,34)
(169,317,23)
(187,335,21)
(191,323,15)
(191,331,3)
(182,340,2)
(208,332,10)
(197,319,7)
(202,306,26)
(201,299,25)
(200,286,46)
(185,261,59)
(165,237,67)
(131,227,77)
(96,224,72)
(70,226,62)
(25,241,35)
(-20,248,6)
(-29,251,-23)
(-45,259,-55)
(-63,265,-101)
(-69,285,-151)
(-67,283,-183)
(-59,301,-213)
(-50,302,-232)
(-49,307,-259)
(-35,321,-267)
(-30,318,-272)
(-26,318,-270)
(-21,317,-283)
(-18,326,-286)
(-11,325,-275)
(-25,335,-277)
(-31,327,-261)
(-29,325,-249)
(-35,327,-219)
(-39,319,-203)
(-53,311,-177)
(-55,307,-161)
(-56,298,-130)
(-58,294,-122)
(-57,285,-95)
(-49,283,-77)
(-33,267,-55)
(-22,276,-18)
(-12,260,-18)
(0,266,12)
(30,248,26)
(41,247,43)
(67,227,57)
(84,224,62)
(108,222,72)
(131,213,75)
(133,197,71)
(145,195,81)
(139,201,71)
(127,189,69)
(104,178,78)
(60,162,68)
(24,148,48)
(-7,147,29)
(-31,155,1)
(-59,157,-29)
(-79,161,-59)
(-85,175,-95)
(-91,189,-125)
(-94,198,-160)
(-87,215,-189)
(-84,228,-204)
(-77,245,-221)
(-69,259,-251)
(-55,275,-267)
(-35,293,-285)
(-25,297,-303)
(-12,312,-312)
(-6,318,-314)
(-1,329,-321)
(2,326,-320)
(-1,331,-305)
(-6,336,-294)
(-20,328,-272)
(-32,324,-256)
(-46,310,-228)
(-54,312,-202)
(-57,303,-179)
(-64,302,-162)
(-54,304,-148)
(-46,306,-128)
(-47,299,-101)
(-39,305,-79)
(-32,294,-68)
(-23,289,-41)
(-20,280,-34)
(-4,296,-26)
(1,307,-37)
(-3,315,-47)
(-2,332,-70)
(-8,326,-86)
(-21,327,-89)
(-34,316,-106)
(-50,294,-94)
(-56,280,-80)
(-52,248,-66)
(-61,239,-51)
(-65,215,-45)
(-68,190,-28)
(-67,173,-45)
(-69,165,-49)
(-78,160,-56)
(-86,196,-88)
(-90,218,-104)
(-80,248,-128)
(-80,258,-164)
(-66,292,-180)
(-61,303,-185)
(-49,327,-187)
(-47,339,-185)
(-48,320,-178)
(-44,324,-164)
(-50,316,-148)
(-48,316,-126)
(-41,317,-99)
(-27,317,-81)
(-10,314,-68)
(6,320,-50)
(10,330,-50)
(30,320,-38)
(32,330,-28)
(30,324,-18)
(37,317,-19)
(32,296,-2)
(17,261,19)
(28,232,30)
(43,197,41)
(52,162,64)
(62,132,60)
(48,106,46)
(40,84,36)
(30,66,28)
(12,50,10)
(-3,45,-15)
(-34,42,-40)
(-65,65,-85)
(-83,81,-125)
(-91,101,-175)
(-99,131,-217)
(-97,163,-251)
(-88,196,-276)
(-67,215,-283)
(-60,256,-300)
(-34,276,-326)
(10,312,-334)
(47,337,-337)
(85,361,-343)
(139,361,-341)
(193,365,-333)
(231,355,-347)
(250,356,-334)
(253,355,-337)
(242,364,-332)
(218,372,-340)
(183,373,-357)
(137,359,-355)
(90,352,-364)
(62,336,-366)
(18,318,-336)
(-23,283,-329)
(-62,258,-306)
(-76,228,-276)
(-95,197,-239)
(-98,170,-202)
(-99,139,-155)
(-98,114,-118)
(-73,105,-81)
(-60,98,-48)
(-47,77,-37)
(-32,68,-26)
(-25,61,-17)
(-22,56,-16)
(-18,58,-18)
(-38,64,-38)
(-73,77,-75)
(-88,94,-126)
(-98,112,-166)
(-95,131,-209)
(-91,179,-247)
(-80,220,-268)
(-58,246,-310)
(-34,266,-338)
(3,281,-367)
(49,287,-387)
(101,279,-415)
(160,272,-418)
(190,264,-424)
(220,256,-422)
(238,246,-416)
(247,263,-411)
(251,255,-405)
(254,262,-412)
(246,268,-414)
(246,266,-410)
(247,273,-403)
(228,240,-418)
(186,254,-430)
(159,259,-439)
(110,240,-430)
(77,227,-425)
(32,194,-420)
(14,164,-400)
(-4,146,-388)
(-15,131,-385)
(-16,126,-362)
(-28,114,-362)
(-30,112,-360)
(-23,107,-361)
(-15,115,-363)
(-22,100,-372)
(-24,114,-374)
(-14,114,-370)
(-15,115,-371)
(-21,119,-383)
(-10,118,-380)
(-6,134,-378)
(16,152,-392)
(33,151,-417)
(51,157,-425)
(71,183,-447)
(89,187,-443)
(108,200,-446)
(150,216,-446)
(175,223,-433)
(194,236,-446)
(197,235,-433)
(201,223,-439)
(220,228,-424)
(234,222,-436)
(236,226,-426)
(241,221,-427)
(243,219,-425)
(242,222,-434)
(239,225,-429)
(227,233,-423)
(207,241,-423)
(175,261,-429)
(163,259,-427)
(131,253,-431)
(103,261,-423)
(87,243,-417)
(56,242,-418)
(26,232,-404)
(4,228,-388)
(-1,223,-373)
(-32,220,-356)
(-49,211,-329)
(-62,208,-308)
(-73,199,-295)
(-73,189,-293)
(-77,201,-283)
(-91,197,-271)
(-99,201,-253)
(-101,187,-223)
(-101,189,-189)
(-96,196,-162)
(-93,189,-143)
(-89,203,-127)
(-86,216,-106)
(-82,244,-84)
(-55,259,-75)
(-53,275,-59)
(-25,293,-49)
(3,315,-39)
(10,330,-32)
(46,346,-36)
(56,364,-44)
(80,384,-72)
(94,398,-96)
(89,399,-101)
(60,404,-132)
(24,380,-140)
(8,368,-130)
(-8,344,-86)
(-8,320,-54)
(-4,302,-22)
(33,295,9)
(30,284,24)
(47,271,31)
(75,301,27)
(82,296,38)
(93,319,19)
(80,352,-20)
(79,365,-33)
(56,372,-68)
(42,368,-84)
(16,364,-80)
(-1,339,-81)
(-4,320,-42)
(-16,288,-18)
(8,276,-2)
(9,255,15)
(28,256,30)
(38,258,34)
(60,274,44)
(63,287,31)
(62,304,12)
(72,330,-8)
(66,352,-30)
(51,353,-45)
(41,353,-39)
(23,325,-39)
(8,306,-10)
(19,293,7)
(18,262,22)
(15,249,39)
(22,234,40)
(20,232,44)
(29,237,47)
(56,280,40)
(53,303,31)
(73,335,5)
(71,347,-3)
(64,354,-16)
(51,341,-21)
(22,318,-8)
(22,294,12)
(23,273,31)
(22,246,36)
(20,232,36)
(16,222,44)
(5,213,31)
(23,233,37)
(10,244,36)
(23,273,21)
(37,297,9)
(40,332,-12)
(40,346,-34)
(28,344,-52)
(5,333,-51)
(-14,314,-46)
(-24,274,-30)
(-35,253,-21)
(-35,221,-3)
(-31,209,-15)
(-39,197,-1)
(-41,209,-3)
(-31,211,-15)
(-41,229,-7)
(-20,242,0)
(-12,254,0)
(3,263,19)
(7,255,25)
(14,246,32)
(2,226,32)
(-16,222,26)
(-21,205,21)
(-25,197,19)
(-34,200,-6)
(-31,243,-17)
(-18,284,-12)
(1,309,-15)
(18,330,-26)
(-1,325,-45)
(-16,304,-46)
(-35,289,-51)
(-41,251,-39)
(-53,227,-51)
(-70,216,-46)
(-56,244,-48)
(-55,251,-43)
(-40,282,-38)
(-22,302,-52)
(-8,328,-48)
(12,348,-58)
(28,360,-56)
(14,348,-66)
(-12,338,-60)
(-17,325,-67)
(-45,293,-75)
(-49,285,-75)
(-54,276,-74)
(-50,290,-74)
(-33,305,-65)
(-26,322,-64)
(-12,340,-78)
(-13,337,-83)
(-31,327,-89)
(-32,308,-76)
(-56,278,-84)
(-72,256,-74)
(-72,226,-72)
(-73,197,-69)
(-84,186,-72)
(-84,174,-80)
(-97,177,-87)
(-90,164,-94)
(-97,175,-107)
(-95,179,-113)
(-97,185,-129)
(-97,205,-141)
(-100,202,-156)
(-108,204,-180)
(-96,208,-198)
(-90,216,-226)
(-84,226,-256)
(-87,225,-267)
(-67,227,-273)
(-70,226,-278)
(-66,222,-278)
(-76,224,-288)
(-71,235,-289)
(-69,229,-299)
(-75,219,-291)
(-71,213,-285)
(-82,204,-278)
(-86,188,-266)
(-99,183,-247)
(-101,175,-237)
(-101,157,-209)
(-103,155,-185)
(-97,155,-169)
(-93,143,-147)
(-103,141,-127)
(-90,142,-94)
(-86,146,-70)
(-76,156,-50)
(-70,166,-30)
(-54,164,-28)
(-66,154,-30)
(-45,121,-27)
(-70,116,-26)
(-58,108,-34)
(-51,95,-33)
(-47,107,-19)
(-50,140,-6)
(-37,171,11)
(-29,199,7)
(-14,244,6)
(6,264,-2)
(5,289,-3)
(18,272,10)
(15,275,11)
(27,255,29)
(29,245,49)
(46,220,60)
(54,190,66)
(55,151,77)
(58,122,70)
(45,105,57)
(37,77,47)
(25,59,31)
(3,53,9)
(-12,50,2)
(-25,53,-25)
(-47,63,-37)
(-62,82,-46)
(-74,100,-70)
(-87,119,-85)
(-88,160,-98)
(-92,190,-92)
(-81,213,-95)
(-68,244,-58)
(-43,261,-49)
(-29,279,-47)
(-14,294,-28)
(6,298,-12)
(11,311,-7)
(14,310,-12)
(23,299,7)
(38,308,14)
(47,289,25)
(62,262,46)
(69,229,57)
(73,187,75)
(71,157,83)
(86,114,72)
(73,93,63)
(80,60,52)
(64,52,38)
(50,34,22)
(21,27,5)
(-8,26,-24)
(-20,22,-38)
(-36,34,-58)
(-44,32,-84)
(-61,25,-113)
(-65,39,-133)
(-77,33,-165)
(-87,55,-191)
(-79,73,-215)
(-81,79,-239)
(-72,88,-258)
(-70,102,-274)
(-78,104,-300)
(-67,135,-311)
(-57,149,-325)
(-42,172,-342)
(-39,187,-355)
(-26,212,-366)
(-12,218,-370)
(-8,232,-374)
(8,234,-382)
(5,245,-383)
(15,245,-383)
(14,252,-392)
(17,237,-391)
(18,242,-394)
(12,242,-392)
(15,233,-401)
(16,240,-386)
(14,236,-398)
(11,237,-395)
(15,233,-395)
(19,221,-391)
(4,226,-396)
(4,220,-396)
(9,211,-401)
(-5,203,-383)
(-2,194,-382)
(-6,194,-384)
(-4,188,-394)
(-6,174,-390)
(-16,176,-386)
(-6,182,-382)
(0,186,-388)
(-15,179,-375)
(-3,187,-377)
(-3,183,-387)
(-3,205,-387)
(9,199,-393)
(14,212,-400)
(22,222,-400)
(28,220,-404)
(40,228,-412)
(42,242,-408)
(54,236,-412)
(56,246,-416)
(53,257,-411)
(62,258,-400)
(57,269,-405)
(59,275,-407)
(58,274,-402)
(65,275,-407)
(63,265,-401)
(68,268,-410)
(70,276,-402)
(63,265,-413)
(65,263,-409)
(44,252,-404)
(41,247,-403)
(36,228,-404)
(21,213,-399)
(19,191,-395)
(10,196,-392)
(8,174,-388)
(-5,161,-381)
(-13,153,-379)
(-21,143,-375)
(-32,134,-362)
(-45,119,-339)
(-49,97,-337)
(-57,89,-321)
(-58,80,-308)
(-62,66,-278)
(-74,60,-260)
(-67,47,-247)
(-73,37,-215)
(-70,22,-200)
(-70,20,-170)
(-52,4,-140)
(-41,-7,-115)
(-31,-13,-87)
(-12,-12,-72)
(6,-24,-42)
(18,-14,-26)
(43,-11,-5)
(57,-5,11)
(64,10,24)
(88,20,40)
(110,20,50)
(118,40,62)
(148,66,82)
(164,90,84)
(180,112,78)
(201,131,77)
(222,156,72)
(238,186,72)
(241,209,57)
(255,231,49)
(254,254,26)
(254,300,16)
(255,317,-9)
(254,350,-38)
(246,378,-74)
(238,394,-114)
(233,401,-157)
(240,400,-192)
(225,399,-237)
(233,395,-259)
(238,380,-282)
(233,371,-301)
(235,355,-327)
(241,341,-343)
(242,342,-340)
(247,345,-337)
(254,346,-326)
(256,356,-312)
(270,368,-286)
(275,381,-249)
(275,377,-221)
(263,391,-191)
(252,396,-138)
(249,395,-101)
(247,375,-67)
(254,358,-48)
(258,360,-54)
(257,373,-73)
(243,393,-97)
(233,395,-119)
(216,394,-130)
(184,406,-122)
(151,391,-103)
(139,389,-65)
(140,378,-36)
(145,365,-19)
(163,347,-1)
(189,333,11)
(197,335,1)
(198,344,-10)
(202,362,-24)
(200,380,-40)
(177,379,-53)
(161,383,-49)
(127,371,-49)
(95,359,-35)
(80,338,-2)
(74,312,6)
(82,298,26)
(77,287,39)
(96,288,48)
(101,299,27)
(100,310,20)
(88,322,4)
(60,316,-8)
(36,332,-22)
(35,335,-41)
(15,333,-51)
(7,339,-67)
(-5,337,-73)
(0,340,-64)
(-12,330,-82)
(-31,331,-113)
(-51,313,-143)
(-68,294,-150)
(-77,261,-155)
(-73,249,-155)
(-79,251,-141)
(-74,280,-124)
(-69,275,-119)
(-53,301,-117)
(-42,312,-134)
(-48,304,-142)
(-71,293,-159)
(-83,259,-167)
(-84,228,-170)
(-89,209,-161)
(-94,200,-168)
(-99,205,-171)
(-94,212,-160)
(-88,222,-166)
(-84,258,-168)
(-76,276,-154)
(-63,301,-151)
(-58,292,-172)
(-69,275,-179)
(-81,259,-185)
(-85,225,-195)
(-93,195,-213)
(-94,170,-218)
(-93,173,-227)
(-94,188,-248)
(-94,200,-246)
(-89,221,-235)
(-75,251,-225)
(-70,272,-228)
(-73,263,-229)
(-81,241,-235)
(-88,210,-250)
(-86,176,-252)
(-90,156,-260)
(-80,144,-272)
(-82,174,-278)
(-84,198,-276)
(-74,236,-272)
(-63,255,-265)
(-64,266,-262)
(-77,237,-273)
(-75,201,-279)
(-84,164,-290)
(-75,141,-301)
(-69,133,-301)
(-72,148,-300)
(-72,160,-308)
(-66,184,-306)
(-59,219,-295)
(-61,239,-289)
(-62,242,-268)
(-64,248,-274)
(-68,246,-280)
(-75,249,-265)
(-70,232,-268)
(-71,235,-277)
(-69,243,-275)
(-58,248,-280)
(-63,257,-277)
(-58,274,-270)
(-52,280,-270)
(-49,285,-269)
(-50,286,-268)
(-45,289,-267)
(-51,303,-259)
(-61,293,-245)
(-60,292,-250)
(-61,285,-239)
(-56,286,-256)
(-61,277,-249)
(-64,276,-254)
(-64,270,-264)
(-57,281,-273)
(-56,268,-274)
(-55,273,-283)
(-49,269,-295)
(-39,275,-301)
(-40,280,-292)
(-43,281,-281)
(-52,278,-268)
(-69,269,-253)
(-64,268,-230)
(-66,268,-214)
(-67,265,-191)
(-75,279,-173)
(-67,281,-157)
(-63,279,-137)
(-51,297,-111)
(-44,304,-102)
(-35,317,-87)
(-18,314,-88)
(-26,318,-82)
(-41,311,-81)
(-40,312,-96)
(-53,301,-109)
(-58,294,-120)
(-66,290,-136)
(-71,277,-169)
(-78,276,-180)
(-73,271,-205)
(-73,277,-223)
(-67,273,-247)
(-58,278,-260)
(-62,272,-272)
(-50,280,-282)
(-56,284,-266)
(-60,270,-270)
(-70,270,-264)
(-74,260,-246)
(-67,259,-235)
(-82,270,-218)
(-62,286,-184)
(-60,296,-156)
(-38,302,-106)
(-33,307,-77)
(-16,316,-54)
(-10,318,-44)
(-10,306,-38)
(-4,304,-46)
(-12,308,-48)
(-18,294,-52)
(-22,304,-68)
(-45,297,-73)
(-50,298,-96)
(-59,291,-119)
(-69,295,-147)
(-65,287,-161)
(-68,282,-164)
(-64,286,-164)
(-60,292,-140)
(-57,307,-139)
(-44,314,-140)
(-48,318,-162)
(-54,308,-174)
(-61,311,-187)
(-47,309,-205)
(-40,316,-206)
(-47,323,-205)
(-36,318,-210)
(-31,317,-215)
(-38,320,-212)
(-46,300,-224)
(-59,293,-219)
(-63,291,-199)
(-42,302,-182)
(-22,344,-148)
(-4,356,-136)
(-2,366,-152)
(-2,362,-182)
(-26,340,-196)
(-53,305,-207)
(-73,269,-191)
(-80,260,-184)
(-71,289,-167)
(-38,304,-142)
(-37,319,-151)
(-43,317,-183)
(-48,312,-196)
(-57,291,-201)
(-71,271,-203)
(-73,245,-189)
(-89,243,-169)
(-85,265,-157)
(-68,278,-134)
(-61,287,-131)
(-64,288,-138)
(-51,299,-163)
(-64,286,-194)
(-74,270,-208)
(-81,245,-217)
(-91,223,-213)
(-92,214,-208)
(-95,219,-197)
(-85,237,-167)
(-75,255,-163)
(-68,272,-160)
(-73,281,-159)
(-65,281,-167)
(-83,259,-197)
(-88,232,-210)
(-85,229,-203)
(-94,216,-198)
(-93,241,-171)
(-73,263,-151)
(-55,287,-139)
(-48,302,-140)
(-45,321,-147)
(-50,328,-174)
(-49,309,-207)
(-55,289,-227)
(-74,272,-222)
(-81,243,-223)
(-92,234,-194)
(-87,257,-185)
(-64,288,-156)
(-48,310,-136)
(-37,333,-153)
(-30,344,-178)
(-28,320,-218)
(-60,292,-216)
(-72,274,-212)
(-83,247,-197)
(-87,253,-179)
(-79,271,-155)
(-69,275,-157)
(-62,282,-144)
(-47,305,-145)
(-49,321,-149)
(-37,319,-191)
(-61,309,-205)
(-74,264,-204)
(-86,244,-200)
(-82,256,-188)
(-72,286,-162)
(-54,306,-140)
(-28,334,-144)
(-19,345,-155)
(-12,368,-172)
(-3,361,-177)
(15,371,-205)
(18,374,-216)
(13,357,-247)
(14,364,-274)
(17,345,-283)
(13,345,-307)
(0,314,-320)
(-3,309,-327)
(-5,299,-341)
(-6,302,-336)
(-9,303,-325)
(7,331,-309)
(16,346,-290)
(23,361,-293)
(22,352,-304)
(8,330,-318)
(-3,311,-327)
(-15,291,-313)
(-34,288,-306)
(-29,291,-279)
(-26,330,-256)
(-6,344,-256)
(10,362,-256)
(17,351,-287)
(6,338,-316)
(-7,307,-323)
(-29,279,-315)
(-47,283,-303)
(-39,285,-283)
(-40,310,-262)
(-32,336,-216)
(5,349,-209)
(4,368,-228)
(15,355,-259)
(-5,331,-295)
(-32,294,-298)
(-39,293,-295)
(-51,281,-275)
(-59,305,-233)
(-47,323,-207)
(-34,332,-186)
(-20,352,-182)
(-4,368,-178)
(31,389,-165)
(56,402,-156)
(59,403,-159)
(32,394,-146)
(17,383,-145)
(0,360,-134)
(-19,341,-113)
(-28,324,-92)
(-39,315,-89)
(-48,278,-76)
(-59,277,-75)
(-50,286,-88)
(-31,311,-91)
(-9,345,-99)
(-20,350,-144)
(-26,346,-170)
(-37,333,-171)
(-50,318,-172)
(-67,299,-167)
(-79,271,-155)
(-78,250,-140)
(-86,246,-132)
(-79,245,-119)
(-74,270,-102)
(-64,266,-90)
(-50,276,-82)
(-43,273,-53)
(-27,293,-29)
(-2,292,-14)
(21,291,3)
(39,279,17)
(44,242,42)
(47,239,53)
(76,248,62)
(107,265,65)
(125,289,59)
(154,282,56)
(162,276,64)
(159,241,63)
(167,213,85)
(171,183,83)
(170,164,90)
(158,132,82)
(136,112,78)
(128,98,72)
(99,71,67)
(78,50,50)
(60,52,32)
(21,41,25)
(21,33,9)
(-1,39,-9)
(-7,43,-9)
(-13,45,-21)
(-24,46,-26)
(-32,50,-46)
(-41,55,-63)
(-56,54,-82)
(-63,69,-87)
(-71,77,-113)
(-86,94,-134)
(-98,98,-146)
(-92,108,-168)
(-97,133,-179)
(-97,153,-199)
(-97,179,-227)
(-88,194,-232)
(-87,207,-245)
(-81,219,-255)
(-76,226,-264)
(-67,243,-275)
(-52,262,-286)
(-46,272,-298)
(-46,272,-296)
(-54,258,-294)
(-74,250,-264)
(-87,231,-239)
(-97,201,-197)
(-100,188,-156)
(-98,188,-134)
(-90,198,-120)
(-85,227,-103)
(-73,245,-93)
(-62,270,-90)
(-61,281,-75)
(-60,292,-80)
(-47,299,-89)
(-45,313,-91)
(-51,305,-109)
(-50,298,-106)
(-58,282,-90)
(-71,259,-87)
(-60,252,-52)
(-49,247,-39)
(-37,253,-15)
(-21,257,-9)
(-13,265,1)
(-19,251,15)
(-19,231,9)
(-13,215,13)
(-22,216,22)
(-10,226,10)
(-21,253,1)
(-17,279,-25)
(-25,289,-43)
(-40,272,-28)
(-43,251,-27)
(-64,208,-18)
(-55,189,-13)
(-58,164,-10)
(-52,196,-6)
(-36,226,-8)
(-31,251,-9)
(-13,289,-17)
(-9,297,-35)
(-30,296,-56)
(-41,285,-53)
(-51,261,-47)
(-65,223,-39)
(-64,206,-30)
(-56,186,-20)
(-39,211,-9)
(-27,239,-15)
(-28,278,-26)
(-10,310,-38)
(-22,320,-62)
(-44,300,-86)
(-56,278,-60)
(-52,230,-38)
(-57,211,-15)
(-54,224,-18)
(-40,246,-12)
(-33,259,-17)
(-19,285,-25)
(-16,308,-40)
(-5,325,-61)
(-44,300,-66)
(-55,271,-57)
(-55,243,-59)
(-57,243,-51)
(-41,273,-47)
(-25,303,-51)
(-28,318,-76)
(-27,343,-97)
(-22,348,-132)
(-20,348,-164)
(-28,350,-192)
(-20,338,-220)
(-23,333,-251)
(-33,315,-263)
(-47,301,-263)
(-59,289,-241)
(-52,298,-226)
(-31,335,-209)
(0,366,-198)
(-4,372,-210)
(-11,349,-239)
(-40,330,-224)
(-39,329,-211)
(-46,318,-178)
(-46,314,-120)
(-38,312,-112)
(-47,301,-79)
(-56,288,-70)
(-63,251,-67)
(-71,229,-71)
(-70,210,-52)
(-72,184,-52)
(-69,177,-53)
(-78,192,-56)
(-71,211,-49)
(-55,255,-61)
(-78,244,-84)
(-90,218,-108)
(-96,188,-112)
(-87,181,-99)
(-89,197,-97)
(-76,230,-86)
(-72,250,-96)
(-74,262,-110)
(-67,267,-109)
(-87,237,-101)
(-90,204,-110)
(-89,185,-115)
(-83,181,-107)
(-84,216,-102)
(-80,234,-94)
(-72,250,-118)
(-81,233,-115)
(-81,233,-105)
(-94,204,-98)
(-93,169,-101)
(-96,138,-92)
(-91,143,-93)
(-83,131,-93)
(-83,159,-79)
(-83,187,-57)
(-63,223,-47)
(-53,207,-17)
(-43,159,1)
(-36,122,-4)
(-34,94,-16)
(-51,77,-21)
(-60,90,-24)
(-72,122,-34)
(-60,170,-28)
(-68,190,-24)
(-51,189,-7)
(-36,172,14)
(-30,122,14)
(-17,81,15)
(-28,66,-20)
(-43,71,-35)
(-65,103,-53)
(-72,126,-40)
(-64,154,-42)
(-62,156,-4)
(-30,120,10)
(-29,91,1)
(-25,69,-13)
(-40,54,-42)
(-64,52,-86)
(-75,71,-117)
(-88,80,-138)
(-98,92,-156)
(-100,108,-170)
(-103,119,-187)
(-99,133,-197)
(-98,170,-232)
(-84,190,-260)
(-74,218,-286)
(-57,235,-301)
(-43,245,-321)
(-32,258,-328)
(-19,283,-343)
(0,276,-364)
(15,281,-373)
(18,286,-364)
(33,293,-369)
(31,295,-371)
(8,286,-364)
(-1,281,-361)
(-21,273,-349)
(-32,252,-338)
(-59,227,-309)
(-77,193,-283)
(-98,170,-244)
(-103,147,-187)
(-101,123,-139)
(-84,108,-82)
(-55,101,-43)
(-37,103,-5)
(-12,104,26)
(22,116,50)
(64,136,72)
(120,152,82)
(173,197,83)
(209,233,61)
(225,265,45)
(243,287,35)
(252,314,10)
(254,330,-16)
(260,352,-38)
(271,353,-49)
(270,350,-52)
(270,336,-18)
(253,315,5)
(208,304,30)
(179,297,49)
(154,288,58)
(106,284,60)
(101,283,55)
(96,296,46)
(122,310,30)
(122,320,24)
(87,327,3)
(74,328,6)
(57,315,9)
(27,299,-1)
(-5,269,7)
(-24,246,-2)
(-41,227,-13)
(-57,209,-23)
(-67,193,-37)
(-72,190,-54)
(-89,189,-65)
(-82,192,-90)
(-87,197,-103)
(-91,197,-97)
(-77,195,-71)
(-78,194,-64)
(-72,182,-32)
(-58,174,-16)
(-47,153,-5)
(-58,140,-22)
(-63,159,-21)
(-58,178,-22)
(-60,190,-30)
(-51,227,-31)
(-51,219,-33)
(-65,171,-31)
(-64,152,-38)
(-71,151,-43)
(-72,136,-44)
(-71,145,-51)
(-76,162,-52)
(-88,160,-72)
(-86,164,-90)
(-99,169,-123)
(-98,160,-146)
(-107,167,-163)
(-97,149,-167)
(-102,134,-164)
(-94,108,-156)
(-92,68,-142)
(-74,40,-126)
(-52,18,-102)
(-23,3,-67)
(-9,-15,-65)
(3,-15,-47)
(32,-14,-28)
(50,-22,-20)
(103,-25,1)
(137,-13,17)
(159,-1,19)
(172,0,22)
(192,0,26)
(213,11,19)
(231,15,15)
(243,29,19)
(263,39,23)
(262,44,28)
(260,50,28)
(263,73,31)
(262,98,48)
(255,139,55)
(261,189,59)
(250,250,42)
(254,308,12)
(258,344,-34)
(254,376,-62)
(265,379,-101)
(273,389,-131)
(281,387,-153)
(289,381,-173)
(288,384,-172)
(274,396,-154)
(261,389,-119)
(259,365,-57)
(250,340,-8)
(205,319,37)
(163,287,55)
(134,278,68)
(81,263,63)
(47,257,55)
(16,248,42)
(-23,231,9)
(-57,231,-17)
(-75,217,-53)
(-94,214,-94)
(-90,228,-144)
(-94,216,-178)
(-96,206,-222)
(-95,199,-259)
(-83,197,-287)
(-72,180,-310)
(-54,176,-328)
(-49,175,-355)
(-36,186,-358)
(-34,200,-352)
(-31,207,-369)
(-30,212,-366)
(-20,214,-368)
(-37,203,-359)
(-58,192,-326)
(-74,186,-314)
(-84,164,-272)
(-95,161,-243)
(-102,164,-230)
(-98,168,-176)
(-101,177,-121)
(-87,177,-83)
(-81,195,-57)
(-50,202,-4)
(-5,213,31)
(42,224,56)
(94,238,74)
(107,253,73)
(133,237,81)
(142,234,86)
(125,219,85)
(94,196,82)
(65,195,71)
(20,186,58)
(12,202,52)
(11,203,41)
(-17,201,17)
(-61,197,-23)
(-84,202,-62)
(-94,206,-90)
(-91,191,-127)
(-106,190,-164)
(-94,188,-206)
(-92,186,-248)
(-78,188,-284)
(-74,184,-304)
(-61,191,-317)
(-56,184,-344)
(-49,185,-341)
(-35,197,-355)
(-31,215,-367)
(-39,227,-361)
(-42,226,-338)
(-53,219,-317)
(-78,198,-284)
(-95,195,-241)
(-102,194,-178)
(-101,189,-155)
(-79,197,-81)
(-45,223,-13)
(16,234,40)
(52,248,46)
(94,270,64)
(141,271,51)
(175,281,51)
(189,279,47)
(228,290,40)
(249,313,19)
(271,325,-3)
(261,339,-31)
(260,368,-64)
(241,383,-77)
(204,378,-64)
(161,365,-21)
(123,333,15)
(90,300,34)
(50,284,42)
(25,273,37)
(2,254,28)
(-28,250,-8)
(-50,256,-34)
(-76,248,-76)
(-86,256,-114)
(-91,251,-155)
(-84,246,-202)
(-80,244,-246)
(-64,252,-272)
(-51,253,-297)
(-40,244,-318)
(-33,239,-341)
(-23,247,-355)
(-16,246,-346)
(-18,252,-356)
(-19,245,-357)
(-28,250,-354)
(-44,246,-330)
(-68,222,-296)
(-77,203,-271)
(-94,196,-226)
(-98,182,-178)
(-93,151,-105)
(-71,135,-43)
(-34,118,2)
(27,113,43)
(66,132,76)
(114,170,86)
(158,216,82)
(204,270,58)
(229,323,3)
(249,353,-43)
(277,371,-79)
(279,381,-113)
(289,373,-143)
(292,372,-142)
(297,375,-151)
(293,387,-151)
(273,385,-135)
(262,392,-124)
(262,380,-84)
(228,356,-34)
(218,348,-16)
(226,330,12)
(215,283,57)
(195,237,69)
(193,201,79)
(190,152,80)
(184,136,88)
(190,110,76)
(189,97,69)
(193,81,75)
(201,97,67)
(201,119,79)
(201,155,73)
(200,178,74)
(201,201,79)
(211,241,53)
(215,269,51)
(214,298,34)
(233,317,11)
(234,346,-12)
(238,348,-24)
(229,345,-13)
(230,330,-2)
(227,321,19)
(209,287,51)
(187,245,67)
(168,222,78)
(149,205,81)
(140,182,84)
(108,160,94)
(96,150,82)
(72,134,80)
(56,142,70)
(47,149,71)
(46,154,66)
(37,151,65)
(13,153,53)
(-20,168,30)
(-29,161,19)
(-55,167,-5)
(-69,183,-17)
(-75,179,-31)
(-69,173,-47)
(-89,165,-55)
(-82,150,-74)
(-85,149,-93)
(-101,141,-133)
(-96,126,-192)
(-98,132,-224)
(-91,135,-261)
(-79,143,-289)
(-72,156,-312)
(-63,169,-317)
(-47,175,-339)
(-34,178,-348)
(-41,173,-357)
(-45,177,-351)
(-51,177,-335)
(-76,158,-312)
(-86,148,-286)
(-95,133,-255)
(-108,126,-224)
(-98,114,-184)
(-94,108,-154)
(-98,94,-126)
(-98,100,-122)
(-85,97,-129)
(-90,110,-136)
(-98,102,-160)
(-100,108,-192)
(-95,119,-221)
(-84,120,-240)
(-80,132,-266)
(-76,142,-290)
(-63,145,-317)
(-57,153,-329)
(-52,158,-336)
(-47,159,-353)
(-39,167,-357)
(-37,157,-357)
(-38,176,-360)
(-31,167,-369)
(-18,166,-368)
(-18,168,-384)
(-4,160,-390)
(-7,155,-385)
(-14,158,-378)
(-28,156,-374)
(-44,142,-340)
(-52,138,-316)
(-70,126,-296)
(-86,112,-260)
(-102,104,-216)
(-93,83,-179)
(-88,94,-134)
(-84,98,-88)
(-71,93,-61)
(-55,135,-31)
(-54,154,-28)
(-61,171,-15)
(-47,211,9)
(-21,239,1)
(27,263,23)
(62,260,50)
(76,250,52)
(118,256,68)
(147,261,71)
(180,260,68)
(215,261,51)
(246,262,42)
(287,243,37)
(305,237,23)
(326,236,-6)
(352,226,-14)
(358,224,-50)
(382,216,-78)
(399,199,-105)
(395,193,-141)
(402,194,-154)
(403,183,-181)
(405,175,-197)
(396,174,-216)
(405,183,-217)
(395,191,-181)
(401,215,-149)
(392,226,-138)
(380,234,-92)
(373,241,-63)
(386,216,-84)
(392,218,-94)
(391,223,-127)
(391,257,-141)
(362,302,-116)
(355,311,-111)
(321,327,-61)
(312,316,-28)
(312,288,-22)
(346,270,-26)
(351,271,-57)
(351,279,-73)
(347,319,-115)
(335,325,-101)
(313,353,-107)
(308,340,-60)
(322,318,-50)
(352,290,-48)
(347,279,-55)
(366,268,-84)
(362,288,-104)
(361,319,-131)
(333,351,-129)
(293,375,-131)
(275,381,-103)
(261,363,-55)
(247,327,-7)
(248,292,22)
(239,279,45)
(249,293,29)
(252,314,8)
(235,337,-1)
(195,367,-7)
(141,359,-3)
(116,326,22)
(80,312,34)
(61,281,49)
(80,276,48)
(97,295,49)
(123,317,41)
(130,340,2)
(106,342,2)
(72,324,4)
(31,289,17)
(13,261,13)
(23,271,21)
(18,282,14)
(22,294,16)
(19,295,-5)
(31,313,-15)
(40,326,-14)
(55,341,-15)
(24,302,-4)
(-11,263,-11)
(-51,235,-23)
(-58,220,-46)
(-62,254,-64)
(-32,310,-66)
(-39,309,-79)
(-60,286,-84)
(-72,256,-94)
(-88,234,-118)
(-87,233,-145)
(-93,253,-163)
(-83,257,-175)
(-83,263,-135)
(-51,273,-81)
(-20,270,-24)
(28,290,14)
(78,292,32)
(120,310,32)
(147,323,33)
(179,345,15)
(223,357,-19)
(262,352,-38)
(278,376,-68)
(284,372,-108)
(295,387,-133)
(278,378,-152)
(277,397,-179)
(273,399,-197)
(259,395,-211)
(265,393,-211)
(244,408,-220)
(224,408,-234)
(215,411,-237)
(196,410,-234)
(184,418,-236)
(177,415,-235)
(161,415,-237)
(146,412,-230)
(136,410,-236)
(128,422,-220)
(108,408,-220)
(91,411,-195)
(89,415,-161)
(101,411,-145)
(137,413,-163)
(157,423,-211)
(153,415,-237)
(126,406,-284)
(112,394,-294)
(97,397,-281)
(99,395,-259)
(111,405,-233)
(152,424,-204)
(146,420,-230)
(131,417,-247)
(113,407,-251)
(91,403,-257)
(52,380,-244)
(42,378,-250)
(10,368,-238)
(18,368,-232)
(45,387,-235)
(71,397,-231)
(91,409,-223)
(130,416,-198)
(167,417,-177)
(173,419,-169)
(182,418,-156)
(200,412,-148)
(218,402,-122)
(228,386,-78)
(219,379,-41)
(215,351,-13)
(220,328,16)
(192,298,46)
(168,278,54)
(143,263,61)
(127,265,71)
(104,254,70)
(88,252,72)
(61,253,57)
(63,253,59)
(44,240,54)
(35,249,53)
(29,239,41)
(17,251,35)
(33,255,33)
(14,246,36)
(2,216,48)
(-12,202,30)
(-20,226,16)
(7,243,17)
(11,265,19)
(-1,235,25)
(-25,203,25)
(-26,190,16)
(-32,158,18)
(-30,150,-2)
(-36,192,6)
(-29,229,9)
(-19,247,-3)
(-37,215,-5)
(-55,177,-17)
(-70,148,-44)
(-78,144,-74)
(-84,152,-72)
(-92,170,-106)
(-90,208,-110)
(-78,224,-70)
(-62,202,-26)
(-51,173,-9)
(-48,118,-8)
(-48,100,-20)
(-63,89,-45)
(-85,123,-79)
(-93,149,-87)
(-82,182,-78)
(-80,178,-58)
(-68,156,-34)
(-66,130,-44)
(-69,103,-53)
(-57,95,-57)
(-46,72,-28)
(-1,41,-5)
(20,12,-12)
(37,-3,-13)
(46,-12,-20)
(36,-24,-26)
(30,0,-14)
(33,15,5)
(58,26,30)
(81,19,33)
(82,0,16)
(69,-21,-13)
(51,-17,-13)
(6,-2,-34)
(16,2,-20)
(21,27,13)
(46,22,22)
(50,8,6)
(36,4,6)
(40,42,32)
(52,76,48)
(46,150,58)
(48,236,60)
(69,277,41)
(79,313,21)
(49,329,-5)
(26,312,-8)
(-6,280,-16)
(-28,256,-18)
(-18,254,-22)
(-1,281,-21)
(6,310,-22)
(-2,316,-46)
(-34,272,-44)
(-49,257,-61)
(-77,217,-61)
(-83,193,-79)
(-81,215,-99)
(-75,257,-99)
(-67,261,-91)
(-54,270,-86)
(-65,241,-77)
(-79,205,-69)
(-80,164,-70)
(-87,159,-91)
(-98,150,-136)
(-91,165,-141)
(-94,174,-150)
(-97,187,-175)
(-107,187,-161)
(-100,158,-140)
(-99,121,-135)
(-101,113,-151)
(-89,103,-171)
(-104,116,-176)
(-97,141,-181)
(-104,150,-180)
(-103,153,-187)
(-95,139,-153)
(-93,111,-159)
(-99,87,-157)
(-94,78,-194)
(-87,85,-231)
(-72,98,-262)
(-72,116,-304)
(-49,139,-333)
(-34,154,-362)
(-16,168,-386)
(9,179,-397)
(34,190,-414)
(48,206,-418)
(64,218,-416)
(76,218,-426)
(76,234,-420)
(82,244,-418)
(81,243,-427)
(92,240,-428)
(111,255,-423)
(135,263,-423)
(142,248,-428)
(149,251,-423)
(164,274,-428)
(154,276,-424)
(169,275,-419)
(174,264,-422)
(184,268,-438)
(177,291,-419)
(172,294,-406)
(175,297,-411)
(172,278,-416)
(161,265,-431)
(137,257,-435)
(128,260,-430)
(100,266,-420)
(63,285,-393)
(21,303,-363)
(8,310,-332)
(2,330,-308)
(-7,329,-299)
(-16,328,-272)
(-36,336,-244)
(-27,351,-205)
(-24,346,-150)
(-6,348,-98)
(35,363,-65)
(49,369,-61)
(59,375,-59)
(87,375,-49)
(123,389,-57)
(160,396,-66)
(201,387,-73)
(240,382,-76)
(277,379,-105)
(304,374,-146)
(311,367,-193)
(306,360,-246)
(295,345,-295)
(283,329,-339)
(260,308,-362)
(222,304,-384)
(192,288,-404)
(169,283,-411)
(152,274,-418)
(146,254,-422)
(139,223,-429)
(136,208,-440)
(117,195,-443)
(121,211,-437)
(112,244,-438)
(106,264,-408)
(92,286,-406)
(77,307,-389)
(41,303,-373)
(44,318,-358)
(65,351,-341)
(76,358,-342)
(128,354,-368)
(163,323,-399)
(176,274,-424)
(162,256,-428)
(209,285,-407)
(288,276,-384)
(309,281,-355)
(257,337,-357)
(202,356,-360)
(158,344,-384)
(148,324,-402)
(241,347,-359)
(337,277,-315)
(363,253,-313)
(368,220,-308)
(304,296,-344)
(255,327,-359)
(251,339,-353)
(282,376,-286)
(333,353,-241)
(374,298,-212)
(385,263,-233)
(343,319,-277)
(298,368,-264)
(295,381,-203)
(307,385,-191)
(347,335,-151)
(371,301,-131)
(367,321,-151)
(323,365,-157)
(271,403,-175)
(265,405,-159)
(266,366,-70)
(289,331,-29)
(295,323,-23)
(286,350,-44)
(242,386,-70)
(181,389,-63)
(123,351,-11)
(94,312,32)
(96,304,30)
(110,326,38)
(94,336,22)
(81,311,21)
(57,295,17)
(22,276,16)
(-2,226,20)
(-29,227,7)
(-11,263,-5)
(-2,288,-6)
(5,291,1)
(-6,252,4)
(-12,224,6)
(-35,191,-5)
(-60,154,-24)
(-81,131,-57)
(-93,195,-95)
(-68,282,-122)
(-64,298,-124)
(-80,274,-112)
(-85,181,-85)
(-84,126,-70)
(-71,81,-95)
(-77,39,-149)
(-90,74,-186)
(-97,205,-205)
(-81,265,-201)
(-88,228,-196)
(-104,124,-186)
(-81,61,-197)
(-73,29,-235)
(-66,44,-264)
(-80,142,-284)
(-74,228,-276)
(-71,243,-285)
(-80,232,-260)
(-93,133,-237)
(-74,58,-248)
(-58,42,-276)
(-43,53,-291)
(-66,116,-312)
(-66,198,-312)
(-69,215,-315)
(-75,181,-301)
(-68,92,-290)
(-42,30,-290)
(-10,22,-324)
(-13,41,-337)
(-32,98,-354)
(-34,146,-342)
(-48,180,-338)
(-48,184,-338)
(-63,127,-319)
(-44,68,-332)
(-20,52,-344)
(-12,78,-354)
(-25,127,-373)
(-26,136,-364)
(-34,186,-354)
(-37,201,-341)
(-50,214,-322)
(-73,171,-311)
(-54,78,-310)
(-23,51,-335)
(14,44,-364)
(27,61,-393)
(54,72,-416)
(88,82,-418)
(129,89,-439)
(151,97,-437)
(193,111,-449)
(209,123,-443)
(209,147,-445)
(204,152,-452)
(200,154,-446)
(189,167,-451)
(184,168,-446)
(171,155,-449)
(162,118,-442)
(102,116,-426)
(46,80,-402)
(9,79,-377)
(-10,66,-348)
(-30,64,-334)
(-48,68,-312)
(-73,77,-281)
(-90,94,-234)
(-97,109,-207)
(-105,111,-191)
(-105,127,-161)
(-100,136,-132)
(-95,159,-111)
(-94,176,-80)
(-67,205,-47)
(-38,238,-22)
(-7,261,5)
(35,295,15)
(81,311,31)
(130,322,22)
(176,330,22)
(223,343,-1)
(267,349,-23)
(294,350,-58)
(309,349,-85)
(332,342,-110)
(343,327,-125)
(339,339,-147)
(342,344,-164)
(348,340,-148)
(340,348,-128)
(321,345,-117)
(331,339,-91)
(315,341,-65)
(275,349,-31)
(240,326,-2)
(214,306,22)
(168,296,50)
(138,274,62)
(119,273,61)
(54,254,42)
(14,240,38)
(-23,227,7)
(-63,217,-35)
(-83,233,-87)
(-87,255,-137)
(-77,275,-193)
(-60,292,-234)
(-47,291,-269)
(-42,294,-298)
(-27,279,-329)
(-10,270,-356)
(16,256,-392)
(29,233,-401)
(41,225,-405)
(45,217,-413)
(20,224,-394)
(-20,234,-362)
(-53,243,-303)
(-72,252,-254)
(-88,256,-208)
(-85,261,-163)
(-83,265,-107)
(-63,259,-73)
(-43,263,-25)
(-4,264,14)
(38,268,42)
(87,261,67)
(148,260,74)
(210,264,62)
(269,257,37)
(305,277,7)
(323,289,-31)
(335,311,-67)
(333,331,-101)
(321,361,-131)
(304,370,-170)
(304,376,-206)
(293,367,-231)
(295,375,-221)
(261,405,-201)
(221,403,-179)
(204,410,-138)
(165,401,-89)
(125,397,-53)
(96,372,-38)
(69,361,-41)
(32,350,-38)
(1,331,-61)
(-29,317,-87)
(-51,299,-109)
(-62,294,-150)
(-76,284,-184)
(-80,270,-214)
(-74,256,-242)
(-70,248,-266)
(-69,249,-283)
(-51,243,-303)
(-47,229,-317)
(-56,234,-332)
(-40,232,-332)
(-38,230,-330)
(-56,232,-304)
(-66,234,-274)
(-84,238,-230)
(-86,248,-190)
(-80,256,-128)
(-56,270,-78)
(-25,285,-43)
(14,304,-6)
(75,327,11)
(110,334,28)
(149,347,11)
(155,347,-1)
(119,345,-1)
(77,337,3)
(25,331,-21)
(-4,320,-50)
(-43,299,-77)
(-58,294,-114)
(-73,267,-167)
(-78,254,-216)
(-78,240,-240)
(-79,221,-287)
(-64,208,-312)
(-57,211,-325)
(-63,215,-311)
(-70,218,-290)
(-80,238,-246)
(-80,262,-198)
(-76,272,-160)
(-61,289,-127)
(-46,304,-82)
(-2,322,-50)
(56,332,-20)
(124,356,0)
(191,355,1)
(225,335,1)
(251,313,-5)
(268,340,-14)
(273,371,-73)
(264,382,-112)
(256,394,-156)
(270,392,-204)
(258,382,-228)
(269,387,-249)
(276,374,-266)
(285,363,-289)
(298,350,-302)
(298,352,-300)
(282,364,-282)
(285,375,-229)
(309,367,-211)
(302,376,-172)
(291,377,-145)
(273,375,-117)
(272,368,-70)
(263,347,-41)
(260,324,-10)
(250,298,18)
(240,276,34)
(220,260,58)
(219,247,61)
(181,217,79)
(144,206,84)
(123,185,91)
(103,145,79)
(110,102,76)
(110,70,68)
(117,47,47)
(123,29,43)
(121,23,35)
(101,17,29)
(110,-6,18)
(103,-17,7)
(110,-18,2)
(121,-25,-5)
(126,-34,-8)
(129,-39,-19)
(142,-40,-24)
(152,-46,-36)
(158,-54,-46)
(178,-42,-38)
(188,-44,-48)
(204,-44,-50)
(221,-43,-59)
(219,-49,-75)
(236,-58,-74)
(241,-51,-79)
(240,-54,-92)
(241,-53,-101)
(240,-52,-106)
(239,-57,-107)
(255,-61,-119)
(245,-55,-117)
(247,-69,-119)
(220,-72,-124)
(194,-80,-100)
(166,-70,-80)
(135,-47,-39)
(85,-21,-5)
(48,24,6)
(0,52,2)
(-46,122,-4)
(-77,169,-53)
(-76,236,-106)
(-87,265,-173)
(-59,273,-253)
(-34,270,-308)
(-8,258,-370)
(52,236,-412)
(118,256,-430)
(128,278,-440)
(124,278,-424)
(104,274,-416)
(80,272,-408)
(66,300,-390)
(56,312,-378)
(51,339,-363)
(67,349,-347)
(74,368,-316)
(97,383,-323)
(113,381,-315)
(128,406,-304)
(106,394,-280)
(108,412,-264)
(140,420,-236)
(151,421,-233)
(164,418,-238)
(179,419,-249)
(194,406,-264)
(185,411,-271)
(196,404,-266)
(189,395,-287)
(183,399,-287)
(187,393,-297)
(183,407,-291)
(174,404,-282)
(152,414,-260)
(121,411,-239)
(66,404,-210)
(26,376,-196)
(-8,356,-198)
(-42,334,-210)
(-63,301,-213)
(-64,280,-206)
(-86,270,-212)
(-79,255,-225)
(-81,263,-243)
(-75,257,-243)
(-72,264,-260)
(-65,269,-269)
(-57,279,-287)
(-44,276,-298)
(-30,290,-320)
(-22,290,-342)
(-17,293,-357)
(22,288,-372)
(27,285,-389)
(63,285,-411)
(93,271,-417)
(123,275,-425)
(140,282,-432)
(162,276,-432)
(187,273,-431)
(194,244,-438)
(221,221,-437)
(242,182,-440)
(251,163,-435)
(255,133,-431)
(268,112,-416)
(278,96,-406)
(271,75,-391)
(274,66,-394)
(265,47,-381)
(266,38,-372)
(261,19,-371)
(263,19,-375)
(258,26,-374)
(255,33,-371)
(257,23,-365)
(258,16,-374)
(257,9,-365)
(260,6,-360)
(254,0,-360)
(241,-1,-359)
(254,2,-356)
(231,5,-371)
(208,34,-396)
(203,27,-405)
(183,9,-391)
(211,5,-383)
(218,16,-400)
(202,48,-418)
(184,82,-438)
(167,119,-447)
(173,111,-443)
(170,74,-432)
(185,31,-393)
(207,-21,-371)
(222,-8,-356)
(238,10,-368)
(250,32,-394)
(227,61,-405)
(225,53,-407)
(230,28,-376)
(216,-10,-356)
(227,-37,-329)
(232,-42,-312)
(231,-27,-329)
(242,-2,-370)
(240,30,-388)
(233,33,-399)
(237,23,-397)
(236,4,-370)
(242,-32,-338)
(244,-32,-320)
(256,-24,-330)
(248,0,-368)
(233,51,-407)
(205,65,-415)
(194,64,-416)
(192,36,-416)
(204,2,-382)
(226,-12,-366)
(243,11,-375)
(222,44,-408)
(203,85,-429)
(234,52,-402)
(268,24,-370)
(283,-5,-325)
(271,-29,-303)
(271,-39,-275)
(259,-57,-255)
(252,-66,-242)
(242,-66,-236)
(232,-76,-232)
(230,-70,-242)
(225,-67,-261)
(215,-63,-287)
(198,-52,-318)
(173,-33,-349)
(143,1,-393)
(133,57,-411)
(117,109,-441)
(127,175,-453)
(134,234,-442)
(132,272,-424)
(154,290,-414)
(159,237,-449)
(175,139,-445)
(204,80,-420)
(243,33,-391)
(254,6,-358)
(250,-26,-338)
(245,-33,-321)
(241,-27,-327)
(199,-11,-373)
(168,30,-400)
(95,59,-415)
(58,84,-414)
(26,130,-408)
(-19,197,-377)
(-44,248,-334)
(-49,281,-287)
(-32,328,-236)
(3,363,-171)
(24,374,-118)
(22,372,-96)
(47,377,-77)
(65,389,-81)
(95,401,-103)
(110,412,-122)
(123,423,-147)
(117,409,-167)
(80,410,-196)
(24,384,-210)
(-6,366,-210)
(-13,347,-185)
(-16,348,-158)
(19,365,-141)
(49,395,-141)
(98,412,-178)
(105,411,-219)
(82,410,-248)
(21,373,-253)
(-11,347,-245)
(-15,343,-217)
(0,372,-182)
(27,389,-161)
(34,388,-132)
(14,366,-98)
(-2,340,-70)
(-4,330,-54)
(-15,303,-49)
(-26,280,-40)
(-50,264,-44)
(-54,250,-60)
(-67,271,-117)
(-73,277,-221)
(-47,265,-325)
(19,241,-389)
(79,191,-431)
(131,143,-453)
(175,103,-441)
(235,59,-407)
(278,48,-380)
(306,38,-364)
(295,37,-347)
(298,20,-342)
(289,3,-325)
(277,-3,-321)
(271,-19,-319)
(254,-26,-314)
(247,-31,-329)
(214,-32,-344)
(170,-22,-356)
(100,6,-370)
(25,35,-365)
(-49,95,-321)
(-69,149,-269)
(-88,202,-220)
(-90,228,-168)
(-67,243,-103)
(-49,243,-39)
(-41,201,-9)
(-23,175,9)
(-23,137,13)
(-14,96,-2)
(-18,68,-10)
(-27,51,-31)
(-23,37,-49)
(-24,24,-62)
(-27,17,-71)
(-26,14,-84)
(-40,10,-98)
(-31,11,-111)
(-37,23,-115)
(-41,15,-107)
(-38,24,-96)
(-41,33,-73)
(-36,46,-52)
(-33,55,-39)
(-32,80,-34)
(-36,108,-26)
(-37,113,-19)
(-47,111,-29)
(-40,92,-22)
(-32,92,-32)
(-44,110,-26)
(-51,133,-23)
(-54,180,-20)
(-44,184,-14)
(-42,146,-28)
(-32,112,-22)
(-52,120,-18)
(-50,128,-34)
(-51,163,-31)
(-43,191,-13)
(-31,225,-23)
(-46,222,-24)
(-40,190,-2)
(-41,159,-13)
(-58,152,-34)
(-62,176,-40)
(-42,208,-34)
(-31,245,-25)
(-33,261,-31)
(-16,268,-32)
(-26,270,-34)
(-38,248,-26)
(-29,249,-27)
(-16,266,-18)
(-16,296,-34)
(3,323,-47)
(21,357,-83)
(34,380,-102)
(56,376,-136)
(47,383,-161)
(53,397,-191)
(47,387,-251)
(34,350,-300)
(15,309,-339)
(16,260,-364)
(28,202,-406)
(53,163,-419)
(64,152,-432)
(21,195,-405)
(-18,234,-362)
(-34,258,-328)
(-40,292,-280)
(-44,304,-204)
(-20,340,-148)
(6,346,-104)
(25,351,-55)
(43,353,-43)
(40,350,-46)
(16,330,-30)
(4,306,-30)
(-16,300,-44)
(-26,306,-80)
(-30,316,-118)
(-30,338,-144)
(-14,362,-166)
(15,369,-223)
(30,364,-262)
(24,332,-324)
(4,296,-346)
(-6,250,-358)
(-28,220,-354)
(-54,210,-314)
(-72,234,-272)
(-71,267,-221)
(-62,302,-174)
(-26,326,-104)
(4,324,-64)
(0,294,-24)
(-17,261,-13)
(-24,242,-26)
(-42,244,-40)
(-49,249,-53)
(-62,254,-80)
(-57,265,-107)
(-61,283,-137)
(-37,319,-201)
(-39,317,-231)
(-49,283,-263)
(-66,250,-262)
(-77,253,-203)
(-75,265,-171)
(-72,278,-148)
(-49,301,-139)
(-22,338,-126)
(-9,353,-133)
(-6,356,-152)
(2,370,-166)
(8,360,-180)
(5,371,-195)
(7,367,-199)
(1,371,-201)
(9,371,-213)
(11,369,-219)
(18,372,-230)
(19,373,-233)
(11,363,-231)
(2,358,-210)
(0,364,-166)
(-8,350,-122)
(-29,305,-93)
(-48,258,-68)
(-47,235,-59)
(-54,208,-48)
(-60,172,-48)
(-64,162,-36)
(-63,149,-51)
(-73,141,-79)
(-77,131,-83)
(-81,129,-107)
(-93,153,-135)
(-95,183,-177)
(-86,202,-200)
(-82,232,-222)
(-60,262,-252)
(-35,311,-273)
(0,330,-290)
(39,357,-303)
(77,371,-311)
(98,384,-308)
(107,391,-303)
(120,390,-300)
(141,389,-297)
(154,402,-302)
(154,398,-302)
(173,385,-305)
(176,380,-320)
(194,350,-344)
(192,316,-386)
(222,262,-412)
(228,236,-420)
(213,165,-423)
(206,102,-426)
(219,65,-405)
(217,5,-371)
(196,-24,-354)
(190,-36,-330)
(183,-43,-333)
(172,-28,-346)
(160,-4,-374)
(132,48,-416)
(66,124,-432)
(50,226,-422)
(41,289,-389)
(8,314,-332)
(-3,337,-281)
(-4,356,-214)
(-15,347,-137)
(-30,308,-80)
(-31,255,-25)
(-9,225,13)
(15,197,35)
(35,173,49)
(62,144,66)
(84,94,74)
(116,66,66)
(144,40,48)
(179,19,23)
(201,-17,-9)
(215,-41,-37)
(222,-66,-84)
(218,-74,-132)
(209,-85,-171)
(207,-81,-189)
(191,-81,-217)
(189,-85,-211)
(191,-87,-215)
(194,-72,-210)
(184,-82,-218)
(148,-84,-240)
(116,-72,-270)
(75,-49,-305)
(32,-12,-324)
(8,20,-340)
(-27,69,-321)
(-59,105,-317)
(-79,147,-283)
(-95,169,-259)
(-98,212,-220)
(-95,233,-197)
(-92,232,-176)
(-73,281,-171)
(-54,308,-154)
(-44,322,-148)
(-46,338,-168)
(-14,362,-170)
(-2,374,-154)
(37,373,-111)
(45,387,-91)
(73,385,-81)
(104,396,-90)
(111,407,-99)
(127,411,-117)
(156,420,-152)
(207,421,-181)
(241,411,-211)
(261,397,-225)
(280,388,-234)
(287,381,-229)
(293,379,-215)
(278,390,-196)
(261,403,-171)
(229,419,-125)
(181,413,-97)
(128,404,-74)
(85,393,-67)
(71,373,-55)
(50,362,-50)
(31,351,-37)
(31,333,-33)
(9,329,-23)
(7,317,-31)
(3,299,-27)
(-11,299,-29)
(-20,280,-10)
(-35,263,-21)
(-29,241,-1)
(-21,221,5)
(-12,204,36)
(18,190,42)
(39,165,69)
(48,152,78)
(76,126,80)
(88,106,78)
(114,100,80)
(126,94,80)
(122,100,74)
(118,102,78)
(104,102,78)
(89,131,79)
(65,129,81)
(39,131,69)
(36,146,62)
(29,159,65)
(25,155,49)
(13,159,37)
(3,157,45)
(3,159,47)
(-8,156,38)
(-17,159,37)
(-13,183,27)
(-4,186,38)
(0,166,40)
(-8,136,42)
(-25,143,21)
(-30,184,14)
(-35,211,1)
(-39,209,11)
(-43,185,-3)
(-53,153,-1)
(-43,157,-1)
(-48,174,8)
(-39,191,3)
(-33,203,-5)
(-39,179,9)
(-51,155,-7)
(-49,141,-3)
(-50,170,-2)
(-43,193,7)
(-29,217,-7)
(-41,197,1)
(-51,167,5)
(-55,169,3)
(-43,185,3)
(-44,216,4)
(-37,225,-1)
(-30,208,12)
(-35,171,11)
(-31,151,15)
(-46,150,0)
(-43,175,1)
(-33,203,-3)
(-25,219,3)
(-30,202,8)
(-36,176,12)
(-37,161,15)
(-40,164,12)
(-43,181,5)
(-37,195,15)
(-24,214,22)
(-22,210,24)
(-34,178,16)
(-44,160,4)
(-46,156,4)
(-47,175,5)
(-40,198,8)
(-32,194,24)
(-33,191,25)
(-37,173,17)
(-25,147,13)
(-34,128,18)
(-34,114,12)
(-17,105,23)
(-20,90,20)
(-19,87,13)
(-10,92,18)
(-14,90,14)
(-22,102,16)
(-26,106,22)
(-17,95,9)
(-1,75,17)
(-10,66,10)
(3,63,13)
(11,49,23)
(21,45,23)
(29,51,17)
(20,48,24)
(22,40,20)
(16,54,24)
(19,51,27)
(20,48,20)
(13,47,19)
(19,51,21)
(12,66,26)
(10,62,22)
(-7,87,21)
(-28,106,4)
(-46,124,0)
(-32,142,-2)
(-39,139,1)
(-39,149,-15)
(-57,167,-1)
(-44,174,0)
(-41,175,-1)
(-47,185,-5)
(-39,183,3)
(-48,178,-8)
(-49,189,-7)
(-54,206,-20)
(-52,198,-14)
(-56,178,-6)
(-39,189,5)
(-47,223,-11)
(-51,243,-19)
(-48,220,-14)
(-57,197,-9)
(-43,199,-3)
(-49,229,-13)
(-48,262,-40)
(-50,282,-72)
(-64,266,-90)
(-81,257,-101)
(-76,260,-114)
(-77,273,-131)
(-70,276,-142)
(-73,277,-125)
(-63,275,-113)
(-64,294,-100)
(-62,300,-116)
(-65,281,-119)
(-76,280,-116)
(-74,270,-92)
(-55,273,-57)
(-46,234,-8)
(-26,198,30)
(-9,171,33)
(0,152,44)
(19,115,47)
(38,96,52)
(48,80,50)
(64,74,56)
(44,62,52)
(48,72,52)
(52,66,48)
(52,68,48)
(52,74,54)
(52,82,54)
(48,84,64)
(45,85,55)
(48,92,60)
(45,85,57)
(47,93,57)
(47,89,57)
(41,87,53)
(33,95,47)
(17,105,39)
(-9,115,29)
(-23,103,29)
(-17,107,25)
(-9,129,33)
(-9,133,45)
(-7,115,37)
(-9,113,31)
(-10,104,18)
(-14,108,32)
(-4,130,34)
(-2,126,36)
(-9,111,29)
(-14,96,18)
(-13,109,19)
(-11,127,27)
(-13,139,35)
(-10,130,28)
(-21,113,19)
(-16,106,16)
(-25,123,27)
(-23,135,29)
(-8,134,26)
(-15,119,19)
(-6,118,28)
(11,105,43)
(26,106,48)
(30,116,58)
(39,151,67)
(43,149,69)
(46,150,68)
(56,148,82)
(53,155,79)
(52,158,88)
(50,158,76)
(43,145,67)
(23,143,53)
(3,133,39)
(-20,134,28)
(-27,131,17)
(-25,109,7)
(-35,105,15)
(-29,105,-3)
(-40,94,-8)
(-57,91,-21)
(-41,91,-5)
(-33,91,-11)
(-45,87,-11)
(-53,81,-35)
(-59,77,-39)
(-58,66,-52)
(-56,70,-52)
(-63,61,-65)
(-66,50,-70)
(-69,61,-77)
(-76,60,-96)
(-72,82,-70)
(-74,114,-38)
(-63,121,-25)
(-71,97,-39)
(-76,76,-62)
(-76,100,-64)
(-82,120,-56)
(-75,123,-55)
(-79,95,-81)
(-92,96,-104)
(-90,96,-98)
(-100,102,-128)
(-104,92,-146)
(-96,86,-174)
(-95,91,-183)
(-96,70,-188)
(-79,71,-205)
(-77,51,-237)
(-64,46,-256)
(-52,26,-268)
(-42,12,-286)
(-32,0,-284)
(-30,6,-276)
(-43,19,-285)
(-38,6,-280)
(-33,-5,-281)
(-7,-9,-287)
(6,-18,-294)
(1,-35,-281)
(13,-33,-277)
(17,-39,-275)
(18,-46,-262)
(39,-53,-257)
(64,-70,-256)
(53,-75,-259)
(58,-72,-248)
(54,-70,-258)
(36,-48,-256)
(-6,-30,-252)
(-26,-20,-238)
(-9,-37,-225)
(30,-54,-240)
(50,-64,-260)
(47,-49,-303)
(59,-33,-327)
(60,-14,-356)
(74,-26,-354)
(94,-52,-314)
(90,-68,-284)
(101,-85,-243)
(97,-87,-219)
(97,-79,-215)
(83,-85,-223)
(72,-80,-218)
(68,-80,-236)
(48,-68,-236)
(37,-57,-259)
(21,-45,-263)
(-1,-35,-249)
(-17,-21,-243)
(-31,-15,-241)
(-36,2,-242)
(-45,1,-233)
(-19,-21,-263)
(8,-32,-278)
(36,-44,-284)
(47,-57,-285)
(75,-71,-275)
(75,-75,-263)
(82,-78,-260)
(95,-79,-263)
(83,-67,-279)
(79,-63,-293)
(52,-62,-274)
(61,-81,-253)
(64,-74,-230)
(70,-68,-262)
(65,-47,-305)
(58,-26,-338)
(38,14,-350)
(20,-4,-326)
(17,-43,-249)
(41,-63,-245)
(61,-61,-263)
(79,-41,-319)
(71,-23,-349)
(37,-31,-309)
(50,-62,-260)
(49,-79,-217)
(74,-80,-222)
(91,-61,-273)
(66,-32,-322)
(41,-11,-335)
(-8,-6,-298)
(13,-45,-245)
(44,-68,-236)
(68,-66,-244)
(56,-48,-286)
(24,14,-342)
(-3,11,-329)
(3,-25,-287)
(54,-72,-236)
(74,-68,-242)
(56,-36,-306)
(15,-1,-311)
(-5,7,-299)
(-7,-23,-261)
(34,-62,-222)
(69,-75,-223)
(93,-65,-261)
(94,-64,-280)
(84,-58,-294)
(66,-34,-316)
(43,-29,-317)
(-25,1,-275)
(-26,-12,-238)
(-6,-34,-224)
(11,-53,-235)
(49,-53,-275)
(44,-34,-318)
(33,-25,-337)
(26,-12,-322)
(6,-14,-290)
(-11,-13,-277)
(-13,-23,-249)
(-5,-31,-225)
(0,-40,-226)
(-14,-32,-236)
(-13,-7,-271)
(5,9,-325)
(33,15,-355)
(77,25,-397)
(115,13,-401)
(122,-6,-368)
(125,-31,-343)
(124,-76,-292)
(129,-85,-263)
(136,-90,-252)
(123,-85,-255)
(114,-82,-264)
(92,-76,-278)
(85,-59,-305)
(71,-41,-329)
(43,-29,-325)
(-5,-19,-279)
(-37,-3,-249)
(-72,20,-188)
(-68,26,-136)
(-78,64,-112)
(-72,88,-62)
(-49,105,-17)
(-13,119,17)
(37,115,69)
(95,129,83)
(152,134,88)
(206,170,86)
(259,201,67)
(285,237,33)
(305,259,5)
(314,270,-26)
(333,291,-43)
(330,300,-52)
(321,313,-47)
(301,301,-13)
(279,287,15)
(239,279,37)
(190,276,52)
(150,256,60)
(128,248,62)
(96,228,74)
(71,215,67)
(64,168,76)
(63,133,73)
(65,91,73)
(59,69,51)
(50,38,42)
(46,22,22)
(20,0,-6)
(10,-16,-46)
(-9,-27,-95)
(-13,-33,-127)
(-23,-29,-185)
(-21,-23,-219)
(-11,-21,-255)
(2,-14,-278)
(1,-9,-299)
(5,-11,-317)
(11,-9,-319)
(7,-7,-307)
(-3,1,-293)
(-20,10,-268)
(-56,6,-214)
(-69,21,-177)
(-75,37,-153)
(-74,38,-140)
(-65,51,-111)
(-62,54,-82)
(-59,53,-69)
(-68,46,-80)
(-72,46,-102)
(-74,36,-128)
(-75,27,-145)
(-61,17,-179)
(-70,32,-200)
(-82,60,-170)
(-85,69,-117)
(-85,115,-67)
(-63,159,-25)
(-33,165,17)
(-17,167,37)
(-2,166,50)
(20,172,64)
(49,173,75)
(79,171,91)
(98,176,84)
(104,182,88)
(128,186,96)
(129,191,83)
(116,192,90)
(121,177,83)
(79,177,83)
(64,158,76)
(29,145,59)
(9,135,43)
(-12,128,24)
(-25,105,11)
(-35,111,5)
(-10,122,26)
(6,142,46)
(44,138,64)
(63,141,69)
(62,150,78)
(66,146,80)
(77,151,75)
(76,146,82)
(84,148,78)
(86,144,78)
(62,146,68)
(31,117,51)
(11,105,31)
(-16,84,8)
(-27,67,-15)
(-43,47,-41)
(-40,36,-56)
(-53,51,-67)
(-49,61,-47)
(-36,90,-8)
(-3,125,43)
(39,151,61)
(62,146,74)
(71,151,81)
(88,160,86)
(108,156,90)
(128,164,80)
(138,166,86)
(148,164,90)
(177,161,77)
(194,172,84)
(201,183,81)
(187,183,87)
(186,178,78)
(168,188,94)
(138,176,82)
(127,175,85)
(109,171,87)
(82,168,78)
(59,159,73)
(50,150,62)
(30,146,56)
(15,135,41)
(-9,137,35)
(-26,130,12)
(-28,126,2)
(-35,129,3)
(-11,145,29)
(1,159,35)
(-13,157,23)
(-26,126,14)
(-22,110,16)
(-18,118,30)
(10,146,40)
(15,173,53)
(15,201,51)
(17,195,43)
(-4,162,36)
(4,132,30)
(-1,119,39)
(14,124,46)
(29,151,61)
(22,184,60)
(24,198,50)
(8,178,38)
(2,150,40)
(1,123,33)
(6,106,30)
(1,125,29)
(13,145,37)
(21,199,45)
(27,201,43)
(21,213,51)
(27,207,51)
(39,175,59)
(76,172,72)
(95,183,71)
(107,167,81)
(120,174,88)
(139,179,81)
(165,171,91)
(189,169,83)
(199,179,81)
(209,193,75)
(216,194,72)
(216,190,78)
(225,183,79)
(219,193,77)
(209,193,81)
(195,187,83)
(163,179,77)
(133,163,83)
(84,144,80)
(73,141,81)
(47,125,57)
(34,120,62)
(2,100,34)
(-14,88,10)
(-33,83,-9)
(-42,72,-36)
(-59,55,-67)
(-72,60,-80)
(-74,60,-102)
(-72,40,-128)
(-70,28,-152)
(-65,17,-191)
(-47,7,-235)
(-17,1,-307)
(22,-4,-336)
(58,-14,-348)
(76,-16,-354)
(86,-26,-358)
(99,-33,-343)
(96,-38,-338)
(97,-55,-319)
(91,-67,-301)
(88,-68,-292)
(101,-79,-269)
(101,-71,-263)
(109,-79,-265)
(110,-88,-256)
(116,-84,-262)
(108,-84,-258)
(95,-73,-257)
(59,-63,-257)
(52,-60,-262)
(28,-50,-242)
(-2,-46,-226)
(-24,-26,-208)
(-42,-10,-188)
(-52,4,-180)
(-63,13,-165)
(-65,13,-159)
(-74,34,-142)
(-77,45,-145)
(-88,60,-132)
(-72,54,-138)
(-89,59,-145)
(-79,51,-145)
(-77,45,-151)
(-76,34,-158)
(-64,8,-176)
(-54,4,-202)
(-53,1,-199)
(-70,12,-194)
(-63,3,-205)
(-65,9,-197)
(-67,9,-191)
(-65,13,-193)
(-72,24,-184)
(-80,36,-186)
(-75,41,-179)
(-83,57,-171)
(-88,76,-160)
(-88,86,-140)
(-102,100,-122)
(-99,115,-111)
(-95,109,-109)
(-101,129,-83)
(-83,133,-67)
(-86,108,-88)
(-84,86,-106)
(-80,52,-138)
(-69,19,-167)
(-62,12,-182)
(-31,-33,-201)
(11,-47,-231)
(37,-79,-239)
(62,-82,-248)
(81,-79,-245)
(82,-84,-236)
(96,-98,-230)
(95,-93,-225)
(87,-93,-219)
(79,-91,-209)
(85,-89,-209)
(81,-89,-215)
(29,-77,-197)
(-13,-45,-203)
(-42,-6,-200)
(-68,26,-164)
(-88,66,-132)
(-83,87,-89)
(-76,116,-64)
(-78,158,-42)
(-57,207,-39)
(-35,261,-39)
(-19,311,-63)
(-9,323,-69)
(5,357,-93)
(21,373,-143)
(27,385,-201)
(42,392,-216)
(52,386,-258)
(68,390,-286)
(87,395,-299)
(94,388,-308)
(91,387,-317)
(97,379,-333)
(117,369,-337)
(124,362,-352)
(126,362,-358)
(137,365,-361)
(140,366,-370)
(136,368,-364)
(137,365,-363)
(139,373,-351)
(127,383,-321)
(121,403,-283)
(120,408,-276)
(105,419,-243)
(95,417,-211)
(103,419,-193)
(88,412,-162)
(101,417,-139)
(111,415,-121)
(110,412,-126)
(114,418,-116)
(103,415,-117)
(114,408,-134)
(109,413,-121)
(117,409,-127)
(112,412,-122)
(114,412,-120)
(107,417,-123)
(107,405,-113)
(115,411,-101)
(125,409,-105)
(105,411,-137)
(80,392,-112)
(67,385,-81)
(89,389,-65)
(108,384,-50)
(122,386,-48)
(122,380,-34)
(121,387,-33)
(134,382,-42)
(139,381,-41)
(144,380,-38)
(136,372,-26)
(147,369,-29)
(136,382,-34)
(153,377,-51)
(161,381,-25)
(155,359,-3)
(153,337,11)
(158,328,28)
(175,333,27)
(184,332,18)
(187,341,11)
(177,341,11)
(164,340,22)
(156,310,42)
(141,283,61)
(144,266,66)
(125,249,71)
(122,224,84)
(117,199,83)
(115,181,85)
(103,163,89)
(106,178,88)
(110,244,64)
(143,275,51)
(181,333,23)
(192,380,-36)
(205,413,-99)
(198,422,-136)
(198,424,-140)
(175,425,-187)
(137,433,-189)
(97,409,-187)
(47,397,-167)
(-6,364,-128)
(-52,318,-104)
(-69,271,-79)
(-75,263,-77)
(-78,238,-70)
(-86,214,-74)
(-89,195,-81)
(-81,187,-89)
(-98,178,-110)
(-105,175,-149)
(-105,171,-209)
(-98,168,-234)
(-92,176,-268)
(-89,173,-277)
(-76,180,-302)
(-69,175,-327)
(-58,184,-344)
(-56,192,-350)
(-60,208,-336)
(-59,213,-321)
(-76,234,-292)
(-88,206,-280)
(-85,189,-301)
(-76,154,-316)
(-65,133,-317)
(-60,110,-316)
(-39,79,-337)
(-26,92,-366)
(0,94,-380)
(7,107,-395)
(1,131,-395)
(2,142,-398)
(-15,155,-379)
(-19,175,-367)
(-34,186,-368)
(-23,177,-377)
(-29,121,-379)
(-9,81,-373)
(4,76,-392)
(23,95,-397)
(8,104,-394)
(-17,129,-379)
(-45,153,-365)
(-55,163,-359)
(-46,170,-346)
(-53,179,-355)
(-40,154,-356)
(-19,151,-365)
(3,143,-407)
(26,140,-416)
(-2,146,-406)
(-8,146,-388)
(-40,126,-358)
(-62,112,-316)
(-82,84,-246)
(-81,53,-171)
(-61,35,-119)
(-48,14,-90)
(-18,0,-52)
(26,0,-16)
(64,6,14)
(118,12,40)
(168,28,56)
(243,55,43)
(288,68,18)
(294,72,24)
(315,95,15)
(315,107,15)
(324,120,8)
(328,142,8)
(340,162,4)
(342,192,0)
(343,215,-11)
(342,222,-14)
(340,254,-24)
(336,290,-46)
(321,341,-81)
(312,362,-124)
(298,380,-170)
(295,383,-213)
(282,386,-258)
(283,367,-293)
(268,366,-314)
(274,360,-320)
(267,361,-317)
(267,367,-311)
(275,359,-313)
(271,361,-307)
(280,362,-314)
(286,364,-304)
(278,356,-298)
(288,366,-308)
(284,368,-312)
(285,351,-305)
(290,358,-306)
(292,364,-278)
(301,361,-277)
(302,372,-252)
(309,367,-207)
(314,372,-182)
(313,365,-119)
(305,347,-57)
(295,305,-9)
(296,296,6)
(279,253,31)
(270,180,56)
(265,121,45)
(275,97,47)
(267,73,41)
(263,53,27)
(255,27,25)
(242,10,22)
(237,-5,5)
(216,-28,-14)
(192,-50,-34)
(180,-62,-42)
(164,-64,-50)
(161,-73,-49)
(155,-75,-63)
(125,-65,-69)
(99,-75,-77)
(103,-71,-81)
(105,-73,-83)
(102,-82,-78)
(84,-72,-82)
(83,-63,-59)
(100,-52,-34)
(107,-49,-35)
(113,-57,-51)
(103,-81,-75)
(77,-63,-85)
(58,-40,-52)
(60,-2,8)
(86,8,24)
(83,-3,29)
(89,-29,-5)
(89,-53,-43)
(81,-65,-83)
(68,-46,-56)
(89,-27,-15)
(148,-26,12)
(200,-12,20)
(211,-23,-1)
(202,-54,-34)
(173,-63,-49)
(132,-86,-78)
(84,-68,-66)
(96,-62,-44)
(129,-27,11)
(154,-16,16)
(168,-16,16)
(166,-30,-12)
(164,-66,-66)
(137,-87,-99)
(79,-75,-105)
(70,-62,-64)
(72,-48,-46)
(76,-22,-2)
(127,-7,23)
(121,-15,13)
(126,-40,-8)
(124,-68,-58)
(101,-77,-101)
(52,-72,-128)
(42,-64,-124)
(1,-47,-121)
(-29,7,-71)
(-24,36,-18)
(-12,32,-10)
(8,-10,-40)
(7,-17,-57)
(18,-38,-106)
(12,-46,-162)
(-27,-21,-163)
(-60,16,-134)
(-64,50,-92)
(-57,51,-73)
(-30,10,-76)
(-19,-25,-113)
(-16,-26,-130)
(-34,-16,-146)
(-52,0,-176)
(-82,52,-152)
(-78,64,-130)
(-74,36,-126)
(-48,0,-162)
(-33,-13,-195)
(-41,-1,-237)
(-60,48,-258)
(-89,113,-245)
(-96,128,-210)
(-102,132,-168)
(-94,110,-116)
(-77,77,-89)
(-44,26,-86)
(-12,-32,-126)
(12,-46,-174)
(-48,8,-194)
(-76,46,-140)
(-87,89,-77)
(-45,121,-11)
(-6,180,32)
(33,223,45)
(61,263,45)
(85,257,53)
(131,233,71)
(146,188,82)
(164,130,88)
(179,75,69)
(193,-1,33)
(196,-44,-24)
(151,-71,-67)
(121,-83,-91)
(78,-76,-106)
(39,-67,-125)
(-24,-20,-152)
(-70,32,-188)
(-95,89,-215)
(-98,148,-224)
(-87,195,-257)
(-80,222,-274)
(-74,240,-266)
(-80,254,-218)
(-91,251,-163)
(-68,228,-90)
(-69,201,-45)
(-24,148,26)
(32,98,44)
(35,43,23)
(-29,37,-57)
(-71,89,-63)
(-85,137,-67)
(-79,197,-49)
(-60,214,-28)
(-23,151,19)
(18,128,54)
(34,122,48)
(26,84,40)
(35,55,25)
(5,23,-7)
(-4,28,-22)
(-27,35,-37)
(-29,75,-25)
(-28,138,16)
(13,159,51)
(56,180,72)
(76,176,76)
(78,126,60)
(86,108,64)
(84,64,52)
(98,2,20)
(74,-16,-8)
(42,-18,-26)
(3,11,-11)
(29,59,25)
(63,83,55)
(113,93,71)
(128,78,66)
(134,22,36)
(148,-22,10)
(111,-51,-39)
(50,-46,-70)
(-2,-26,-100)
(-30,0,-92)
(-37,3,-83)
(12,-18,-58)
(43,-35,-37)
(76,-54,-42)
(73,-73,-91)
(37,-73,-155)
(-28,-28,-208)
(-90,64,-202)
(-97,77,-195)
(-99,99,-155)
(-77,39,-113)
(-16,-20,-86)
(42,-56,-102)
(42,-68,-124)
(21,-55,-167)
(-71,29,-187)
(-109,133,-193)
(-98,138,-212)
(-106,134,-216)
(-76,54,-166)
(-5,-41,-125)
(33,-63,-175)
(27,-55,-195)
(-7,-39,-233)
(-68,60,-270)
(-99,153,-249)
(-95,187,-251)
(-78,114,-260)
(-72,56,-242)
(-56,42,-276)
(-51,67,-327)
(-20,102,-370)
(9,159,-401)
(3,161,-401)
(30,248,-402)
(49,265,-409)
(77,289,-405)
(103,303,-407)
(114,320,-408)
(136,310,-400)
(143,329,-393)
(170,334,-392)
(166,336,-390)
(161,351,-381)
(124,336,-386)
(90,312,-402)
(64,218,-428)
(38,68,-410)
(35,29,-381)
(12,-10,-338)
(17,-19,-307)
(-15,-31,-269)
(-27,-33,-241)
(-37,-25,-241)
(-42,-6,-246)
(-77,45,-241)
(-99,153,-235)
(-78,230,-270)
(-40,300,-314)
(31,325,-355)
(110,332,-390)
(152,310,-414)
(225,277,-431)
(241,247,-429)
(263,207,-435)
(280,156,-428)
(285,87,-399)
(307,47,-367)
(303,15,-337)
(301,-5,-311)
(310,-8,-300)
(312,-16,-282)
(304,-14,-290)
(304,8,-308)
(302,28,-354)
(305,121,-405)
(279,195,-423)
(240,306,-396)
(191,395,-305)
(165,423,-187)
(172,388,-58)
(172,368,-28)
(200,302,18)
(246,214,56)
(255,189,53)
(294,130,44)
(330,72,-22)
(338,36,-80)
(333,-3,-151)
(323,-19,-229)
(289,-25,-295)
(279,-21,-311)
(258,-10,-346)
(228,22,-380)
(221,49,-421)
(203,81,-429)
(196,94,-438)
(201,91,-433)
(222,62,-422)
(232,12,-372)
(235,-33,-341)
(232,-66,-304)
(229,-85,-221)
(213,-81,-135)
(204,-56,-44)
(184,-4,26)
(160,66,68)
(139,143,75)
(141,157,75)
(118,222,58)
(97,287,37)
(69,341,-17)
(57,379,-75)
(47,385,-145)
(30,388,-232)
(61,373,-299)
(32,346,-316)
(16,352,-306)
(-21,333,-283)
(-41,295,-249)
(-83,261,-213)
(-89,223,-189)
(-102,156,-186)
(-97,105,-201)
(-85,83,-233)
(-64,50,-270)
(-37,35,-303)
(-28,30,-324)
(10,14,-356)
(42,36,-384)
(65,59,-417)
(71,97,-435)
(52,116,-432)
(37,111,-421)
(-5,77,-369)
(-31,15,-289)
(-21,-27,-179)
(-2,-38,-118)
(-15,-33,-143)
(-18,-24,-170)
(-21,-29,-145)
(15,-41,-123)
(6,-32,-100)
(-31,-23,-153)
(-43,1,-155)
(-60,22,-244)
(-42,58,-330)
(-2,94,-388)
(20,74,-388)
(47,67,-399)
(29,79,-399)
(12,110,-406)
(-13,99,-377)
(-50,54,-298)
(-50,2,-150)
(7,1,-27)
(102,12,38)
(247,65,43)
(305,123,29)
(330,198,2)
(334,278,-28)
(314,338,-84)
(287,389,-159)
(264,396,-192)
(208,402,-276)
(169,391,-325)
(147,363,-361)
(137,341,-389)
(125,327,-393)
(142,346,-376)
(159,385,-337)
(213,399,-287)
(234,408,-238)
(261,393,-199)
(265,395,-135)
(275,377,-111)
(277,353,-57)
(284,326,-28)
(277,311,-1)
(283,295,17)
(265,285,19)
(262,272,28)
(253,261,35)
(253,265,35)
(248,272,32)
(240,268,48)
(232,250,42)
(216,236,62)
(204,240,66)
(181,227,63)
(174,220,76)
(168,212,64)
(178,224,64)
(188,242,66)
(208,244,60)
(227,263,49)
(263,275,33)
(266,288,22)
(257,299,7)
(226,292,26)
(236,246,48)
(234,240,56)
(267,265,35)
(266,302,12)
(247,321,5)
(221,323,11)
(169,299,37)
(118,244,72)
(94,150,80)
(113,85,69)
(93,17,31)
(81,-15,-7)
(67,-29,-29)
(39,-25,-51)
(-7,-35,-103)
(-27,-11,-135)
(-61,17,-185)
(-70,54,-242)
(-65,99,-305)
(-46,134,-350)
(-27,165,-371)
(-19,179,-387)
(-19,185,-383)
(-7,171,-393)
(-10,144,-394)
(-15,101,-369)
(-50,40,-284)
(-51,-11,-175)
(-15,-3,-77)
(1,33,-11)
(43,87,47)
(107,211,67)
(141,343,5)
(124,380,-56)
(109,409,-147)
(95,411,-237)
(100,388,-306)
(121,369,-353)
(150,346,-382)
(181,337,-401)
(204,310,-414)
(206,312,-416)
(226,290,-420)
(228,286,-420)
(238,282,-434)
(217,261,-435)
(197,249,-445)
(191,235,-443)
(158,236,-450)
(111,229,-453)
(27,215,-417)
(-27,175,-373)
(-63,135,-321)
(-72,90,-296)
(-63,47,-251)
(-34,-14,-238)
(-7,-43,-231)
(38,-70,-230)
(85,-73,-265)
(101,-75,-275)
(123,-59,-309)
(132,-48,-342)
(131,-23,-373)
(121,13,-399)
(116,18,-406)
(99,17,-407)
(104,18,-398)
(102,6,-396)
(105,-1,-391)
(105,3,-385)
(104,6,-388)
(94,12,-392)
(83,19,-399)
(59,19,-385)
(51,25,-373)
(21,23,-367)
(31,29,-367)
(23,31,-365)
(11,53,-369)
(25,51,-373)
(14,56,-382)
(15,57,-377)
(18,42,-374)
(14,48,-378)
(4,70,-382)
(-7,91,-381)
(-34,116,-364)
(-46,128,-354)
(-55,95,-325)
(-49,69,-299)
(-34,48,-326)
(-21,13,-299)
(-20,-12,-282)
(-38,0,-252)
(-49,-1,-223)
(-46,-2,-230)
(-29,-9,-227)
(-41,-15,-209)
(-25,-27,-223)
(-12,-32,-230)
(-35,-35,-219)
(-28,-22,-234)
(-35,-13,-239)
(-33,-7,-235)
(-39,-11,-235)
(-58,12,-238)
(-60,20,-242)
(-79,87,-281)
(-70,150,-326)
(-54,208,-346)
(-27,269,-349)
(-1,305,-357)
(19,313,-363)
(70,348,-364)
(118,346,-382)
(140,348,-390)
(168,348,-384)
(177,347,-385)
(199,355,-369)
(205,365,-365)
(215,357,-351)
(217,385,-329)
(229,395,-309)
(227,401,-281)
(249,397,-251)
(273,387,-225)
(286,394,-216)
(315,371,-179)
(332,364,-156)
(346,344,-144)
(347,343,-135)
(340,330,-128)
(347,345,-125)
(333,355,-131)
(341,351,-135)
(330,354,-124)
(323,353,-99)
(320,336,-68)
(321,325,-47)
(321,307,-31)
(336,298,-40)
(345,265,-39)
(348,234,-28)
(349,225,-23)
(293,263,19)
(207,311,33)
(172,322,30)
(22,306,-14)
(-53,261,-61)
(-84,210,-110)
(-100,182,-166)
(-108,138,-198)
(-89,91,-233)
(-65,27,-257)
(-17,-13,-285)
(12,-26,-302)
(36,-20,-330)
(27,-3,-349)
(17,1,-345)
(-11,-1,-313)
(-54,8,-238)
(-80,32,-152)
(-75,69,-81)
(-65,119,-35)
(-32,154,0)
(-9,205,33)
(36,250,34)
(76,298,36)
(131,329,13)
(167,341,5)
(208,350,-12)
(235,355,-19)
(297,315,-7)
(308,282,-4)
(330,270,-2)
(318,270,6)
(316,262,8)
(311,265,3)
(304,272,-2)
(308,270,6)
(291,285,15)
(259,277,35)
(218,262,48)
(208,270,62)
(185,247,67)
(170,250,68)
(134,226,74)
(151,249,67)
(214,264,44)
(237,271,45)
(280,280,22)
(286,278,20)
(299,287,-5)
(298,282,-2)
(271,291,25)
(238,276,36)
(208,276,50)
(159,261,69)
(128,236,70)
(97,231,67)
(140,256,60)
(192,300,38)
(231,303,31)
(282,308,14)
(305,299,-15)
(327,287,-31)
(351,283,-57)
(364,296,-84)
(372,298,-102)
(377,291,-131)
(379,297,-133)
(377,293,-125)
(374,294,-130)
(373,291,-125)
(377,289,-121)
(381,295,-135)
(382,294,-154)
(391,287,-153)
(387,283,-175)
(386,270,-190)
(398,264,-206)
(403,253,-219)
(400,256,-222)
(390,246,-240)
(398,234,-254)
(395,237,-261)
(393,231,-271)
(384,260,-280)
(360,304,-270)
(367,305,-253)
(380,292,-220)
(403,263,-193)
(404,268,-214)
(397,261,-245)
(368,294,-272)
(359,317,-249)
(374,310,-222)
(380,308,-224)
(388,288,-216)
(401,267,-243)
(388,244,-274)
(383,239,-291)
(372,230,-314)
(361,227,-341)
(349,211,-355)
(346,188,-358)
(357,181,-359)
(350,174,-368)
(352,182,-362)
(357,167,-365)
(343,211,-367)
(344,262,-346)
(358,280,-318)
(359,265,-319)
(383,233,-321)
(367,253,-329)
(352,282,-332)
(328,316,-312)
(341,319,-289)
(366,296,-282)
(375,271,-295)
(372,264,-320)
(362,258,-332)
(352,272,-346)
(337,259,-363)
(334,244,-376)
(344,228,-372)
(345,227,-367)
(347,233,-363)
(353,215,-357)
(355,223,-353)
(361,219,-363)
(350,228,-354)
(343,279,-339)
(342,324,-306)
(353,321,-293)
(372,288,-292)
(375,263,-327)
(354,260,-344)
(333,297,-339)
(321,333,-315)
(335,337,-291)
(352,310,-306)
(348,278,-324)
(330,306,-332)
(296,328,-356)
(256,344,-370)
(237,335,-385)
(200,340,-394)
(142,374,-362)
(98,388,-322)
(67,395,-297)
(75,395,-289)
(79,403,-281)
(101,395,-315)
(95,385,-335)
(87,387,-335)
(106,406,-296)
(137,413,-287)
(157,393,-329)
(182,376,-356)
(221,337,-381)
(249,299,-411)
(275,251,-421)
(304,212,-418)
(324,180,-404)
(335,125,-385)
(329,99,-375)
(336,130,-380)
(338,172,-394)
(339,157,-379)
(338,134,-378)
(351,107,-369)
(368,156,-346)
(372,230,-336)
(363,271,-329)
(369,211,-353)
(371,163,-353)
(382,166,-332)
(383,231,-317)
(380,220,-310)
(387,201,-309)
(400,170,-298)
(393,127,-303)
(388,106,-298)
(406,162,-270)
(412,212,-246)
(407,167,-247)
(400,106,-280)
(401,101,-283)
(393,207,-293)
(353,293,-305)
(317,351,-315)
(234,394,-320)
(159,411,-295)
(108,410,-262)
(71,411,-243)
(8,372,-212)
(-40,330,-188)
(-82,250,-170)
(-102,174,-176)
(-107,117,-209)
(-88,100,-234)
(-87,85,-269)
(-64,62,-290)
(-35,79,-333)
(-24,94,-372)
(1,123,-397)
(10,138,-412)
(5,139,-411)
(7,155,-403)
(-8,184,-398)
(-38,208,-362)
(-42,212,-356)
(-44,212,-348)
(-44,188,-364)
(-33,153,-389)
(-12,86,-378)
(-14,24,-328)
(-38,-12,-262)
(-68,14,-182)
(-95,91,-117)
(-76,202,-80)
(-39,289,-65)
(31,369,-77)
(100,408,-98)
(182,406,-106)
(272,396,-122)
(327,341,-91)
(349,301,-63)
(362,246,-50)
(354,210,-28)
(351,189,-21)
(347,151,-11)
(343,145,-11)
(311,65,3)
(255,21,19)
(183,-23,-3)
(123,-47,-29)
(67,-55,-59)
(44,-58,-90)
(11,-41,-139)
(-31,-21,-189)
(-49,17,-243)
(-47,45,-293)
(-41,75,-341)
(-28,76,-352)
(-28,50,-350)
(-31,55,-325)
(-62,90,-314)
(-84,150,-284)
(-78,232,-266)
(-67,285,-241)
(-38,320,-198)
(-26,348,-148)
(27,363,-81)
(89,357,-25)
(138,328,24)
(207,293,45)
(243,241,63)
(278,178,54)
(290,124,42)
(282,82,46)
(248,52,36)
(184,18,30)
(138,-32,12)
(74,-42,-40)
(38,-58,-106)
(8,-66,-162)
(-8,-40,-228)
(-18,-14,-272)
(-23,17,-299)
(-17,37,-323)
(-17,39,-345)
(-22,42,-326)
(-32,44,-314)
(-66,52,-274)
(-85,89,-231)
(-97,133,-213)
(-102,196,-208)
(-75,255,-175)
(-40,314,-114)
(40,330,-38)
(125,309,21)
(177,265,63)
(223,197,77)
(234,130,74)
(235,65,51)
(223,15,23)
(232,-28,-10)
(249,-43,-47)
(230,-62,-88)
(246,-62,-120)
(266,-68,-138)
(269,-65,-157)
(254,-68,-156)
(257,-67,-137)
(251,-69,-87)
(238,-44,-44)
(239,-17,-7)
(251,33,27)
(257,93,51)
(242,150,62)
(224,206,62)
(213,269,43)
(211,317,9)
(217,373,-39)
(215,397,-95)
(228,404,-128)
(221,411,-161)
(226,410,-194)
(219,413,-219)
(210,412,-244)
(179,421,-253)
(139,409,-267)
(96,402,-262)
(23,375,-253)
(-29,329,-245)
(-65,269,-233)
(-94,212,-230)
(-92,184,-236)
(-98,136,-226)
(-98,126,-238)
(-71,67,-261)
(-66,50,-286)
(-49,39,-297)
(-31,45,-307)
(-30,50,-318)
(-30,52,-326)
(-21,69,-355)
(-11,71,-355)
(-25,75,-347)
(-47,75,-317)
(-65,65,-271)
(-81,63,-219)
(-65,33,-189)
(-73,31,-143)
(-54,20,-110)
(-36,32,-70)
(-25,77,17)
(49,95,53)
(85,117,75)
(156,166,84)
(212,202,76)
(267,207,47)
(315,193,25)
(356,174,-12)
(350,182,-2)
(288,200,38)
(226,212,64)
(133,217,75)
(51,195,59)
(-17,145,17)
(-21,133,-11)
(-63,79,-69)
(-65,43,-123)
(-54,24,-190)
(-43,-3,-223)
(-15,-11,-259)
(2,-16,-304)
(28,-26,-332)
(43,-13,-343)
(28,-4,-340)
(-25,3,-301)
(-63,33,-223)
(-83,61,-147)
(-59,91,-73)
(-23,121,7)
(43,125,41)
(110,166,80)
(153,169,87)
(192,160,72)
(235,159,69)
(268,148,52)
(282,132,42)
(286,128,48)
(280,126,48)
(281,137,55)
(287,125,43)
(288,112,38)
(308,162,24)
(321,237,-1)
(289,313,-15)
(211,321,21)
(172,248,68)
(163,151,85)
(173,127,79)
(188,152,86)
(216,180,72)
(178,168,76)
(111,113,71)
(62,66,42)
(32,28,2)
(-4,32,-22)
(-21,107,7)
(15,151,51)
(25,125,47)
(2,90,16)
(-37,95,-3)
(-23,89,-5)
(-32,84,-6)
(-24,94,8)
(-26,104,4)
(-26,108,4)
(-23,105,7)
