(-42,-170,-364)
(-42,-166,-360)
(-44,-168,-376)
(-43,-173,-365)
(-44,-176,-362)
(-53,-171,-363)
(-36,-168,-366)
(-41,-169,-365)
(-40,-174,-364)
(-33,-177,-367)
(-45,-165,-359)
(-41,-173,-369)
(-45,-167,-363)
(-33,-169,-369)
(-40,-172,-364)
(-41,-175,-361)
(-42,-174,-366)
(-48,-172,-376)
(-49,-165,-361)
(-51,-163,-359)
(-55,-169,-351)
(-58,-162,-358)
(-57,-161,-353)
(-58,-154,-362)
(-71,-145,-357)
(-73,-149,-359)
(-83,-149,-351)
(-82,-138,-350)
(-96,-124,-342)
(-111,-113,-331)
(-136,-84,-310)
(-153,-53,-307)
(-164,-18,-302)
(-176,18,-288)
(-176,56,-302)
(-169,89,-313)
(-160,110,-324)
(-161,141,-327)
(-147,157,-347)
(-129,169,-357)
(-119,185,-369)
(-103,205,-385)
(-95,223,-387)
(-72,236,-396)
(-59,239,-407)
(-45,245,-421)
(-31,259,-431)
(-20,254,-434)
(2,248,-432)
(26,266,-436)
(66,276,-434)
(102,280,-420)
(117,285,-425)
(125,287,-411)
(119,291,-375)
(118,310,-312)
(122,308,-262)
(122,292,-200)
(130,268,-158)
(133,249,-125)
(150,246,-132)
(162,256,-168)
(158,292,-256)
(154,300,-316)
(118,302,-364)
(74,306,-344)
(38,306,-246)
(44,290,-204)
(62,268,-168)
(75,263,-145)
(87,257,-149)
(90,262,-142)
(104,272,-152)
(103,295,-205)
(110,312,-286)
(110,290,-388)
(107,281,-441)
(103,257,-463)
(101,255,-479)
(104,268,-464)
(111,295,-343)
(116,306,-242)
(119,287,-181)
(126,282,-170)
(121,287,-173)
(124,302,-240)
(128,314,-328)
(120,292,-410)
(112,266,-462)
(113,235,-501)
(108,214,-526)
(119,193,-539)
(116,176,-546)
(121,177,-545)
(119,195,-533)
(120,228,-500)
(118,280,-410)
(127,305,-355)
(127,305,-329)
(120,310,-252)
(116,294,-204)
(113,281,-151)
(124,264,-122)
(115,269,-111)
(111,249,-97)
(107,229,-81)
(80,210,-60)
(42,180,-42)
(14,144,-44)
(-38,106,-48)
(-68,84,-62)
(-100,66,-84)
(-118,54,-124)
(-128,46,-136)
(-133,47,-153)
(-142,42,-176)
(-153,43,-187)
(-156,36,-198)
(-155,43,-201)
(-157,43,-229)
(-172,46,-262)
(-175,53,-305)
(-159,45,-355)
(-151,39,-389)
(-123,31,-415)
(-117,17,-435)
(-108,-8,-456)
(-93,-13,-463)
(-97,-13,-455)
(-101,-21,-453)
(-101,-19,-449)
(-103,-17,-453)
(-110,-28,-438)
(-99,-33,-433)
(-105,-67,-421)
(-102,-86,-398)
(-107,-119,-355)
(-100,-126,-320)
(-105,-123,-309)
(-104,-120,-294)
(-99,-125,-295)
(-108,-128,-304)
(-114,-112,-342)
(-125,-79,-381)
(-123,-43,-417)
(-122,-14,-428)
(-123,5,-431)
(-122,32,-442)
(-115,39,-441)
(-121,39,-455)
(-111,47,-445)
(-115,25,-459)
(-121,-31,-449)
(-115,-83,-417)
(-105,-105,-379)
(-111,-129,-335)
(-105,-129,-303)
(-103,-125,-293)
(-93,-125,-277)
(-96,-114,-270)
(-99,-113,-285)
(-120,-118,-316)
(-119,-107,-345)
(-134,-52,-378)
(-143,-5,-393)
(-144,58,-406)
(-149,87,-381)
(-160,106,-368)
(-153,131,-369)
(-162,112,-350)
(-156,94,-358)
(-166,68,-356)
(-162,36,-364)
(-152,12,-378)
(-144,4,-390)
(-149,3,-407)
(-140,6,-416)
(-142,6,-408)
(-132,4,-408)
(-138,0,-410)
(-144,0,-402)
(-136,-14,-398)
(-143,-9,-399)
(-155,-11,-365)
(-148,-8,-370)
(-155,-29,-365)
(-155,-33,-351)
(-149,-23,-361)
(-152,-14,-374)
(-150,4,-394)
(-143,27,-411)
(-137,59,-433)
(-116,90,-456)
(-92,106,-484)
(-63,119,-503)
(-29,125,-535)
(5,127,-547)
(22,122,-556)
(52,130,-564)
(100,124,-558)
(118,126,-566)
(155,131,-559)
(164,154,-540)
(197,167,-527)
(203,179,-529)
(206,198,-512)
(204,228,-472)
(214,260,-428)
(202,274,-368)
(180,288,-316)
(160,288,-296)
(141,285,-229)
(101,265,-203)
(62,242,-178)
(21,199,-141)
(-17,175,-137)
(-58,144,-142)
(-89,107,-151)
(-110,76,-168)
(-129,51,-195)
(-147,33,-223)
(-161,13,-253)
(-160,2,-298)
(-157,-17,-337)
(-152,-14,-370)
(-154,-14,-398)
(-147,-23,-427)
(-122,-20,-466)
(-112,-2,-490)
(-90,12,-514)
(-71,23,-535)
(-46,40,-546)
(-39,47,-553)
(-49,51,-547)
(-52,52,-548)
(-74,40,-542)
(-82,28,-518)
(-114,6,-476)
(-138,10,-446)
(-155,3,-403)
(-162,10,-342)
(-172,26,-286)
(-158,46,-230)
(-130,64,-188)
(-104,86,-160)
(-65,117,-141)
(-24,156,-132)
(16,194,-132)
(71,221,-145)
(110,242,-172)
(141,273,-213)
(158,284,-248)
(163,291,-287)
(179,291,-321)
(173,299,-369)
(148,290,-408)
(138,280,-442)
(111,267,-469)
(94,254,-480)
(84,248,-514)
(56,238,-504)
(59,221,-515)
(58,220,-526)
(61,215,-525)
(74,220,-528)
(92,232,-522)
(110,244,-498)
(129,261,-467)
(124,270,-450)
(108,282,-426)
(89,297,-401)
(51,289,-407)
(12,286,-406)
(-13,267,-415)
(-45,255,-401)
(-77,223,-417)
(-111,203,-401)
(-139,155,-409)
(-146,112,-412)
(-152,80,-406)
(-149,53,-419)
(-148,0,-404)
(-141,-47,-405)
(-124,-86,-390)
(-83,-127,-391)
(-58,-162,-388)
(-30,-170,-376)
(-15,-195,-385)
(8,-190,-372)
(2,-188,-382)
(-4,-176,-386)
(-42,-166,-382)
(-95,-129,-381)
(-139,-79,-383)
(-163,-15,-377)
(-170,48,-366)
(-163,109,-365)
(-140,156,-352)
(-112,206,-342)
(-74,254,-346)
(-15,277,-335)
(42,300,-332)
(95,305,-343)
(144,290,-320)
(190,282,-330)
(225,261,-357)
(261,239,-357)
(276,212,-368)
(293,195,-387)
(288,192,-398)
(287,201,-391)
(251,235,-381)
(216,272,-370)
(188,284,-354)
(139,301,-325)
(86,304,-302)
(50,306,-292)
(-7,283,-287)
(-38,262,-280)
(-88,230,-274)
(-114,190,-272)
(-141,135,-255)
(-153,87,-271)
(-162,32,-266)
(-158,-22,-276)
(-136,-72,-290)
(-110,-116,-298)
(-73,-147,-307)
(-42,-178,-312)
(-4,-190,-306)
(30,-202,-300)
(56,-212,-294)
(97,-207,-281)
(99,-207,-261)
(132,-202,-260)
(168,-194,-252)
(173,-187,-251)
(161,-193,-275)
(136,-202,-290)
(101,-209,-301)
(54,-212,-312)
(-1,-193,-309)
(-46,-172,-310)
(-92,-138,-296)
(-131,-77,-285)
(-161,-17,-279)
(-164,54,-266)
(-139,121,-253)
(-108,190,-268)
(-58,252,-280)
(4,288,-304)
(69,303,-295)
(138,298,-298)
(195,279,-311)
(251,251,-327)
(294,204,-338)
(312,144,-360)
(332,94,-382)
(333,41,-405)
(326,-10,-404)
(306,-50,-404)
(289,-79,-407)
(267,-117,-401)
(240,-148,-396)
(207,-169,-385)
(190,-178,-384)
(180,-200,-378)
(184,-186,-378)
(207,-177,-391)
(222,-154,-394)
(269,-109,-403)
(291,-49,-427)
(322,30,-412)
(340,86,-384)
(317,149,-333)
(300,182,-294)
(267,215,-255)
(239,239,-205)
(207,233,-183)
(163,231,-149)
(120,208,-116)
(95,193,-93)
(35,151,-73)
(-10,98,-72)
(-45,49,-85)
(-59,1,-107)
(-68,-48,-140)
(-60,-90,-154)
(-44,-128,-178)
(-25,-157,-197)
(8,-182,-232)
(32,-190,-234)
(61,-205,-247)
(88,-208,-248)
(129,-193,-251)
(161,-195,-259)
(187,-173,-251)
(214,-156,-248)
(228,-160,-252)
(231,-145,-245)
(220,-170,-258)
(193,-175,-257)
(149,-197,-267)
(89,-199,-257)
(35,-195,-247)
(-1,-187,-243)
(-45,-153,-237)
(-69,-129,-223)
(-84,-102,-196)
(-98,-64,-184)
(-112,-28,-172)
(-104,16,-154)
(-105,57,-153)
(-82,122,-148)
(-35,181,-145)
(16,208,-138)
(62,232,-148)
(127,251,-167)
(167,247,-167)
(210,240,-186)
(257,217,-221)
(298,180,-254)
(313,151,-271)
(323,139,-299)
(339,129,-325)
(321,123,-329)
(321,155,-335)
(311,185,-317)
(278,220,-302)
(242,246,-286)
(186,272,-282)
(128,296,-272)
(80,298,-286)
(17,303,-295)
(-21,275,-295)
(-59,257,-305)
(-107,217,-311)
(-128,188,-312)
(-143,145,-331)
(-155,107,-329)
(-172,74,-330)
(-173,29,-303)
(-172,2,-302)
(-152,-32,-302)
(-144,-70,-308)
(-128,-90,-314)
(-112,-112,-322)
(-97,-139,-329)
(-64,-160,-334)
(-41,-175,-339)
(-21,-177,-333)
(-12,-186,-340)
(-27,-181,-339)
(-65,-153,-339)
(-111,-117,-353)
(-140,-56,-344)
(-168,-8,-344)
(-174,74,-340)
(-161,135,-339)
(-125,191,-335)
(-83,247,-351)
(-34,272,-366)
(19,297,-381)
(68,296,-384)
(117,293,-397)
(142,288,-400)
(183,279,-409)
(211,261,-419)
(238,230,-428)
(254,208,-444)
(262,188,-448)
(270,170,-462)
(272,150,-472)
(270,154,-476)
(257,171,-467)
(247,201,-463)
(219,223,-461)
(203,239,-453)
(158,262,-458)
(103,263,-469)
(45,257,-467)
(3,239,-481)
(-41,221,-475)
(-75,187,-479)
(-88,150,-484)
(-95,99,-513)
(-88,62,-516)
(-94,30,-516)
(-77,5,-519)
(-57,-35,-523)
(-39,-47,-529)
(-10,-82,-524)
(17,-93,-525)
(34,-106,-534)
(57,-115,-525)
(59,-109,-535)
(63,-103,-529)
(60,-104,-540)
(44,-76,-534)
(33,-57,-551)
(14,-44,-562)
(-12,-22,-556)
(-19,1,-565)
(-25,23,-557)
(-41,53,-553)
(-39,67,-549)
(-36,106,-548)
(-25,129,-541)
(-24,156,-534)
(-14,192,-524)
(-8,190,-522)
(12,208,-524)
(34,228,-506)
(38,232,-508)
(52,242,-496)
(78,248,-498)
(95,255,-489)
(112,254,-488)
(143,249,-483)
(144,236,-490)
(149,235,-495)
(151,235,-499)
(163,227,-499)
(174,226,-504)
(159,223,-503)
(151,229,-503)
(127,241,-501)
(101,247,-499)
(64,260,-488)
(9,243,-481)
(-36,216,-482)
(-70,186,-488)
(-99,127,-497)
(-98,68,-504)
(-90,12,-514)
(-78,-38,-508)
(-62,-84,-498)
(-41,-107,-499)
(-19,-105,-489)
(3,-137,-485)
(47,-151,-481)
(67,-153,-487)
(111,-153,-479)
(143,-147,-481)
(167,-135,-471)
(187,-143,-469)
(203,-125,-465)
(220,-126,-456)
(222,-120,-458)
(226,-116,-468)
(218,-106,-476)
(209,-107,-477)
(181,-113,-493)
(158,-110,-510)
(133,-109,-525)
(89,-101,-547)
(54,-84,-546)
(39,-73,-555)
(2,-58,-560)
(-10,-34,-556)
(-28,-18,-556)
(-54,8,-560)
(-45,35,-547)
(-63,63,-551)
(-68,98,-536)
(-66,122,-526)
(-52,146,-518)
(-50,186,-510)
(-17,205,-511)
(8,226,-504)
(34,244,-498)
(48,240,-494)
(74,244,-498)
(90,240,-502)
(97,233,-505)
(113,225,-517)
(134,204,-540)
(142,174,-538)
(155,167,-545)
(149,165,-553)
(157,153,-557)
(136,162,-550)
(100,170,-556)
(76,184,-550)
(35,169,-553)
(14,164,-544)
(-16,152,-544)
(-55,129,-527)
(-71,91,-535)
(-67,61,-531)
(-85,27,-527)
(-73,-13,-521)
(-61,-35,-525)
(-41,-73,-513)
(-22,-88,-504)
(-5,-111,-501)
(36,-136,-512)
(77,-153,-487)
(127,-157,-479)
(162,-150,-466)
(200,-134,-460)
(212,-132,-456)
(228,-130,-446)
(241,-119,-439)
(235,-109,-441)
(242,-120,-438)
(200,-142,-444)
(163,-165,-427)
(122,-184,-432)
(71,-189,-423)
(22,-176,-416)
(-26,-164,-404)
(-60,-136,-416)
(-94,-108,-422)
(-117,-63,-419)
(-137,-15,-435)
(-129,41,-457)
(-126,100,-466)
(-115,159,-457)
(-77,209,-449)
(-60,256,-400)
(-41,263,-365)
(-43,265,-319)
(-65,247,-293)
(-77,229,-259)
(-83,207,-237)
(-86,204,-232)
(-75,209,-233)
(-89,209,-249)
(-95,213,-259)
(-89,225,-271)
(-85,231,-317)
(-110,216,-380)
(-106,166,-450)
(-94,96,-476)
(-88,18,-492)
(-62,-42,-502)
(-41,-99,-489)
(-21,-115,-479)
(1,-147,-447)
(27,-169,-423)
(22,-180,-428)
(17,-167,-453)
(20,-144,-482)
(-1,-119,-495)
(-37,-51,-533)
(-50,-16,-534)
(-80,64,-526)
(-103,117,-489)
(-106,168,-454)
(-112,192,-408)
(-112,208,-344)
(-110,196,-272)
(-109,177,-217)
(-89,161,-179)
(-91,117,-135)
(-60,92,-118)
(-41,55,-97)
(-38,30,-94)
(-31,3,-93)
(-19,-37,-103)
(-15,-55,-103)
(-13,-83,-125)
(-2,-92,-130)
(12,-98,-126)
(13,-101,-133)
(9,-85,-121)
(-4,-58,-106)
(-23,-27,-105)
(-46,16,-120)
(-71,65,-125)
(-90,114,-154)
(-106,150,-206)
(-108,162,-236)
(-115,193,-277)
(-107,215,-331)
(-83,225,-401)
(-63,221,-447)
(-43,187,-503)
(-28,160,-542)
(-13,87,-559)
(-7,27,-565)
(6,-20,-562)
(23,-75,-535)
(23,-101,-529)
(43,-115,-521)
(40,-106,-534)
(39,-97,-531)
(18,-34,-570)
(14,32,-580)
(-13,71,-575)
(-33,131,-545)
(-59,175,-509)
(-65,215,-455)
(-85,225,-383)
(-95,235,-319)
(-92,226,-270)
(-89,205,-225)
(-82,172,-182)
(-68,144,-148)
(-64,110,-120)
(-42,66,-90)
(-18,42,-74)
(-8,10,-78)
(4,-8,-80)
(7,-21,-85)
(5,-31,-93)
(14,-50,-92)
(16,-60,-98)
(15,-65,-103)
(9,-67,-97)
(14,-66,-102)
(6,-48,-102)
(7,-41,-89)
(-9,-9,-95)
(-30,54,-88)
(-57,109,-119)
(-72,146,-154)
(-92,172,-192)
(-107,179,-229)
(-100,202,-276)
(-103,209,-335)
(-105,223,-377)
(-92,212,-416)
(-77,197,-465)
(-62,174,-506)
(-24,134,-542)
(-7,77,-565)
(23,47,-571)
(54,-4,-580)
(68,-54,-562)
(89,-71,-543)
(91,-91,-543)
(116,-108,-536)
(112,-92,-554)
(92,-68,-562)
(104,-32,-582)
(82,38,-596)
(79,111,-587)
(65,185,-545)
(57,245,-491)
(45,287,-425)
(41,307,-341)
(56,296,-266)
(63,285,-215)
(67,261,-169)
(84,236,-128)
(100,198,-110)
(104,168,-80)
(98,118,-68)
(107,83,-53)
(104,34,-60)
(108,8,-64)
(105,-33,-83)
(106,-48,-80)
(94,-78,-92)
(81,-101,-113)
(83,-113,-133)
(80,-134,-144)
(76,-138,-152)
(72,-148,-170)
(55,-161,-175)
(48,-168,-202)
(32,-178,-228)
(24,-184,-254)
(5,-189,-297)
(14,-188,-328)
(8,-184,-362)
(10,-180,-398)
(6,-172,-414)
(2,-162,-436)
(2,-158,-452)
(-6,-144,-470)
(-14,-138,-466)
(-17,-135,-469)
(-11,-141,-455)
(-23,-157,-435)
(-23,-167,-397)
(-36,-174,-358)
(-40,-172,-320)
(-72,-158,-278)
(-88,-140,-234)
(-101,-105,-215)
(-116,-88,-212)
(-123,-49,-203)
(-136,-14,-196)
(-139,23,-209)
(-155,49,-217)
(-148,84,-238)
(-145,125,-253)
(-144,152,-276)
(-146,172,-312)
(-138,188,-354)
(-116,204,-400)
(-88,204,-446)
(-73,189,-481)
(-57,167,-509)
(-28,156,-534)
(-10,124,-558)
(20,100,-580)
(34,68,-584)
(57,49,-583)
(68,40,-586)
(73,37,-587)
(76,32,-582)
(67,33,-583)
(70,48,-584)
(56,54,-592)
(37,67,-587)
(17,103,-575)
(-6,140,-574)
(-35,185,-507)
(-46,218,-462)
(-74,242,-388)
(-79,243,-317)
(-68,240,-252)
(-57,233,-199)
(-34,214,-162)
(-17,187,-129)
(-6,144,-98)
(3,109,-79)
(8,60,-64)
(10,14,-66)
(-4,-32,-86)
(-18,-84,-114)
(-21,-121,-159)
(-21,-147,-207)
(-14,-162,-242)
(-13,-179,-283)
(-7,-181,-315)
(-1,-187,-355)
(7,-181,-389)
(16,-166,-428)
(23,-167,-447)
(18,-152,-466)
(25,-149,-485)
(24,-128,-504)
(27,-99,-535)
(20,-56,-554)
(25,-41,-569)
(12,-14,-566)
(28,-10,-566)
(53,-23,-579)
(82,-92,-552)
(82,-146,-502)
(64,-188,-434)
(67,-199,-385)
(62,-200,-388)
(46,-200,-408)
(43,-179,-439)
(23,-163,-457)
(12,-148,-480)
(-1,-117,-511)
(-14,-102,-520)
(-34,-68,-526)
(-44,-66,-518)
(-67,-71,-493)
(-77,-77,-473)
(-87,-95,-447)
(-71,-137,-413)
(-50,-170,-372)
(-20,-190,-354)
(-12,-192,-364)
(-2,-172,-382)
(-12,-166,-422)
(-39,-145,-457)
(-60,-88,-474)
(-77,-71,-495)
(-82,-58,-492)
(-95,-41,-487)
(-119,-25,-469)
(-136,10,-442)
(-155,19,-405)
(-172,36,-370)
(-179,47,-315)
(-165,51,-265)
(-149,29,-229)
(-152,6,-222)
(-143,3,-231)
(-149,-15,-259)
(-161,9,-271)
(-170,46,-312)
(-175,79,-335)
(-168,114,-336)
(-156,156,-346)
(-134,192,-344)
(-108,214,-350)
(-97,221,-357)
(-116,208,-318)
(-115,197,-281)
(-114,170,-228)
(-121,127,-185)
(-114,74,-154)
(-101,37,-157)
(-115,13,-167)
(-138,28,-190)
(-152,68,-222)
(-155,107,-261)
(-142,156,-288)
(-118,198,-316)
(-99,235,-331)
(-90,244,-334)
(-83,239,-311)
(-88,226,-258)
(-91,217,-221)
(-63,239,-221)
(-28,274,-260)
(12,302,-324)
(61,297,-381)
(97,281,-431)
(125,261,-469)
(136,224,-510)
(159,193,-535)
(181,147,-551)
(195,101,-557)
(189,61,-573)
(184,24,-560)
(192,12,-550)
(193,-5,-551)
(184,-4,-562)
(185,5,-571)
(162,40,-580)
(156,90,-568)
(113,159,-555)
(86,222,-516)
(64,268,-454)
(60,292,-396)
(48,304,-334)
(48,298,-266)
(66,280,-206)
(67,251,-155)
(74,222,-118)
(96,178,-84)
(111,137,-59)
(115,83,-61)
(118,36,-52)
(127,-31,-79)
(133,-71,-95)
(119,-113,-117)
(113,-135,-149)
(103,-163,-181)
(86,-182,-210)
(85,-187,-223)
(81,-185,-225)
(77,-179,-199)
(73,-155,-161)
(66,-124,-130)
(55,-89,-93)
(46,-22,-72)
(28,50,-74)
(25,149,-91)
(27,217,-147)
(29,273,-211)
(40,292,-240)
(30,300,-324)
(39,297,-379)
(68,294,-428)
(100,264,-480)
(131,231,-515)
(150,202,-542)
(179,159,-553)
(203,129,-559)
(220,102,-556)
(230,64,-550)
(243,45,-535)
(261,27,-531)
(261,13,-513)
(282,6,-512)
(267,9,-501)
(274,14,-508)
(269,21,-515)
(261,47,-527)
(254,68,-530)
(231,105,-535)
(206,150,-546)
(198,184,-524)
(159,229,-499)
(132,266,-480)
(95,293,-423)
(73,301,-367)
(64,308,-308)
(58,298,-258)
(51,275,-203)
(64,244,-160)
(87,201,-119)
(110,180,-94)
(128,134,-78)
(146,110,-74)
(156,84,-68)
(172,64,-72)
(165,53,-79)
(161,53,-73)
(161,65,-73)
(145,77,-73)
(129,109,-77)
(105,145,-81)
(79,205,-117)
(73,221,-149)
(71,263,-193)
(74,298,-234)
(80,320,-296)
(93,305,-355)
(106,308,-396)
(133,287,-407)
(168,278,-436)
(178,254,-458)
(193,235,-477)
(208,212,-496)
(210,194,-508)
(214,174,-516)
(216,154,-528)
(222,152,-518)
(218,156,-522)
(212,170,-512)
(204,196,-510)
(191,227,-495)
(163,255,-475)
(135,275,-427)
(103,303,-389)
(83,315,-335)
(47,295,-295)
(32,292,-254)
(25,263,-205)
(28,240,-174)
(33,205,-133)
(47,161,-95)
(55,131,-83)
(74,88,-64)
(82,84,-62)
(110,50,-64)
(116,28,-56)
(150,4,-62)
(162,-8,-76)
(174,-18,-74)
(180,-30,-92)
(179,-43,-95)
(164,-58,-96)
(146,-80,-92)
(143,-73,-91)
(116,-66,-82)
(90,-56,-70)
(74,-54,-80)
(42,-34,-82)
(19,5,-69)
(-24,34,-94)
(-66,92,-116)
(-85,147,-163)
(-80,202,-218)
(-79,217,-247)
(-65,251,-305)
(-41,263,-351)
(-7,281,-395)
(22,278,-426)
(65,275,-463)
(89,261,-471)
(123,229,-491)
(141,213,-511)
(153,195,-523)
(162,166,-536)
(163,151,-541)
(180,140,-544)
(164,138,-542)
(159,153,-547)
(153,165,-551)
(104,188,-536)
(87,203,-541)
(64,228,-506)
(29,255,-471)
(-5,261,-427)
(-30,264,-420)
(-52,260,-376)
(-84,232,-334)
(-101,213,-285)
(-121,167,-255)
(-134,126,-226)
(-117,75,-177)
(-115,67,-167)
(-93,35,-137)
(-66,-12,-116)
(-30,-38,-106)
(-9,-63,-107)
(18,-76,-100)
(53,-85,-99)
(88,-88,-98)
(111,-89,-109)
(113,-91,-107)
(116,-92,-102)
(123,-95,-107)
(111,-107,-101)
(82,-88,-100)
(46,-102,-106)
(6,-112,-122)
(-17,-113,-145)
(-57,-119,-191)
(-83,-99,-217)
(-112,-94,-244)
(-137,-65,-265)
(-158,-8,-282)
(-165,41,-325)
(-172,80,-384)
(-162,90,-404)
(-140,88,-430)
(-130,70,-460)
(-114,40,-494)
(-104,16,-494)
(-91,1,-493)
(-84,-22,-480)
(-79,-55,-491)
(-76,-82,-474)
(-59,-97,-477)
(-59,-113,-465)
(-57,-103,-477)
(-64,-92,-482)
(-62,-88,-486)
(-91,-67,-477)
(-90,-72,-472)
(-100,-76,-468)
(-109,-63,-457)
(-129,-45,-435)
(-140,-38,-428)
(-155,-37,-381)
(-151,-37,-363)
(-153,-45,-327)
(-145,-65,-279)
(-137,-65,-255)
(-123,-77,-227)
(-108,-72,-214)
(-97,-101,-201)
(-83,-97,-185)
(-86,-102,-182)
(-76,-88,-172)
(-87,-89,-183)
(-106,-68,-184)
(-123,-75,-203)
(-133,-55,-221)
(-148,-48,-252)
(-166,-12,-274)
(-168,12,-318)
(-169,35,-359)
(-164,46,-382)
(-150,46,-394)
(-155,35,-415)
(-154,24,-416)
(-142,10,-426)
(-137,-1,-421)
(-139,-1,-429)
(-140,-10,-428)
(-141,-1,-441)
(-144,-10,-428)
(-143,-7,-419)
(-155,-3,-397)
(-161,-1,-373)
(-166,0,-352)
(-171,1,-341)
(-171,9,-293)
(-180,4,-280)
(-174,18,-262)
(-173,23,-263)
(-175,23,-255)
(-173,25,-243)
(-169,11,-223)
(-160,-14,-214)
(-162,-10,-200)
(-155,-11,-209)
(-159,-9,-211)
(-160,0,-218)
(-156,8,-192)
(-150,18,-202)
(-158,22,-208)
(-157,23,-197)
(-145,23,-209)
(-147,21,-209)
(-140,22,-192)
(-154,24,-180)
(-147,25,-167)
(-136,16,-156)
(-129,21,-141)
(-130,12,-142)
(-132,-2,-154)
(-130,-6,-150)
(-129,-3,-147)
(-127,-5,-147)
(-119,-11,-151)
(-125,-9,-147)
(-128,-12,-154)
(-126,-24,-156)
(-110,-28,-150)
(-112,-30,-148)
(-117,-37,-149)
(-123,-49,-155)
(-110,-58,-160)
(-107,-75,-171)
(-97,-97,-191)
(-87,-127,-217)
(-77,-151,-241)
(-66,-160,-244)
(-35,-173,-257)
(-9,-187,-249)
(20,-206,-266)
(52,-206,-286)
(87,-207,-293)
(103,-203,-299)
(110,-198,-312)
(113,-199,-347)
(122,-196,-380)
(105,-183,-393)
(100,-188,-424)
(96,-176,-438)
(78,-162,-456)
(63,-147,-471)
(37,-153,-463)
(12,-144,-458)
(-23,-141,-443)
(-45,-157,-401)
(-79,-147,-353)
(-103,-129,-303)
(-116,-112,-258)
(-117,-81,-225)
(-118,-44,-184)
(-108,-20,-150)
(-96,20,-128)
(-74,48,-106)
(-38,120,-92)
(-17,127,-83)
(8,176,-100)
(38,206,-114)
(82,242,-138)
(118,250,-162)
(166,260,-192)
(219,255,-235)
(255,229,-269)
(290,202,-296)
(304,176,-352)
(309,141,-375)
(317,131,-397)
(289,117,-441)
(273,109,-479)
(237,113,-511)
(189,111,-537)
(176,114,-542)
(134,134,-542)
(87,139,-549)
(28,148,-550)
(-25,143,-537)
(-69,133,-509)
(-85,123,-491)
(-120,104,-454)
(-148,92,-418)
(-158,68,-396)
(-172,44,-354)
(-162,16,-344)
(-158,-10,-330)
(-148,-44,-318)
(-136,-74,-324)
(-132,-88,-322)
(-124,-98,-330)
(-100,-112,-344)
(-98,-122,-348)
(-90,-134,-362)
(-96,-130,-370)
(-103,-121,-347)
(-114,-106,-326)
(-123,-79,-281)
(-136,-46,-234)
(-136,2,-182)
(-109,43,-149)
(-92,74,-130)
(-79,101,-121)
(-53,131,-123)
(-33,173,-125)
(3,211,-137)
(50,258,-174)
(93,287,-211)
(122,306,-274)
(139,295,-293)
(167,301,-325)
(175,287,-369)
(177,261,-431)
(165,227,-463)
(135,225,-503)
(97,209,-519)
(49,211,-509)
(8,200,-508)
(-49,191,-485)
(-93,169,-457)
(-119,147,-443)
(-143,117,-403)
(-156,80,-372)
(-169,33,-341)
(-160,-12,-322)
(-154,-36,-310)
(-141,-63,-307)
(-140,-72,-306)
(-115,-99,-301)
(-102,-136,-290)
(-59,-151,-289)
(-39,-159,-291)
(-18,-188,-282)
(-2,-184,-290)
(28,-204,-292)
(36,-208,-302)
(27,-203,-303)
(8,-194,-304)
(-2,-190,-304)
(-21,-191,-295)
(-44,-170,-300)
(-77,-147,-305)
(-121,-113,-301)
(-125,-95,-287)
(-140,-66,-286)
(-151,-35,-281)
(-161,-13,-269)
(-163,21,-267)
(-166,56,-278)
(-165,63,-267)
(-166,60,-276)
(-169,27,-269)
(-161,-9,-261)
(-151,-25,-257)
(-153,-13,-253)
(-160,4,-272)
(-159,41,-277)
(-170,72,-290)
(-168,92,-316)
(-164,98,-328)
(-166,90,-332)
(-167,53,-309)
(-161,25,-267)
(-168,6,-244)
(-156,-2,-252)
(-163,23,-249)
(-167,39,-273)
(-167,77,-299)
(-164,110,-318)
(-158,122,-338)
(-160,104,-338)
(-164,84,-330)
(-164,60,-300)
(-164,36,-278)
(-153,17,-251)
(-162,28,-240)
(-167,37,-261)
(-162,74,-292)
(-162,108,-318)
(-149,131,-341)
(-151,129,-353)
(-165,99,-331)
(-175,65,-307)
(-163,39,-281)
(-158,8,-244)
(-152,10,-242)
(-160,20,-238)
(-169,27,-261)
(-167,39,-275)
(-164,86,-308)
(-149,111,-329)
(-162,116,-342)
(-171,109,-337)
(-165,85,-307)
(-165,63,-279)
(-157,39,-223)
(-161,53,-233)
(-155,71,-241)
(-156,92,-266)
(-161,111,-277)
(-157,123,-307)
(-142,144,-312)
(-147,147,-299)
(-151,139,-281)
(-143,131,-261)
(-132,136,-232)
(-131,137,-219)
(-128,136,-212)
(-118,146,-206)
(-106,142,-188)
(-103,143,-179)
(-111,135,-175)
(-110,138,-182)
(-124,140,-212)
(-129,157,-241)
(-132,168,-262)
(-137,151,-255)
(-135,133,-229)
(-125,125,-201)
(-128,110,-192)
(-125,115,-193)
(-127,125,-203)
(-126,136,-218)
(-129,151,-229)
(-134,164,-266)
(-136,162,-278)
(-150,146,-254)
(-138,130,-224)
(-132,98,-196)
(-134,84,-174)
(-126,86,-182)
(-137,113,-199)
(-134,140,-234)
(-133,159,-249)
(-140,156,-264)
(-155,123,-269)
(-158,102,-258)
(-165,73,-247)
(-144,46,-202)
(-136,40,-180)
(-126,32,-178)
(-121,41,-165)
(-119,53,-161)
(-110,104,-174)
(-106,158,-204)
(-107,205,-241)
(-90,210,-246)
(-76,244,-274)
(-62,258,-300)
(-87,235,-315)
(-100,220,-318)
(-118,190,-300)
(-139,151,-263)
(-129,137,-223)
(-115,123,-187)
(-96,108,-162)
(-92,106,-138)
(-77,109,-125)
(-60,118,-122)
(-65,141,-123)
(-53,163,-147)
(-55,211,-173)
(-49,213,-183)
(-45,239,-229)
(-46,258,-236)
(-54,258,-272)
(-73,251,-305)
(-95,225,-303)
(-111,195,-267)
(-114,164,-224)
(-112,136,-196)
(-109,101,-163)
(-106,64,-142)
(-101,55,-139)
(-108,46,-144)
(-112,60,-156)
(-126,74,-180)
(-140,104,-220)
(-142,120,-222)
(-138,150,-244)
(-143,159,-285)
(-141,153,-329)
(-159,125,-353)
(-156,106,-372)
(-164,84,-384)
(-154,66,-406)
(-152,62,-406)
(-149,45,-415)
(-134,20,-434)
(-126,-8,-444)
(-126,-42,-424)
(-143,-35,-397)
(-147,-31,-379)
(-161,21,-389)
(-159,77,-395)
(-134,110,-420)
(-142,110,-438)
(-121,91,-461)
(-123,85,-461)
(-119,65,-479)
(-133,47,-461)
(-140,18,-420)
(-155,19,-385)
(-166,34,-368)
(-157,65,-377)
(-149,101,-395)
(-140,124,-402)
(-130,104,-450)
(-121,67,-473)
(-128,48,-454)
(-130,24,-428)
(-146,0,-392)
(-161,-7,-363)
(-170,12,-348)
(-165,53,-367)
(-158,68,-384)
(-158,94,-382)
(-148,122,-400)
(-127,133,-441)
(-115,103,-467)
(-115,61,-477)
(-126,32,-464)
(-134,-10,-430)
(-140,-8,-416)
(-144,-22,-396)
(-159,-11,-373)
(-166,18,-372)
(-157,65,-381)
(-137,101,-405)
(-128,126,-438)
(-132,102,-452)
(-132,72,-442)
(-142,42,-422)
(-153,43,-405)
(-159,71,-393)
(-149,101,-405)
(-134,116,-428)
(-129,89,-455)
(-134,58,-448)
(-153,31,-419)
(-147,-1,-389)
(-148,4,-378)
(-164,8,-364)
(-161,23,-363)
(-161,61,-377)
(-141,119,-425)
(-112,140,-452)
(-97,143,-477)
(-85,127,-495)
(-93,93,-495)
(-107,55,-475)
(-115,19,-459)
(-122,-30,-426)
(-127,-63,-391)
(-123,-93,-351)
(-110,-116,-324)
(-103,-131,-309)
(-96,-120,-300)
(-107,-115,-311)
(-104,-106,-308)
(-119,-95,-343)
(-135,-59,-383)
(-135,-5,-427)
(-115,43,-461)
(-105,91,-497)
(-73,127,-501)
(-65,137,-505)
(-53,145,-515)
(-16,176,-510)
(6,192,-522)
(39,203,-517)
(65,215,-505)
(81,223,-517)
(95,235,-499)
(103,231,-495)
(101,227,-491)
(97,221,-497)
(72,214,-516)
(62,206,-514)
(17,175,-529)
(-20,150,-540)
(-46,116,-530)
(-63,99,-521)
(-84,80,-512)
(-90,70,-504)
(-84,96,-504)
(-51,145,-519)
(-24,168,-524)
(-6,180,-530)
(-30,128,-540)
(-59,95,-537)
(-80,60,-526)
(-93,41,-499)
(-115,75,-479)
(-107,121,-481)
(-63,159,-497)
(-47,157,-511)
(-45,131,-519)
(-74,110,-512)
(-108,108,-480)
(-146,112,-412)
(-155,121,-357)
(-160,124,-314)
(-155,129,-271)
(-148,140,-262)
(-139,151,-249)
(-128,146,-238)
(-137,147,-241)
(-138,146,-244)
(-138,158,-260)
(-148,138,-256)
(-145,123,-253)
(-140,130,-234)
(-141,137,-255)
(-140,146,-254)
(-132,160,-276)
(-137,169,-315)
(-150,148,-332)
(-155,125,-307)
(-156,102,-270)
(-150,96,-230)
(-144,96,-236)
(-146,118,-226)
(-145,131,-263)
(-143,147,-297)
(-156,144,-310)
(-157,131,-313)
(-156,114,-284)
(-161,87,-251)
(-152,76,-224)
(-147,75,-225)
(-145,75,-225)
(-153,83,-231)
(-152,114,-262)
(-155,139,-291)
(-159,121,-303)
(-162,96,-276)
(-153,69,-247)
(-146,72,-230)
(-153,81,-233)
(-155,95,-269)
(-161,113,-287)
(-149,127,-275)
(-150,130,-284)
(-152,118,-258)
(-136,100,-210)
(-135,89,-189)
(-131,79,-199)
(-137,103,-223)
(-149,129,-259)
(-141,137,-267)
(-144,114,-248)
(-141,107,-211)
(-138,100,-208)
(-137,97,-217)
(-141,109,-255)
(-152,144,-296)
(-142,148,-306)
(-147,141,-335)
(-152,126,-362)
(-155,95,-379)
(-154,70,-402)
(-153,37,-411)
(-152,26,-402)
(-162,52,-380)
(-152,108,-412)
(-134,104,-438)
(-127,79,-467)
(-126,50,-468)
(-139,33,-425)
(-160,34,-404)
(-157,49,-387)
(-155,93,-405)
(-140,108,-420)
(-124,98,-442)
(-117,61,-475)
(-133,47,-465)
(-147,39,-431)
(-155,41,-407)
(-164,46,-366)
(-169,65,-315)
(-167,67,-281)
(-156,70,-246)
(-153,63,-235)
(-145,75,-221)
(-144,72,-214)
(-147,79,-219)
(-144,92,-218)
(-143,97,-221)
(-149,111,-243)
(-156,122,-252)
(-156,118,-292)
(-162,106,-324)
(-159,97,-313)
(-163,79,-289)
(-160,58,-238)
(-153,59,-229)
(-156,74,-234)
(-154,80,-244)
(-156,108,-256)
(-166,100,-302)
(-170,96,-324)
(-171,71,-293)
(-163,49,-265)
(-166,54,-262)
(-163,65,-237)
(-169,75,-265)
(-161,77,-277)
(-158,68,-284)
(-167,65,-273)
(-163,55,-285)
(-175,31,-289)
(-168,10,-306)
(-162,4,-308)
(-157,-19,-325)
(-159,-27,-311)
(-157,-47,-317)
(-154,-38,-324)
(-160,-34,-326)
(-159,-23,-325)
(-166,-14,-316)
(-166,30,-320)
(-168,86,-330)
(-168,98,-326)
(-159,123,-333)
(-158,124,-326)
(-141,135,-343)
(-151,151,-353)
(-153,117,-355)
(-168,94,-340)
(-165,93,-315)
(-160,116,-314)
(-165,123,-337)
(-162,114,-358)
(-159,93,-371)
(-166,92,-362)
(-170,68,-336)
(-178,74,-300)
(-167,87,-299)
(-171,99,-333)
(-164,94,-358)
(-166,76,-346)
(-167,89,-317)
(-165,93,-295)
(-165,99,-303)
(-161,95,-281)
(-152,100,-244)
(-128,104,-212)
(-132,108,-204)
(-117,129,-189)
(-102,132,-184)
(-97,147,-163)
(-83,159,-165)
(-78,156,-162)
(-81,161,-165)
(-85,173,-175)
(-90,186,-194)
(-98,176,-202)
(-94,158,-186)
(-80,148,-158)
(-75,133,-149)
(-88,136,-154)
(-106,170,-202)
(-100,172,-210)
(-99,171,-207)
(-97,155,-197)
(-87,157,-171)
(-93,147,-161)
(-97,159,-189)
(-113,161,-193)
(-108,166,-224)
(-118,158,-206)
(-102,158,-188)
(-101,151,-181)
(-97,143,-173)
(-107,165,-201)
(-115,185,-237)
(-107,187,-233)
(-114,178,-228)
(-104,156,-198)
(-101,141,-179)
(-114,152,-204)
(-117,159,-217)
(-126,168,-250)
(-123,167,-241)
(-133,147,-209)
(-115,139,-193)
(-109,139,-189)
(-125,151,-225)
(-116,158,-236)
(-131,165,-233)
(-121,149,-211)
(-108,146,-192)
(-115,143,-205)
(-116,156,-224)
(-125,149,-207)
(-99,155,-203)
(-90,180,-178)
(-70,192,-170)
(-58,198,-174)
(-48,202,-166)
(-48,202,-158)
(-30,202,-160)
(-24,210,-154)
(-16,204,-136)
(-11,213,-153)
(-12,222,-164)
(-29,223,-169)
(-23,209,-141)
(-16,200,-136)
(-17,189,-133)
(-25,197,-149)
(-44,224,-180)
(-53,219,-183)
(-56,206,-190)
(-59,209,-181)
(-52,188,-158)
(-43,171,-135)
(-40,156,-124)
(-50,162,-138)
(-70,162,-162)
(-86,198,-202)
(-89,203,-217)
(-94,190,-198)
(-93,177,-181)
(-78,162,-176)
(-79,163,-165)
(-84,180,-184)
(-96,174,-214)
(-95,189,-221)
(-104,186,-216)
(-90,176,-184)
(-83,161,-171)
(-91,159,-183)
(-97,181,-205)
(-90,182,-216)
(-101,175,-205)
(-98,166,-198)
(-85,153,-169)
(-72,154,-158)
(-85,153,-175)
(-106,178,-224)
(-113,179,-243)
(-120,160,-224)
(-109,153,-215)
(-102,126,-168)
(-89,91,-137)
(-73,87,-115)
(-71,101,-129)
(-92,120,-154)
(-104,174,-200)
(-115,175,-225)
(-110,158,-202)
(-100,128,-160)
(-89,111,-151)
(-92,118,-154)
(-113,135,-181)
(-113,167,-221)
(-99,173,-225)
(-118,164,-212)
(-98,148,-170)
(-97,139,-155)
(-88,144,-158)
(-102,130,-172)
(-108,128,-188)
(-111,141,-203)
(-108,148,-184)
(-90,170,-186)
(-58,190,-174)
(-38,208,-164)
(-22,228,-178)
(-18,226,-166)
(4,230,-156)
(27,231,-153)
(41,231,-139)
(34,224,-138)
(22,212,-136)
(16,214,-140)
(-6,236,-176)
(-26,236,-204)
(-31,229,-183)
(-41,211,-161)
(-29,207,-149)
(-19,183,-129)
(-18,170,-120)
(-26,164,-124)
(-39,185,-143)
(-35,213,-165)
(-43,193,-161)
(-30,174,-134)
(-24,158,-118)
(-21,153,-121)
(-32,152,-122)
(-59,169,-157)
(-42,184,-166)
(-53,175,-145)
(-33,159,-125)
(-39,139,-113)
(-36,126,-112)
(-58,150,-148)
(-66,172,-176)
(-86,188,-208)
(-103,175,-219)
(-113,167,-213)
(-112,150,-194)
(-93,121,-157)
(-72,112,-124)
(-44,98,-90)
(-41,85,-83)
(-30,92,-82)
(-21,119,-89)
(-26,134,-110)
(-28,182,-130)
(-30,216,-164)
(-37,229,-191)
(-59,227,-215)
(-73,211,-205)
(-90,190,-192)
(-91,161,-177)
(-86,138,-158)
(-74,126,-130)
(-57,121,-117)
(-44,122,-108)
(-29,137,-99)
(4,158,-110)
(13,191,-123)
(15,225,-141)
(14,256,-184)
(-19,265,-227)
(-49,259,-253)
(-85,227,-257)
(-115,201,-255)
(-123,149,-219)
(-109,127,-191)
(-104,96,-142)
(-74,88,-126)
(-37,79,-99)
(-32,78,-88)
(-38,82,-96)
(-33,89,-93)
(-24,112,-94)
(-38,110,-104)
(-82,106,-132)
(-103,119,-173)
(-134,140,-220)
(-139,157,-273)
(-139,161,-271)
(-137,155,-267)
(-139,145,-241)
(-122,132,-196)
(-83,131,-153)
(-42,136,-122)
(-33,125,-99)
(-18,112,-82)
(-32,72,-90)
(-55,47,-97)
(-70,18,-120)
(-89,3,-123)
(-114,8,-156)
(-135,25,-183)
(-150,56,-214)
(-150,78,-240)
(-161,91,-247)
(-148,106,-240)
(-148,96,-226)
(-136,90,-186)
(-99,103,-147)
(-67,95,-113)
(-51,65,-97)
(-36,32,-90)
(-36,2,-90)
(-38,-16,-110)
(-60,-50,-126)
(-73,-73,-159)
(-86,-80,-174)
(-106,-84,-208)
(-133,-59,-247)
(-147,-37,-271)
(-155,-11,-285)
(-168,14,-276)
(-171,35,-275)
(-155,55,-241)
(-151,89,-213)
(-119,85,-159)
(-81,95,-125)
(-42,90,-106)
(-20,54,-72)
(-10,34,-78)
(-23,-3,-77)
(-43,-27,-103)
(-69,-33,-133)
(-97,-9,-147)
(-113,21,-155)
(-130,60,-188)
(-133,99,-189)
(-134,110,-198)
(-129,135,-215)
(-130,144,-232)
(-128,150,-236)
(-127,135,-203)
(-112,108,-182)
(-91,91,-133)
(-57,65,-107)
(-53,47,-97)
(-48,18,-94)
(-48,-2,-102)
(-55,-25,-105)
(-58,-46,-120)
(-72,-66,-138)
(-73,-83,-167)
(-91,-85,-185)
(-104,-84,-202)
(-111,-89,-223)
(-122,-96,-262)
(-132,-80,-308)
(-126,-82,-354)
(-141,-55,-369)
(-150,-36,-358)
(-176,-6,-330)
(-166,34,-268)
(-159,57,-223)
(-126,56,-158)
(-91,33,-123)
(-59,7,-103)
(-39,-27,-103)
(-29,-45,-107)
(-47,-73,-127)
(-47,-91,-147)
(-60,-126,-204)
(-65,-129,-205)
(-74,-136,-250)
(-69,-139,-275)
(-75,-151,-299)
(-71,-147,-335)
(-73,-143,-377)
(-64,-128,-416)
(-56,-116,-462)
(-43,-109,-461)
(-52,-108,-462)
(-69,-117,-449)
(-71,-101,-445)
(-98,-92,-440)
(-119,-75,-405)
(-134,-58,-382)
(-155,-31,-357)
(-162,-18,-334)
(-170,2,-312)
(-171,37,-267)
(-149,63,-229)
(-135,75,-191)
(-109,95,-143)
(-72,96,-116)
(-59,89,-109)
(-7,63,-77)
(11,11,-63)
(24,-28,-78)
(21,-73,-99)
(22,-118,-136)
(6,-152,-190)
(-17,-165,-245)
(-19,-173,-275)
(-30,-178,-310)
(-24,-178,-352)
(-22,-170,-388)
(-22,-152,-426)
(-15,-145,-441)
(-5,-141,-465)
(-2,-126,-464)
(1,-117,-473)
(-21,-97,-491)
(-19,-79,-497)
(-35,-85,-497)
(-26,-82,-502)
(-34,-90,-484)
(-30,-114,-462)
(-30,-126,-440)
(-50,-142,-406)
(-58,-154,-382)
(-75,-145,-337)
(-84,-144,-296)
(-90,-120,-244)
(-104,-92,-212)
(-101,-87,-191)
(-83,-49,-147)
(-66,-34,-108)
(-36,0,-88)
(1,19,-59)
(38,44,-48)
(97,75,-51)
(120,114,-70)
(162,148,-94)
(186,180,-116)
(211,205,-153)
(225,225,-191)
(246,234,-258)
(261,231,-335)
(272,210,-374)
(295,169,-405)
(290,130,-428)
(295,115,-463)
(273,113,-485)
(234,108,-512)
(204,104,-536)
(171,107,-555)
(121,107,-569)
(92,108,-580)
(47,87,-579)
(-3,81,-573)
(-41,59,-547)
(-69,43,-529)
(-99,13,-501)
(-119,-17,-467)
(-117,-55,-431)
(-125,-83,-391)
(-126,-110,-368)
(-104,-128,-334)
(-93,-141,-313)
(-84,-150,-302)
(-75,-153,-311)
(-62,-158,-330)
(-57,-161,-347)
(-52,-164,-350)
(-60,-148,-364)
(-63,-141,-373)
(-80,-138,-382)
(-92,-134,-358)
(-109,-121,-321)
(-111,-109,-269)
(-116,-74,-222)
(-105,-37,-167)
(-85,15,-127)
(-63,63,-115)
(-35,113,-99)
(14,150,-98)
(51,187,-103)
(74,210,-112)
(90,246,-160)
(92,276,-190)
(83,297,-225)
(69,307,-297)
(63,303,-381)
(44,276,-438)
(15,253,-489)
(-14,200,-500)
(-54,144,-522)
(-75,71,-513)
(-88,24,-494)
(-107,-35,-473)
(-98,-72,-438)
(-98,-108,-416)
(-87,-131,-385)
(-83,-139,-371)
(-76,-150,-360)
(-77,-151,-355)
(-102,-116,-386)
(-113,-93,-403)
(-131,-41,-421)
(-134,0,-432)
(-143,35,-437)
(-136,48,-444)
(-139,101,-435)
(-137,151,-411)
(-130,188,-362)
(-112,202,-298)
(-106,204,-260)
(-95,191,-211)
(-57,205,-165)
(-11,193,-129)
(32,178,-94)
(85,161,-77)
(113,141,-73)
(141,127,-73)
(157,97,-75)
(167,91,-75)
(157,75,-65)
(154,68,-70)
(153,73,-69)
(145,73,-69)
(154,72,-66)
(147,81,-65)
(146,74,-58)
(149,79,-63)
(144,84,-60)
(139,93,-61)
(140,90,-66)
(133,87,-63)
(140,92,-58)
(131,93,-59)
(132,94,-64)
(139,101,-59)
(136,106,-64)
(133,111,-61)
(125,127,-63)
(117,147,-71)
(108,146,-76)
(70,172,-86)
(16,172,-102)
(-5,177,-109)
(-75,159,-143)
(-102,114,-152)
(-125,73,-159)
(-118,10,-164)
(-102,-40,-168)
(-67,-91,-179)
(-48,-130,-180)
(-5,-149,-185)
(10,-160,-178)
(25,-157,-171)
(23,-151,-181)
(15,-153,-189)
(-14,-152,-188)
(-24,-148,-208)
(-68,-126,-210)
(-97,-107,-227)
(-126,-68,-238)
(-144,-18,-224)
(-157,11,-251)
(-165,55,-257)
(-152,88,-268)
(-133,145,-273)
(-119,187,-269)
(-89,229,-259)
(-44,252,-244)
(-5,269,-251)
(3,275,-247)
(43,291,-241)
(86,292,-242)
(129,291,-261)
(179,277,-269)
(218,258,-284)
(263,231,-317)
(295,191,-345)
(309,155,-355)
(328,116,-352)
(339,85,-365)
(329,75,-361)
(342,44,-360)
(331,21,-367)
(328,4,-366)
(322,-6,-360)
(328,-16,-370)
(308,-28,-366)
(319,-29,-373)
(314,-34,-364)
(312,-42,-356)
(321,-39,-377)
(314,-24,-386)
(320,-12,-390)
(313,23,-431)
(312,54,-444)
(306,88,-448)
(304,118,-432)
(311,141,-389)
(319,137,-365)
(326,116,-358)
(330,90,-372)
(325,87,-391)
(316,88,-422)
(281,115,-451)
(273,137,-475)
(248,154,-468)
(243,187,-469)
(244,214,-440)
(254,238,-392)
(246,248,-366)
(262,246,-344)
(281,223,-329)
(280,208,-340)
(290,194,-348)
(294,188,-378)
(280,174,-434)
(247,197,-445)
(213,229,-441)
(197,265,-409)
(186,282,-372)
(179,287,-353)
(164,292,-306)
(163,295,-257)
(154,286,-242)
(143,283,-215)
(139,283,-207)
(134,290,-232)
(154,296,-296)
(150,296,-320)
(145,311,-313)
(133,297,-277)
(135,283,-221)
(122,250,-154)
(118,200,-112)
(118,162,-86)
(118,130,-68)
(119,101,-57)
(121,67,-53)
(146,48,-50)
(160,42,-50)
(171,21,-65)
(172,22,-76)
(196,6,-74)
(186,0,-78)
(201,-17,-85)
(209,-31,-105)
(221,-37,-119)
(237,-47,-135)
(245,-69,-145)
(250,-62,-154)
(231,-65,-139)
(206,-72,-120)
(170,-52,-92)
(124,-42,-74)
(71,-5,-47)
(10,36,-70)
(-30,86,-90)
(-54,132,-124)
(-90,172,-194)
(-92,226,-264)
(-66,252,-322)
(-39,259,-385)
(16,270,-420)
(52,254,-452)
(75,231,-475)
(94,224,-494)
(96,226,-486)
(96,236,-478)
(65,247,-465)
(22,266,-430)
(-23,273,-377)
(-63,259,-323)
(-89,231,-261)
(-103,177,-193)
(-100,146,-172)
(-74,70,-112)
(-23,17,-77)
(53,-27,-77)
(110,-46,-76)
(159,-65,-89)
(186,-74,-116)
(190,-88,-112)
(136,-102,-112)
(82,-110,-124)
(39,-127,-131)
(-20,-138,-184)
(-82,-124,-232)
(-98,-122,-298)
(-106,-116,-348)
(-100,-94,-398)
(-89,-105,-415)
(-85,-111,-421)
(-84,-122,-402)
(-97,-123,-387)
(-69,-153,-341)
(-66,-158,-316)
(-62,-160,-312)
(-57,-167,-295)
(-57,-161,-279)
(-67,-153,-263)
(-78,-138,-226)
(-93,-103,-203)
(-109,-71,-189)
(-117,-65,-199)
(-105,-81,-191)
(-73,-117,-193)
(-61,-155,-253)
(-63,-159,-327)
(-59,-157,-387)
(-61,-121,-449)
(-57,-93,-479)
(-82,-64,-484)
(-99,-59,-467)
(-131,-71,-395)
(-129,-99,-285)
(-77,-103,-181)
(-5,-43,-87)
(58,22,-52)
(155,79,-65)
(215,103,-109)
(239,127,-117)
(229,149,-137)
(223,171,-137)
(196,196,-138)
(147,205,-123)
(108,186,-98)
(120,150,-82)
(125,123,-75)
(119,99,-75)
(77,87,-63)
(3,155,-97)
(-54,180,-160)
(-89,215,-237)
(-95,219,-297)
(-74,236,-310)
(-5,267,-253)
(77,265,-191)
(131,233,-137)
(157,147,-97)
(171,73,-75)
(129,-17,-83)
(46,-4,-74)
(-12,20,-88)
(-56,112,-130)
(-63,195,-181)
(-32,252,-240)
(5,283,-275)
(49,291,-251)
(50,290,-260)
(20,288,-254)
(-58,232,-240)
(-77,181,-189)
(-66,132,-148)
(-26,100,-98)
(13,57,-75)
(25,79,-75)
(56,110,-78)
(40,172,-108)
(35,215,-143)
(8,280,-234)
(-70,246,-288)
(-129,195,-315)
(-152,130,-306)
(-166,76,-276)
(-154,38,-212)
(-121,37,-155)
(-92,52,-124)
(-66,90,-118)
(-35,153,-125)
(-20,230,-174)
(-17,257,-247)
(-52,264,-332)
(-110,200,-392)
(-156,108,-386)
(-171,35,-331)
(-164,-4,-274)
(-143,-33,-219)
(-103,-71,-189)
(-80,-84,-164)
(-83,-85,-177)
(-89,-77,-181)
(-125,-9,-175)
(-127,81,-189)
(-89,153,-181)
(-25,229,-199)
(70,276,-216)
(99,299,-263)
(121,301,-311)
(109,307,-291)
(113,287,-233)
(140,244,-148)
(167,173,-103)
(178,110,-86)
(178,46,-78)
(141,7,-81)
(92,-8,-66)
(45,43,-55)
(30,76,-70)
(38,134,-88)
(61,169,-97)
(83,189,-99)
(119,185,-101)
(158,144,-80)
(189,65,-73)
(192,14,-88)
(173,-29,-85)
(124,-70,-92)
(89,-95,-107)
(38,-116,-122)
(1,-97,-123)
(-23,-99,-139)
(-59,-109,-177)
(-85,-93,-175)
(-79,-75,-159)
(-34,-52,-104)
(58,-64,-76)
(124,-62,-76)
(120,-68,-84)
(70,-94,-100)
(37,-119,-115)
(0,-142,-160)
(-27,-157,-207)
(-57,-159,-271)
(-76,-154,-338)
(-77,-129,-391)
(-57,-109,-459)
(-62,-70,-480)
(-57,-41,-513)
(-56,-36,-512)
(-53,-27,-519)
(-51,-17,-539)
(-39,5,-539)
(-4,-48,-544)
(6,-96,-536)
(26,-122,-520)
(31,-141,-479)
(20,-142,-460)
(38,-148,-490)
(22,-94,-530)
(-16,-70,-538)
(-76,-28,-506)
(-124,-26,-464)
(-145,-17,-377)
(-168,-18,-286)
(-134,-2,-194)
(-74,26,-120)
(-7,63,-85)
(31,175,-97)
(53,261,-179)
(78,312,-330)
(110,266,-460)
(160,190,-522)
(182,148,-540)
(224,76,-542)
(241,7,-509)
(244,-38,-482)
(232,-52,-478)
(216,-62,-502)
(168,-10,-536)
(150,32,-564)
(103,119,-565)
(69,193,-539)
(72,248,-502)
(99,269,-455)
(170,270,-428)
(228,244,-424)
(265,195,-427)
(299,113,-449)
(280,52,-468)
(283,31,-475)
(251,37,-507)
(203,83,-547)
(164,176,-532)
(128,240,-496)
(139,271,-461)
(175,261,-425)
(195,269,-413)
(258,214,-420)
(282,154,-428)
(317,93,-437)
(306,40,-444)
(291,27,-453)
(271,25,-469)
(231,41,-529)
(185,59,-557)
(125,93,-573)
(78,154,-560)
(56,198,-532)
(62,240,-504)
(109,261,-465)
(186,252,-436)
(264,208,-430)
(294,136,-440)
(304,78,-428)
(305,45,-445)
(286,44,-470)
(240,72,-520)
(171,129,-541)
(151,141,-543)
(51,235,-511)
(32,256,-474)
(76,304,-380)
(186,262,-416)
(210,228,-460)
(165,227,-505)
(100,218,-522)
(26,232,-510)
(-24,230,-476)
(-53,223,-461)
(-85,211,-441)
(-105,193,-427)
(-128,162,-422)
(-136,126,-426)
(-142,90,-426)
(-141,73,-429)
(-138,52,-456)
(-127,23,-467)
(-107,25,-489)
(-98,10,-504)
(-79,17,-511)
(-71,15,-525)
(-66,6,-526)
(-55,3,-529)
(-52,4,-530)
(-63,3,-533)
(-72,14,-522)
(-95,33,-499)
(-108,38,-488)
(-125,53,-467)
(-143,81,-437)
(-150,96,-408)
(-133,125,-411)
(-116,160,-426)
(-81,183,-469)
(-34,196,-484)
(12,212,-490)
(40,210,-506)
(42,246,-464)
(28,252,-456)
(45,215,-505)
(53,157,-543)
(66,82,-568)
(71,35,-573)
(77,39,-565)
(57,127,-545)
(60,198,-524)
(57,245,-475)
(51,255,-463)
(44,282,-424)
(54,284,-422)
(46,280,-436)
(61,241,-485)
(56,182,-534)
(64,154,-552)
(72,136,-562)
(65,135,-561)
(67,137,-563)
(59,163,-541)
(64,220,-500)
(65,241,-481)
(62,218,-514)
(65,167,-559)
(50,122,-566)
(4,124,-558)
(-62,106,-530)
(-126,62,-468)
(-155,17,-421)
(-148,-34,-382)
(-137,-77,-371)
(-125,-93,-371)
(-107,-105,-375)
(-108,-112,-378)
(-112,-114,-386)
(-105,-105,-391)
(-108,-104,-388)
(-117,-87,-397)
(-125,-57,-407)
(-138,-20,-416)
(-138,-4,-416)
(-142,10,-420)
(-138,2,-422)
(-141,7,-421)
(-135,-5,-425)
(-142,-24,-412)
(-136,-48,-404)
(-139,-57,-393)
(-131,-71,-391)
(-117,-81,-389)
(-119,-89,-377)
(-121,-93,-383)
(-129,-89,-387)
(-117,-75,-389)
(-124,-78,-394)
(-115,-71,-403)
(-124,-62,-412)
(-134,-58,-410)
(-125,-55,-423)
(-127,-53,-423)
(-125,-63,-417)
(-135,-57,-423)
(-123,-65,-429)
(-124,-46,-426)
(-129,-59,-417)
(-120,-60,-420)
(-125,-63,-419)
(-122,-58,-426)
(-136,-58,-424)
(-127,-61,-431)
(-127,-43,-431)
(-132,-56,-418)
(-136,-42,-418)
(-138,-40,-434)
(-125,-31,-433)
(-132,-32,-430)
(-127,-29,-427)
(-133,-23,-435)
(-130,-22,-430)
(-138,-22,-436)
(-128,-20,-434)
(-134,-12,-430)
(-130,-16,-428)
(-136,-20,-432)
(-131,-11,-429)
(-146,-10,-438)
(-139,-9,-439)
(-143,-7,-429)
(-140,-8,-430)
(-141,1,-431)
(-135,-1,-433)
(-141,-1,-439)
(-141,-1,-437)
(-141,-3,-431)
(-141,-5,-431)
(-144,-2,-432)
(-133,-9,-435)
(-137,-11,-439)
(-132,-14,-450)
(-121,-19,-453)
(-119,-23,-455)
(-124,10,-464)
(-135,51,-453)
(-140,74,-426)
(-136,78,-432)
(-143,39,-433)
(-139,-15,-433)
(-118,-44,-424)
(-139,-17,-431)
(-150,16,-428)
(-145,41,-427)
(-137,47,-439)
(-111,59,-493)
(-115,5,-459)
(-117,-55,-431)
(-127,-79,-399)
(-131,-89,-369)
(-119,-107,-373)
(-109,-107,-393)
(-106,-84,-418)
(-109,-53,-451)
(-117,-9,-459)
(-120,44,-470)
(-126,58,-456)
(-130,44,-458)
(-129,19,-453)
(-125,-11,-439)
(-131,-49,-419)
(-115,-91,-399)
(-99,-105,-413)
(-79,-103,-433)
(-79,-103,-453)
(-69,-89,-461)
(-52,-78,-482)
(-58,-72,-498)
(-46,-58,-510)
(-73,-51,-499)
(-91,-57,-477)
(-113,-51,-443)
(-130,-52,-410)
(-149,-53,-361)
(-159,-31,-289)
(-157,-5,-241)
(-147,25,-203)
(-109,57,-151)
(-64,104,-128)
(-26,144,-110)
(18,174,-108)
(44,214,-124)
(75,237,-147)
(92,266,-184)
(98,294,-226)
(88,312,-306)
(100,294,-394)
(115,265,-473)
(111,209,-527)
(133,151,-549)
(145,93,-571)
(142,40,-564)
(134,2,-564)
(123,-13,-563)
(113,-33,-551)
(93,-45,-563)
(93,-61,-557)
(76,-70,-550)
(49,-67,-537)
(19,-61,-555)
(-10,-24,-556)
(-35,1,-555)
(-73,19,-543)
(-99,39,-509)
(-119,59,-479)
(-141,107,-429)
(-138,158,-358)
(-110,206,-300)
(-46,242,-228)
(29,249,-175)
(98,236,-144)
(139,205,-125)
(162,196,-116)
(175,163,-117)
(179,149,-105)
(192,132,-102)
(193,111,-101)
(193,95,-87)
(198,96,-94)
(197,97,-97)
(206,94,-98)
(210,86,-102)
(212,68,-100)
(205,59,-85)
(193,43,-93)
(177,27,-77)
(159,35,-73)
(140,58,-76)
(168,74,-92)
(194,82,-98)
(209,71,-97)
(218,74,-100)
(216,56,-100)
(223,57,-107)
(227,39,-107)
(230,24,-116)
(241,1,-123)
(244,-22,-142)
(250,-32,-148)
(251,-53,-159)
(247,-59,-157)
(246,-66,-160)
(250,-50,-148)
(239,-47,-147)
(243,-15,-129)
(222,12,-98)
(231,9,-103)
(228,-22,-110)
(234,-26,-112)
(237,-3,-115)
(236,42,-114)
(231,47,-111)
(232,18,-110)
(223,-17,-115)
(206,-52,-110)
(178,-74,-110)
(169,-45,-93)
(187,15,-85)
(210,20,-94)
(210,-2,-100)
(209,-45,-115)
(186,-76,-116)
(173,-75,-99)
(147,-15,-71)
(148,46,-68)
(146,120,-80)
(150,144,-88)
(167,115,-87)
(199,49,-87)
(232,-4,-106)
(221,-53,-113)
(209,-77,-121)
(177,-91,-115)
(176,-92,-118)
(161,-103,-113)
(176,-118,-130)
(174,-142,-158)
(168,-162,-170)
(167,-149,-155)
(166,-18,-70)
(155,53,-57)
(149,73,-59)
(118,50,-44)
(86,-36,-56)
(52,-84,-74)
(41,-111,-89)
(40,-54,-72)
(26,48,-56)
(39,77,-59)
(38,2,-42)
(25,-21,-53)
(25,-65,-59)
(16,-68,-64)
(15,-5,-65)
(-7,141,-107)
(-11,175,-123)
(-5,161,-111)
(29,73,-41)
(20,-18,-44)
(21,-65,-59)
(13,-59,-71)
(33,29,-55)
(-24,160,-126)
(-11,213,-147)
(-2,144,-76)
(16,42,-36)
(5,-15,-45)
(-3,-53,-63)
(9,-5,-55)
(-6,122,-100)
(-14,174,-130)
(-10,162,-114)
(13,87,-57)
(18,28,-42)
(14,2,-42)
(6,0,-34)
(20,22,-54)
(-12,180,-116)
(-28,208,-168)
(-42,204,-160)
(-45,149,-107)
(-60,62,-70)
(-74,4,-102)
(-111,-13,-137)
(-139,-33,-181)
(-141,-35,-199)
(-158,-36,-244)
(-161,-63,-293)
(-132,-98,-336)
(-91,-149,-367)
(-45,-165,-397)
(-3,-185,-411)
(34,-176,-428)
(39,-167,-461)
(29,-141,-491)
(11,-129,-501)
(-1,-105,-513)
(-24,-106,-508)
(-43,-113,-489)
(-49,-115,-475)
(-40,-120,-466)
(-42,-154,-434)
(-51,-163,-373)
(-81,-159,-311)
(-86,-128,-234)
(-71,-101,-163)
(-53,-73,-121)
(-15,-31,-79)
(30,12,-52)
(66,48,-46)
(100,74,-40)
(92,78,-40)
(93,71,-51)
(53,47,-35)
(38,14,-46)
(-8,-16,-62)
(-25,-47,-87)
(-56,-64,-126)
(-77,-103,-177)
(-87,-129,-231)
(-81,-151,-289)
(-77,-153,-341)
(-75,-153,-359)
(-95,-125,-375)
(-140,-84,-366)
(-156,-36,-324)
(-171,-7,-257)
(-153,1,-193)
(-104,-40,-152)
(-71,-69,-139)
(-75,-89,-149)
(-102,-72,-174)
(-138,-32,-190)
(-141,7,-189)
(-154,48,-196)
(-141,55,-173)
(-108,42,-138)
(-79,-13,-109)
(-65,-37,-107)
(-70,-50,-126)
(-93,-71,-149)
(-107,-51,-175)
(-128,-48,-176)
(-120,-56,-188)
(-120,-74,-204)
(-110,-78,-196)
(-77,-105,-187)
(-58,-120,-168)
(-30,-126,-158)
(0,-120,-140)
(27,-123,-125)
(50,-102,-108)
(92,-90,-92)
(115,-61,-77)
(151,-51,-83)
(168,-30,-86)
(179,-33,-79)
(181,-41,-71)
(166,-24,-78)
(165,-33,-65)
(160,-22,-76)
(146,-32,-68)
(97,-59,-65)
(30,-86,-98)
(-11,-97,-117)
(-49,-121,-163)
(-70,-126,-212)
(-87,-135,-257)
(-93,-143,-313)
(-97,-145,-355)
(-85,-147,-381)
(-72,-132,-414)
(-75,-131,-423)
(-78,-132,-438)
(-77,-137,-431)
(-63,-121,-457)
(-60,-122,-462)
(-53,-109,-467)
(-49,-109,-473)
(-53,-113,-475)
(-38,-108,-488)
(-29,-107,-491)
(-21,-113,-503)
(-13,-105,-501)
(-22,-116,-492)
(-22,-126,-484)
(-23,-139,-465)
(-21,-135,-459)
(-37,-145,-447)
(-45,-147,-421)
(-50,-154,-408)
(-49,-155,-407)
(-59,-161,-389)
(-58,-154,-378)
(-66,-156,-388)
(-55,-153,-379)
(-59,-159,-381)
(-60,-154,-388)
(-60,-152,-376)
(-66,-152,-372)
(-80,-156,-364)
(-77,-161,-347)
(-80,-156,-340)
(-82,-150,-332)
(-91,-149,-327)
(-93,-149,-323)
(-89,-149,-325)
(-91,-147,-341)
(-85,-149,-349)
(-88,-140,-358)
(-81,-151,-373)
(-88,-146,-382)
(-82,-146,-384)
(-88,-138,-390)
(-85,-129,-397)
(-108,-122,-392)
(-108,-102,-394)
(-116,-102,-380)
(-123,-105,-361)
(-102,-122,-342)
(-99,-147,-357)
(-103,-117,-367)
(-137,-85,-389)
(-147,-43,-401)
(-145,-53,-391)
(-145,-75,-363)
(-124,-104,-352)
(-118,-112,-340)
(-136,-100,-360)
(-145,-63,-385)
(-145,-31,-395)
(-148,-38,-396)
(-151,-47,-391)
(-137,-69,-377)
(-122,-100,-352)
(-135,-77,-359)
(-157,-19,-379)
(-158,0,-382)
(-159,1,-385)
(-158,-38,-360)
(-151,-57,-357)
(-152,-56,-356)
(-151,-73,-359)
(-148,-76,-364)
(-130,-92,-352)
(-130,-108,-354)
(-122,-110,-342)
(-118,-118,-344)
(-113,-123,-331)
(-107,-131,-333)
(-112,-128,-334)
(-110,-128,-342)
(-121,-107,-347)
(-135,-95,-349)
(-144,-92,-364)
(-141,-77,-371)
(-147,-79,-361)
(-148,-64,-354)
(-157,-49,-349)
(-162,-54,-346)
(-171,-21,-323)
(-174,-24,-308)
(-173,-15,-293)
(-170,-14,-286)
(-162,-14,-280)
(-174,-18,-280)
(-171,-17,-283)
(-165,-17,-283)
(-171,-23,-299)
(-170,-8,-288)
(-164,-38,-282)
(-153,-65,-279)
(-163,-47,-291)
(-171,-23,-299)
(-176,0,-296)
(-167,-11,-299)
(-161,-47,-273)
(-152,-56,-272)
(-172,-34,-296)
(-170,-18,-298)
(-175,9,-295)
(-166,-14,-294)
(-165,-35,-273)
(-166,-32,-280)
(-171,-31,-279)
(-165,-27,-259)
(-156,-26,-238)
(-157,-23,-219)
(-146,-32,-208)
(-149,-19,-203)
(-145,-15,-201)
(-151,-15,-197)
(-151,-3,-203)
(-159,5,-201)
(-160,6,-206)
(-136,-28,-190)
(-147,-21,-197)
(-153,-7,-219)
(-165,9,-225)
(-162,22,-228)
(-159,1,-217)
(-140,-44,-208)
(-140,-58,-200)
(-143,-49,-223)
(-156,-20,-222)
(-161,5,-217)
(-153,3,-205)
(-149,-31,-199)
(-125,-65,-193)
(-120,-74,-210)
(-132,-62,-220)
(-146,-46,-228)
(-153,-9,-225)
(-155,-17,-215)
(-144,-32,-188)
(-127,-55,-187)
(-116,-58,-174)
(-137,-43,-197)
(-155,-15,-213)
(-166,20,-224)
(-162,42,-220)
(-162,4,-200)
(-136,-34,-186)
(-134,-44,-188)
(-140,-24,-200)
(-156,-2,-216)
(-161,23,-211)
(-160,8,-212)
(-149,-21,-189)
(-130,-40,-192)
(-138,-38,-190)
(-140,-30,-184)
(-125,-25,-165)
(-116,-34,-150)
(-92,-22,-128)
(-78,-34,-118)
(-83,-35,-121)
(-99,-29,-131)
(-112,-8,-138)
(-113,11,-145)
(-112,-10,-144)
(-99,-21,-133)
(-109,-31,-141)
(-94,-44,-138)
(-95,-55,-147)
(-101,-55,-159)
(-99,-65,-153)
(-79,-79,-153)
(-65,-93,-147)
(-59,-97,-147)
(-54,-98,-146)
(-61,-95,-147)
(-72,-100,-154)
(-87,-81,-175)
(-130,-72,-204)
(-144,-60,-236)
(-151,-53,-259)
(-150,-70,-280)
(-154,-64,-302)
(-146,-68,-316)
(-155,-75,-303)
(-156,-74,-322)
(-149,-79,-317)
(-149,-77,-321)
(-156,-70,-320)
(-159,-67,-311)
(-156,-50,-294)
(-159,-37,-263)
(-161,-31,-239)
(-147,-37,-231)
(-143,-35,-215)
(-138,-36,-192)
(-124,-38,-178)
(-134,-34,-198)
(-140,-38,-212)
(-155,-47,-227)
(-148,-52,-238)
(-151,-51,-251)
(-154,-56,-276)
(-153,-67,-277)
(-156,-54,-256)
(-155,-33,-239)
(-157,-27,-213)
(-147,-1,-191)
(-137,-7,-185)
(-130,-14,-178)
(-140,-20,-192)
(-134,-40,-194)
(-136,-54,-206)
(-144,-46,-200)
(-144,-12,-194)
(-135,5,-167)
(-132,18,-166)
(-132,22,-148)
(-125,29,-145)
(-123,27,-141)
(-113,35,-133)
(-107,43,-115)
(-99,51,-117)
(-87,55,-103)
(-70,64,-96)
(-96,56,-126)
(-122,36,-132)
(-146,16,-176)
(-150,-14,-196)
(-146,-42,-214)
(-146,-40,-204)
(-135,-11,-163)
(-110,30,-130)
(-79,77,-99)
(-54,98,-84)
(-17,119,-87)
(6,130,-60)
(25,143,-65)
(43,135,-63)
(64,142,-54)
(87,149,-67)
(105,153,-69)
(139,187,-81)
(171,199,-107)
(207,203,-129)
(242,204,-158)
(267,215,-189)
(276,218,-238)
(264,244,-280)
(249,257,-319)
(220,274,-364)
(176,278,-414)
(129,291,-397)
(95,307,-381)
(58,310,-354)
(19,307,-309)
(3,291,-241)
(-22,252,-186)
(-50,202,-146)
(-72,172,-128)
(-104,118,-138)
(-114,88,-148)
(-125,55,-159)
(-135,19,-179)
(-150,-16,-192)
(-145,-35,-227)
(-140,-72,-266)
(-136,-90,-292)
(-134,-92,-326)
(-120,-114,-362)
(-102,-118,-384)
(-75,-129,-417)
(-43,-135,-445)
(-18,-138,-464)
(-2,-134,-476)
(3,-135,-483)
(-1,-135,-481)
(-10,-140,-474)
(-21,-147,-459)
(-16,-160,-454)
(9,-153,-465)
(38,-160,-464)
(74,-182,-456)
(97,-193,-423)
(108,-194,-404)
(113,-187,-417)
(83,-185,-411)
(56,-194,-428)
(23,-195,-387)
(-12,-194,-358)
(-44,-184,-326)
(-56,-164,-286)
(-76,-156,-242)
(-71,-143,-229)
(-67,-121,-199)
(-75,-93,-159)
(-68,-70,-136)
(-57,-39,-109)
(-30,-8,-80)
(-8,18,-60)
(28,52,-46)
(52,80,-44)
(82,102,-50)
(70,90,-48)
(51,81,-47)
(15,53,-43)
(-15,27,-59)
(-56,-12,-86)
(-80,-42,-116)
(-108,-76,-170)
(-104,-106,-238)
(-110,-122,-268)
(-95,-139,-317)
(-87,-145,-335)
(-76,-152,-386)
(-41,-155,-427)
(-17,-151,-443)
(3,-153,-457)
(14,-156,-464)
(22,-152,-462)
(-11,-155,-441)
(-53,-143,-417)
(-89,-143,-363)
(-97,-141,-317)
(-102,-138,-296)
(-99,-135,-297)
(-115,-123,-323)
(-137,-81,-339)
(-154,-58,-318)
(-156,-48,-300)
(-140,-74,-246)
(-113,-103,-223)
(-91,-109,-217)
(-118,-106,-244)
(-139,-75,-261)
(-162,-44,-266)
(-170,-12,-268)
(-167,9,-239)
(-144,8,-186)
(-117,-43,-165)
(-91,-87,-165)
(-98,-96,-186)
(-111,-83,-211)
(-131,-69,-227)
(-150,-32,-228)
(-146,0,-218)
(-140,-6,-190)
(-123,-45,-171)
(-107,-71,-177)
(-102,-84,-184)
(-132,-62,-214)
(-146,-34,-218)
(-170,26,-234)
(-169,53,-243)
(-173,95,-271)
(-171,109,-283)
(-173,93,-291)
(-167,49,-237)
(-150,20,-200)
(-153,19,-183)
(-150,68,-198)
(-146,154,-250)
(-138,182,-308)
(-148,172,-334)
(-161,125,-303)
(-175,73,-269)
(-168,56,-232)
(-149,125,-209)
(-148,142,-226)
(-119,187,-231)
(-103,227,-279)
(-106,230,-332)
(-127,205,-351)
(-160,140,-328)
(-172,90,-308)
(-171,93,-283)
(-160,134,-294)
(-131,189,-323)
(-113,211,-379)
(-92,184,-442)
(-83,143,-489)
(-85,105,-509)
(-113,69,-479)
(-137,53,-447)
(-153,83,-405)
(-138,146,-418)
(-116,166,-452)
(-80,148,-490)
(-72,142,-494)
(-102,100,-486)
(-130,82,-452)
(-152,88,-434)
(-139,145,-423)
(-108,182,-430)
(-72,188,-466)
(-58,162,-490)
(-82,124,-488)
(-117,125,-461)
(-147,129,-419)
(-149,129,-389)
(-157,145,-363)
(-149,163,-363)
(-112,212,-362)
(-85,225,-415)
(-83,195,-453)
(-98,156,-462)
(-125,137,-445)
(-153,119,-413)
(-138,160,-388)
(-122,208,-366)
(-88,224,-392)
(-69,223,-421)
(-73,193,-461)
(-103,145,-479)
(-132,124,-438)
(-148,124,-402)
(-149,161,-371)
(-123,197,-379)
(-91,233,-397)
(-68,218,-442)
(-82,168,-466)
(-120,150,-454)
(-146,146,-406)
(-149,157,-341)
(-138,164,-280)
(-126,180,-250)
(-117,187,-217)
(-90,182,-180)
(-76,174,-152)
(-60,162,-132)
(-48,150,-110)
(-31,135,-95)
(-15,127,-85)
(-9,131,-89)
(-17,131,-79)
(-4,122,-68)
(-4,132,-84)
(-11,113,-69)
(-14,132,-84)
(-36,170,-106)
(-50,178,-122)
(-53,165,-117)
(-54,138,-98)
(-34,98,-82)
(-34,88,-80)
(-56,118,-98)
(-54,170,-130)
(-23,197,-125)
(5,195,-99)
(47,169,-77)
(60,158,-72)
(48,204,-102)
(42,230,-124)
(18,252,-172)
(-16,270,-222)
(-55,267,-277)
(-90,246,-316)
(-133,199,-323)
(-156,138,-322)
(-165,79,-309)
(-172,22,-294)
(-176,-6,-288)
(-161,-27,-277)
(-162,-16,-258)
(-174,10,-240)
(-159,33,-229)
(-138,98,-210)
(-119,163,-209)
(-113,195,-229)
(-90,232,-260)
(-35,271,-249)
(14,276,-214)
(55,257,-169)
(86,224,-124)
(100,182,-86)
(100,136,-64)
(92,92,-50)
(53,45,-49)
(28,10,-52)
(-6,-44,-80)
(-56,-76,-136)
(-79,-119,-225)
(-99,-131,-297)
(-108,-118,-352)
(-107,-117,-381)
(-111,-91,-419)
(-97,-87,-435)
(-82,-76,-462)
(-54,-86,-492)
(-92,-88,-420)
(-116,-116,-308)
(-88,-124,-230)
(-55,-139,-181)
(-2,-142,-152)
(34,-148,-144)
(71,-145,-137)
(88,-138,-130)
(92,-142,-132)
(107,-149,-135)
(104,-150,-138)
(112,-148,-126)
(90,-140,-128)
(40,-144,-130)
(-19,-153,-173)
(-42,-158,-228)
(-55,-159,-283)
(-57,-163,-317)
(-50,-162,-360)
(-34,-164,-402)
(-22,-154,-440)
(4,-144,-468)
(18,-170,-444)
(0,-194,-352)
(-43,-169,-243)
(-65,-117,-167)
(-96,-46,-144)
(-133,-5,-169)
(-155,19,-225)
(-174,26,-268)
(-171,-3,-309)
(-164,-38,-316)
(-147,-69,-309)
(-132,-96,-284)
(-119,-107,-283)
(-126,-102,-290)
(-115,-117,-313)
(-113,-123,-323)
(-104,-130,-314)
(-111,-127,-309)
(-103,-133,-315)
(-93,-131,-333)
(-97,-131,-351)
(-103,-107,-377)
(-105,-103,-407)
(-116,-74,-440)
(-100,-48,-470)
(-86,-46,-500)
(-94,-76,-468)
(-101,-97,-417)
(-107,-109,-393)
(-108,-118,-366)
(-95,-145,-337)
(-84,-150,-310)
(-99,-147,-331)
(-135,-59,-423)
(-124,-32,-444)
(-124,8,-458)
(-128,-6,-448)
(-109,-67,-439)
(-102,-108,-406)
(-119,-57,-425)
(-127,-13,-443)
(-125,25,-455)
(-111,37,-469)
(-117,3,-457)
(-107,-85,-429)
(-112,-98,-392)
(-122,-68,-408)
(-128,-22,-442)
(-127,35,-461)
(-123,27,-483)
(-101,-41,-473)
(-117,-79,-433)
(-115,-55,-409)
(-136,-28,-432)
(-127,53,-467)
(-117,61,-479)
(-102,-18,-476)
(-120,-54,-426)
(-122,-44,-428)
(-126,16,-464)
(-113,71,-479)
(-89,39,-511)
(-102,-50,-466)
(-126,-66,-424)
(-130,-36,-426)
(-131,43,-463)
(-117,103,-467)
(-108,30,-492)
(-131,-7,-435)
(-153,23,-395)
(-165,69,-371)
(-160,108,-374)
(-145,109,-435)
(-151,89,-411)
(-170,98,-318)
(-169,109,-271)
(-156,106,-230)
(-148,142,-216)
(-126,188,-276)
(-135,173,-257)
(-139,113,-189)
(-145,97,-165)
(-139,73,-147)
(-120,80,-138)
(-86,150,-162)
(-87,175,-173)
(-95,95,-101)
(-92,30,-82)
(-99,15,-105)
(-87,105,-119)
(-61,119,-103)
(-51,49,-47)
(-49,3,-55)
(-47,-7,-83)
(-55,57,-85)
(-42,98,-96)
(-33,79,-59)
(-37,15,-49)
(-46,-20,-70)
(-62,2,-90)
(-58,64,-106)
(-57,117,-93)
(-35,49,-51)
(-48,-12,-64)
(-60,-20,-92)
(-49,37,-97)
(-53,109,-121)
(-38,82,-64)
(-40,12,-50)
(-36,-10,-60)
(-52,-38,-74)
(-62,-8,-106)
(-71,55,-113)
(-61,65,-95)
(-51,1,-55)
(-64,-48,-94)
(-79,-51,-133)
(-100,-16,-138)
(-100,36,-128)
(-83,17,-99)
(-88,-20,-110)
(-105,-61,-137)
(-127,-71,-187)
(-127,-33,-185)
(-127,5,-173)
(-122,-10,-128)
(-103,-59,-135)
(-117,-75,-165)
(-132,-80,-206)
(-139,-89,-251)
(-149,-75,-305)
(-136,-60,-354)
(-129,-47,-387)
(-123,-59,-405)
(-103,-59,-419)
(-97,-67,-431)
(-99,-67,-449)
(-93,-39,-467)
(-91,-37,-467)
(-99,-65,-427)
(-122,-80,-382)
(-130,-106,-322)
(-141,-71,-233)
(-145,-15,-187)
(-157,41,-205)
(-174,90,-232)
(-169,125,-281)
(-163,137,-337)
(-158,126,-376)
(-159,125,-399)
(-158,136,-352)
(-155,141,-241)
(-157,89,-171)
(-155,51,-155)
(-158,24,-152)
(-169,-1,-187)
(-168,-14,-208)
(-163,-23,-213)
(-165,-47,-231)
(-171,-47,-237)
(-157,-49,-247)
(-164,-54,-238)
(-158,-36,-228)
(-155,15,-189)
(-145,71,-195)
(-142,118,-228)
(-162,154,-270)
(-153,153,-309)
(-153,151,-337)
(-161,143,-351)
(-164,148,-350)
(-160,148,-296)
(-154,110,-190)
(-155,49,-185)
(-156,18,-172)
(-164,2,-186)
(-167,-13,-195)
(-161,-33,-197)
(-154,-50,-230)
(-153,-55,-247)
(-157,-49,-251)
(-160,-58,-250)
(-154,-50,-220)
(-161,17,-209)
(-157,101,-233)
(-164,128,-286)
(-156,140,-332)
(-163,137,-375)
(-147,143,-419)
(-136,146,-438)
(-110,164,-470)
(-54,202,-496)
(9,251,-491)
(61,293,-411)
(96,314,-286)
(110,282,-190)
(119,249,-123)
(122,256,-122)
(124,270,-134)
(131,293,-175)
(116,304,-242)
(105,321,-317)
(80,272,-476)
(71,229,-537)
(28,182,-562)
(1,167,-561)
(-50,152,-536)
(-95,173,-489)
(-126,178,-416)
(-154,158,-366)
(-165,121,-329)
(-168,94,-298)
(-183,43,-287)
(-170,-8,-288)
(-157,-55,-313)
(-130,-100,-344)
(-96,-120,-364)
(-64,-140,-388)
(-44,-158,-404)
(-26,-170,-408)
(-18,-174,-400)
(-27,-173,-397)
(-48,-170,-370)
(-84,-152,-336)
(-123,-101,-285)
(-148,-54,-254)
(-158,-10,-246)
(-156,4,-240)
(-166,42,-224)
(-161,87,-229)
(-157,85,-227)
(-162,40,-228)
(-161,-5,-233)
(-148,-34,-238)
(-146,-68,-248)
(-133,-99,-271)
(-104,-132,-312)
(-100,-146,-322)
(-111,-129,-319)
(-147,-89,-283)
(-140,-74,-276)
(-151,-37,-249)
(-154,18,-228)
(-155,43,-215)
(-144,58,-204)
(-158,54,-216)
(-157,11,-231)
(-158,2,-236)
(-165,13,-221)
(-164,48,-240)
(-170,82,-268)
(-167,71,-231)
(-152,18,-178)
(-142,-14,-170)
(-135,-49,-193)
(-149,-31,-213)
(-154,-12,-236)
(-163,17,-229)
(-165,29,-213)
(-154,12,-186)
(-141,-19,-169)
(-129,-55,-179)
(-138,-74,-196)
(-144,-60,-216)
(-149,-41,-221)
(-160,-18,-206)
(-157,-3,-203)
(-145,-19,-195)
(-123,-51,-177)
(-121,-69,-173)
(-127,-57,-179)
(-128,-46,-166)
(-111,-19,-141)
(-110,-28,-124)
(-79,-3,-91)
(-32,-30,-50)
(-26,-62,-62)
(-34,-88,-96)
(-59,-67,-101)
(-77,-29,-87)
(-50,-8,-62)
(-35,-37,-61)
(-28,-84,-86)
(-52,-102,-110)
(-76,-76,-126)
(-94,-30,-122)
(-84,-16,-94)
(-51,-35,-67)
(-23,-77,-81)
(-20,-100,-94)
(-38,-102,-124)
(-60,-84,-120)
(-63,-55,-103)
(-31,-75,-87)
(-23,-103,-103)
(-29,-127,-141)
(-70,-104,-150)
(-83,-79,-127)
(-70,-66,-106)
(-29,-85,-91)
(-22,-122,-106)
(-43,-139,-153)
(-78,-118,-176)
(-84,-96,-158)
(-95,-85,-147)
(-124,-6,-134)
(-117,53,-133)
(-114,36,-98)
(-103,63,-99)
(-109,107,-125)
(-113,145,-161)
(-126,136,-162)
(-139,85,-143)
(-128,76,-134)
(-128,108,-142)
(-134,178,-202)
(-130,168,-224)
(-138,136,-182)
(-141,79,-151)
(-140,82,-150)
(-124,134,-172)
(-140,148,-194)
(-140,118,-168)
(-133,89,-135)
(-121,63,-121)
(-111,79,-117)
(-128,126,-146)
(-138,170,-214)
(-137,129,-169)
(-123,73,-121)
(-121,39,-121)
(-110,14,-112)
(-99,21,-91)
(-96,40,-94)
(-80,64,-90)
(-79,7,-81)
(-68,-30,-90)
(-75,-41,-103)
(-105,-27,-133)
(-117,3,-131)
(-88,-14,-92)
(-89,-53,-121)
(-95,-81,-151)
(-114,-82,-198)
(-131,-77,-205)
(-133,-55,-183)
(-113,-59,-141)
(-85,-83,-131)
(-96,-104,-182)
(-127,-97,-223)
(-131,-89,-217)
(-127,-89,-179)
(-90,-126,-176)
(-71,-145,-191)
(-67,-157,-215)
(-67,-167,-235)
(-69,-157,-245)
(-87,-151,-279)
(-100,-128,-296)
(-110,-120,-318)
(-110,-122,-346)
(-109,-115,-347)
(-109,-121,-325)
(-111,-137,-299)
(-118,-132,-258)
(-94,-130,-212)
(-81,-139,-201)
(-83,-149,-235)
(-79,-149,-233)
(-52,-150,-188)
(-21,-131,-125)
(1,-105,-93)
(6,-78,-76)
(5,-73,-69)
(-2,-78,-80)
(-22,-108,-106)
(-33,-91,-99)
(-40,-64,-88)
(-37,-19,-73)
(-33,-35,-67)
(-27,-57,-61)
(-26,-70,-74)
(-50,-106,-126)
(-79,-91,-129)
(-70,-46,-94)
(-53,-39,-81)
(-47,-43,-85)
(-42,-74,-92)
(-39,-85,-107)
(-70,-100,-140)
(-76,-76,-122)
(-74,-42,-98)
(-49,-51,-69)
(-37,-89,-85)
(-48,-120,-116)
(-58,-128,-170)
(-82,-114,-174)
(-89,-65,-133)
(-57,-75,-95)
(-45,-97,-115)
(-82,-124,-164)
(-86,-124,-180)
(-68,-116,-142)
(-5,-121,-87)
(41,-107,-63)
(77,-95,-51)
(110,-68,-42)
(122,-32,-24)
(141,3,-17)
(140,36,-18)
(137,63,-21)
(129,95,-37)
(87,155,-45)
(70,206,-80)
(65,257,-135)
(62,290,-178)
(67,307,-231)
(53,319,-341)
(43,293,-443)
(35,255,-509)
(28,208,-546)
(30,156,-574)
(22,114,-586)
(22,70,-594)
(33,51,-585)
(27,35,-589)
(42,38,-590)
(40,26,-594)
(50,52,-596)
(77,83,-609)
(71,67,-591)
(65,33,-595)
(48,-4,-580)
(23,-21,-583)
(-14,-24,-562)
(-54,-18,-538)
(-112,-22,-504)
(-125,-23,-465)
(-131,-55,-417)
(-135,-81,-353)
(-123,-105,-313)
(-119,-113,-305)
(-135,-97,-325)
(-165,-29,-387)
(-157,93,-435)
(-91,229,-397)
(-62,258,-374)
(-34,280,-322)
(-3,289,-241)
(46,264,-178)
(76,220,-132)
(113,171,-93)
(141,83,-63)
(142,60,-56)
(155,13,-67)
(155,-39,-91)
(148,-68,-92)
(150,-86,-108)
(142,-120,-126)
(119,-147,-153)
(109,-159,-171)
(112,-164,-180)
(111,-173,-187)
(90,-184,-210)
(66,-194,-240)
(66,-198,-240)
(60,-172,-180)
(38,-106,-104)
(59,-5,-65)
(108,62,-62)
(141,67,-57)
(172,48,-64)
(177,45,-65)
(180,62,-68)
(160,194,-124)
(154,252,-168)
(173,195,-99)
(181,115,-71)
(182,64,-60)
(172,112,-82)
(161,193,-127)
(160,174,-106)
(182,108,-76)
(168,20,-54)
(157,-11,-45)
(150,68,-60)
(163,91,-47)
(153,43,-31)
(150,-18,-46)
(148,34,-58)
(147,73,-71)
(152,108,-76)
(154,124,-62)
(158,116,-46)
(154,108,-62)
(125,223,-117)
(106,284,-204)
(100,296,-212)
(108,282,-184)
(126,240,-132)
(144,196,-92)
(131,205,-111)
(104,296,-238)
(102,306,-258)
(123,261,-149)
(140,190,-114)
(144,108,-66)
(123,87,-67)
(93,177,-99)
(105,203,-119)
(124,192,-108)
(150,78,-52)
(153,-61,-59)
(122,-128,-98)
(107,-33,-49)
(149,39,-59)
(175,35,-45)
(187,-39,-61)
(163,-99,-93)
(142,-54,-106)
(147,41,-77)
(174,42,-62)
(199,-27,-73)
(188,-88,-90)
(177,-127,-123)
(135,-161,-171)
(108,-180,-192)
(84,-192,-214)
(50,-202,-252)
(33,-207,-277)
(4,-196,-328)
(-17,-179,-401)
(-14,-154,-450)
(-22,-142,-460)
(-23,-135,-467)
(-26,-144,-472)
(-26,-158,-436)
(-29,-173,-413)
(-8,-194,-298)
(14,-178,-194)
(52,-112,-102)
(51,-39,-65)
(65,91,-57)
(40,214,-112)
(44,298,-242)
(63,313,-349)
(95,299,-425)
(110,258,-498)
(130,210,-544)
(144,160,-570)
(165,113,-575)
(176,70,-576)
(188,68,-568)
(167,67,-571)
(151,71,-583)
(152,60,-576)
(117,45,-591)
(68,38,-590)
(-33,47,-559)
(-107,13,-505)
(-157,-13,-415)
(-157,-35,-343)
(-144,-60,-278)
(-127,-79,-249)
(-102,-112,-214)
(-75,-133,-227)
(-50,-156,-236)
(-38,-174,-258)
(-29,-187,-277)
(-20,-190,-296)
(-27,-191,-299)
(-22,-188,-302)
(-27,-197,-293)
(-53,-161,-259)
(-100,-100,-196)
(-115,9,-155)
(-110,90,-154)
(-92,172,-180)
(-60,230,-206)
(-23,275,-257)
(2,290,-312)
(-37,281,-309)
(-43,241,-217)
(-54,198,-154)
(-46,188,-154)
(-45,223,-175)
(-41,267,-229)
(-65,249,-259)
(-91,185,-193)
(-101,83,-139)
(-92,50,-122)
(-81,-21,-125)
(-90,-110,-204)
(-87,-139,-323)
(-84,-110,-416)
(-85,-79,-453)
(-94,-74,-444)
(-106,-74,-406)
(-127,-105,-341)
(-101,-127,-241)
(-45,-135,-159)
(9,-127,-99)
(77,-109,-77)
(112,-80,-70)
(118,-64,-54)
(133,-29,-45)
(145,19,-55)
(160,58,-66)
(147,179,-131)
(151,235,-183)
(151,253,-201)
(160,270,-234)
(182,262,-232)
(206,242,-228)
(230,246,-250)
(259,219,-261)
(286,200,-278)
(315,165,-285)
(332,124,-288)
(338,102,-298)
(342,64,-300)
(342,46,-310)
(340,38,-338)
(346,20,-334)
(336,10,-332)
(332,-30,-348)
(327,-55,-355)
(315,-63,-363)
(305,-83,-347)
(307,-91,-353)
(312,-66,-354)
(333,5,-361)
(312,130,-394)
(268,206,-432)
(222,230,-446)
(156,244,-488)
(83,239,-493)
(-6,240,-468)
(-92,176,-450)
(-147,129,-397)
(-151,97,-389)
(-151,27,-383)
(-132,-12,-414)
(-114,14,-450)
(-93,37,-479)
(-74,-52,-494)
(-56,-134,-444)
(-62,-150,-402)
(-51,-107,-457)
(-36,-84,-484)
(-4,-54,-514)
(15,-43,-537)
(62,-142,-508)
(116,-194,-414)
(157,-195,-379)
(183,-145,-437)
(201,-79,-481)
(217,-67,-485)
(231,-113,-459)
(254,-126,-406)
(224,-88,-480)
(187,-53,-513)
(119,-83,-525)
(20,-158,-452)
(-89,-151,-371)
(-128,-94,-340)
(-171,-17,-327)
(-175,49,-295)
(-147,165,-317)
(-67,227,-427)
(19,245,-489)
(126,268,-452)
(152,268,-432)
(247,221,-405)
(301,175,-375)
(330,124,-386)
(326,112,-382)
(319,75,-431)
(278,92,-478)
(201,179,-497)
(183,199,-489)
(89,255,-465)
(6,260,-438)
(-89,233,-373)
(-130,186,-326)
(-170,104,-300)
(-168,28,-320)
(-149,-19,-353)
(-119,-61,-407)
(-78,-88,-448)
(-40,-74,-484)
(-25,-35,-501)
(-24,-14,-514)
(-43,-27,-517)
(-79,-35,-483)
(-133,-31,-399)
(-162,-10,-276)
(-141,31,-181)
(-95,93,-129)
(-3,149,-95)
(68,224,-112)
(141,267,-193)
(200,282,-310)
(157,289,-379)
(61,277,-427)
(-71,245,-379)
(-103,225,-341)
(-146,130,-228)
(-149,61,-187)
(-149,23,-213)
(-161,35,-219)
(-156,44,-224)
(-126,158,-226)
(-94,228,-298)
(-92,230,-368)
(-123,187,-383)
(-150,148,-344)
(-160,106,-276)
(-165,81,-251)
(-155,27,-227)
(-160,4,-252)
(-166,48,-244)
(-164,114,-272)
(-152,148,-290)
(-128,186,-328)
(-113,199,-381)
(-130,174,-408)
(-106,180,-436)
(-44,194,-484)
(42,200,-532)
(108,192,-534)
(172,174,-540)
(219,163,-513)
(253,155,-479)
(292,140,-436)
(316,164,-370)
(300,164,-294)
(303,159,-277)
(301,167,-277)
(293,163,-271)
(301,159,-265)
(301,133,-235)
(300,120,-218)
(293,95,-199)
(258,82,-146)
(220,68,-110)
(129,93,-83)
(32,134,-92)
(-30,152,-130)
(-94,152,-190)
(-137,131,-263)
(-160,82,-310)
(-156,20,-330)
(-151,-57,-327)
(-104,-112,-302)
(-57,-151,-257)
(-32,-168,-242)
(-51,-161,-257)
(-117,-111,-311)
(-162,-2,-344)
(-154,130,-338)
(-55,257,-297)
(69,289,-251)
(161,271,-257)
(244,232,-260)
(296,172,-266)
(335,107,-283)
(336,78,-298)
(340,64,-318)
(336,68,-364)
(320,64,-372)
(318,98,-416)
(270,118,-464)
(216,128,-514)
(149,125,-545)
(66,102,-572)
(-12,68,-554)
(-33,61,-541)
(-88,54,-510)
(-123,3,-455)
(-143,-35,-391)
(-135,-73,-351)
(-110,-116,-320)
(-84,-136,-286)
(-63,-167,-299)
(-36,-176,-316)
(-41,-175,-321)
(-12,-182,-382)
(-16,-162,-416)
(-48,-144,-432)
(-96,-102,-408)
(-115,-93,-393)
(-177,29,-319)
(-139,161,-285)
(-61,255,-275)
(54,298,-268)
(129,285,-251)
(195,251,-245)
(252,214,-260)
(276,208,-280)
(272,222,-286)
(214,260,-272)
(113,295,-261)
(-6,284,-274)
(-91,233,-297)
(-153,143,-303)
(-172,64,-308)
(-168,-12,-312)
(-133,-83,-319)
(-82,-144,-332)
(-22,-188,-332)
(24,-206,-342)
(33,-199,-327)
(61,-205,-333)
(51,-203,-327)
(19,-205,-355)
(-48,-168,-354)
(-143,-73,-357)
(-179,53,-331)
(-153,141,-293)
(-80,226,-246)
(-49,251,-241)
(87,279,-203)
(164,258,-192)
(223,225,-195)
(276,188,-216)
(282,178,-224)
(277,207,-237)
(211,275,-267)
(72,316,-320)
(-53,259,-367)
(-141,161,-373)
(-170,66,-330)
(-157,-13,-289)
(-142,-48,-270)
(-119,-91,-231)
(-97,-119,-203)
(-76,-124,-188)
(-71,-105,-175)
(-73,-103,-161)
(-74,-110,-170)
(-75,-103,-163)
(-84,-98,-174)
(-78,-106,-176)
(-87,-95,-173)
(-94,-88,-182)
(-107,-65,-173)
(-110,-16,-158)
(-74,58,-110)
(-13,95,-65)
(60,76,-42)
(116,26,-42)
(142,-26,-60)
(149,-57,-75)
(146,-70,-82)
(147,-75,-79)
(150,-68,-78)
(152,-66,-78)
(130,-48,-62)
(146,-42,-64)
(145,-45,-67)
(130,-60,-72)
(82,-66,-80)
(39,-71,-81)
(-27,-91,-121)
(-77,-83,-171)
(-115,-91,-241)
(-135,-69,-309)
(-149,-33,-357)
(-144,12,-430)
(-129,47,-463)
(-105,79,-481)
(-105,89,-479)
(-96,112,-488)
(-89,115,-485)
(-85,139,-487)
(-63,105,-521)
(-30,54,-554)
(-28,-52,-516)
(-48,-108,-474)
(-50,-144,-416)
(-55,-159,-381)
(-46,-166,-358)
(-44,-170,-378)
(-52,-144,-414)
(-83,-119,-401)
(-131,-87,-355)
(-146,-46,-264)
(-103,-11,-157)
(-37,73,-97)
(58,188,-104)
(129,251,-167)
(163,291,-265)
(199,277,-367)
(158,272,-430)
(101,253,-475)
(3,263,-437)
(-47,265,-319)
(-66,222,-228)
(-51,203,-189)
(-54,224,-216)
(-20,288,-338)
(-1,275,-425)
(-56,232,-440)
(-110,206,-354)
(-125,181,-273)
(-111,161,-213)
(-86,170,-178)
(-71,211,-199)
(-62,250,-296)
(-92,242,-388)
(-116,198,-330)
(-125,163,-255)
(-116,148,-208)
(-104,150,-180)
(-108,168,-194)
(-103,189,-213)
(-93,231,-395)
(-108,180,-420)
(-129,191,-287)
(-127,153,-223)
(-113,133,-181)
(-103,175,-193)
(-89,229,-315)
(-104,210,-398)
(-130,180,-336)
(-136,158,-266)
(-139,109,-223)
(-138,102,-190)
(-125,137,-197)
(-119,197,-297)
(-129,181,-373)
(-140,170,-378)
(-148,120,-270)
(-153,77,-231)
(-150,54,-198)
(-153,97,-221)
(-132,164,-274)
(-140,164,-358)
(-150,142,-354)
(-163,99,-269)
(-160,60,-218)
(-155,39,-203)
(-156,58,-202)
(-159,123,-259)
(-150,150,-352)
(-156,134,-360)
(-165,101,-283)
(-167,81,-253)
(-165,19,-231)
(-168,28,-242)
(-174,60,-266)
(-175,75,-325)
(-168,64,-328)
(-162,12,-286)
(-145,-41,-231)
(-121,-101,-251)
(-84,-140,-308)
(-49,-163,-361)
(-21,-173,-385)
(-12,-166,-394)
(-27,-169,-375)
(-69,-151,-351)
(-115,-113,-325)
(-142,-50,-270)
(-161,35,-253)
(-154,114,-240)
(-99,205,-247)
(-47,271,-257)
(-9,275,-267)
(10,286,-258)
(28,254,-174)
(39,183,-83)
(53,107,-45)
(98,62,-34)
(126,-22,-52)
(151,-61,-55)
(165,-59,-65)
(190,-60,-66)
(196,-50,-78)
(206,-36,-74)
(199,-17,-65)
(199,-5,-61)
(206,-8,-66)
(220,-42,-88)
(209,-85,-105)
(168,-108,-118)
(143,1,-73)
(80,180,-114)
(52,288,-238)
(75,297,-349)
(148,266,-442)
(206,142,-520)
(225,57,-523)
(198,66,-536)
(216,128,-520)
(240,132,-484)
(269,77,-487)
(219,93,-533)
(189,113,-535)
(145,171,-535)
(55,247,-473)
(-62,236,-412)
(-152,148,-360)
(-170,74,-308)
(-166,-4,-284)
(-135,-73,-283)
(-103,-121,-309)
(-80,-138,-362)
(-53,-129,-411)
(-57,-99,-469)
(-65,-63,-493)
(-66,-40,-502)
(-56,-66,-506)
(-57,-119,-439)
(-47,-123,-431)
(-57,-77,-465)
(-66,-44,-490)
(-66,-12,-500)
(-43,-99,-485)
(-44,-138,-418)
(-56,-150,-396)
(-47,-143,-407)
(-36,-108,-472)
(-33,-77,-489)
(-39,-85,-489)
(-47,-87,-483)
(-51,-97,-485)
(-44,-106,-476)
(-44,-94,-484)
(-42,-94,-484)
(-47,-89,-479)
(-46,-96,-480)
(-47,-103,-483)
(-38,-98,-486)
(-30,-96,-488)
(-37,-103,-485)
(-31,-97,-493)
