(-242,-164,-116)
(-232,-172,-110)
(-238,-174,-120)
(-239,-163,-127)
(-240,-168,-130)
(-238,-168,-126)
(-233,-165,-133)
(-234,-172,-136)
(-234,-170,-124)
(-238,-168,-130)
(-243,-167,-121)
(-243,-167,-129)
(-246,-166,-130)
(-239,-171,-121)
(-251,-159,-135)
(-234,-172,-132)
(-239,-167,-131)
(-244,-158,-130)
(-249,-157,-137)
(-253,-147,-143)
(-262,-140,-146)
(-271,-131,-161)
(-278,-120,-192)
(-279,-89,-203)
(-280,-76,-224)
(-278,-52,-236)
(-269,-27,-269)
(-260,2,-288)
(-254,6,-296)
(-232,12,-322)
(-211,29,-337)
(-192,36,-350)
(-160,50,-360)
(-134,60,-366)
(-85,81,-365)
(-59,89,-367)
(-31,83,-363)
(-10,82,-358)
(3,91,-347)
(6,88,-352)
(-14,100,-350)
(-46,92,-362)
(-72,84,-368)
(-113,75,-375)
(-149,57,-363)
(-179,27,-345)
(-203,3,-335)
(-217,-7,-329)
(-231,-9,-313)
(-231,3,-313)
(-243,5,-311)
(-243,23,-311)
(-242,2,-310)
(-248,6,-312)
(-260,18,-304)
(-255,23,-299)
(-245,25,-295)
(-267,33,-303)
(-269,39,-289)
(-263,43,-273)
(-279,59,-255)
(-296,70,-226)
(-296,88,-220)
(-297,93,-207)
(-301,99,-209)
(-294,114,-196)
(-299,97,-173)
(-308,82,-156)
(-315,75,-151)
(-321,57,-145)
(-317,57,-145)
(-309,71,-155)
(-307,53,-183)
(-302,64,-212)
(-281,49,-243)
(-275,51,-285)
(-262,44,-292)
(-258,38,-296)
(-253,39,-293)
(-270,48,-280)
(-271,73,-271)
(-279,87,-239)
(-293,89,-235)
(-290,102,-204)
(-280,112,-198)
(-293,113,-189)
(-297,109,-199)
(-300,98,-170)
(-321,83,-157)
(-307,93,-151)
(-310,88,-158)
(-306,84,-170)
(-303,91,-183)
(-299,93,-189)
(-304,100,-206)
(-288,98,-236)
(-275,95,-259)
(-271,95,-269)
(-264,100,-266)
(-263,91,-275)
(-285,99,-251)
(-294,104,-218)
(-294,104,-186)
(-306,104,-162)
(-299,111,-199)
(-282,110,-242)
(-264,106,-270)
(-256,98,-268)
(-263,97,-267)
(-287,103,-231)
(-281,103,-235)
(-266,98,-254)
(-266,100,-272)
(-256,94,-270)
(-265,97,-267)
(-263,99,-273)
(-267,91,-261)
(-257,97,-281)
(-248,82,-280)
(-256,86,-290)
(-276,94,-264)
(-292,96,-234)
(-286,92,-234)
(-284,94,-236)
(-282,88,-250)
(-278,72,-278)
(-274,74,-276)
(-271,51,-285)
(-270,30,-288)
(-272,22,-286)
(-267,5,-275)
(-271,-5,-263)
(-277,-33,-259)
(-273,-45,-241)
(-276,-68,-212)
(-268,-104,-184)
(-258,-132,-154)
(-242,-166,-122)
(-207,-177,-89)
(-178,-194,-54)
(-145,-195,-33)
(-131,-201,-13)
(-93,-207,1)
(-69,-209,-1)
(-33,-203,9)
(-25,-195,13)
(-8,-202,12)
(4,-188,-2)
(-4,-194,4)
(-35,-215,-29)
(-69,-213,-41)
(-123,-219,-95)
(-202,-184,-152)
(-265,-117,-209)
(-285,-41,-243)
(-277,21,-253)
(-263,91,-263)
(-225,159,-265)
(-168,208,-246)
(-119,235,-227)
(-71,251,-205)
(-25,251,-183)
(42,234,-160)
(80,206,-136)
(126,180,-108)
(144,122,-96)
(168,76,-70)
(177,29,-47)
(180,-10,-46)
(160,-60,-34)
(146,-100,-22)
(121,-127,-35)
(108,-154,-40)
(88,-160,-44)
(87,-169,-43)
(83,-169,-39)
(78,-170,-42)
(93,-155,-47)
(133,-123,-49)
(154,-84,-64)
(172,-50,-78)
(180,6,-94)
(172,64,-148)
(158,100,-188)
(126,120,-238)
(89,143,-261)
(42,164,-288)
(-7,177,-311)
(-63,173,-327)
(-143,145,-331)
(-189,113,-335)
(-217,69,-311)
(-252,14,-302)
(-267,-41,-273)
(-249,-75,-253)
(-248,-110,-234)
(-243,-139,-209)
(-223,-175,-177)
(-197,-187,-167)
(-178,-208,-148)
(-160,-206,-124)
(-142,-218,-116)
(-150,-230,-106)
(-144,-214,-118)
(-160,-208,-138)
(-172,-208,-162)
(-197,-189,-193)
(-206,-166,-218)
(-220,-138,-238)
(-235,-121,-263)
(-239,-87,-293)
(-221,-39,-317)
(-201,-7,-343)
(-161,33,-367)
(-114,62,-370)
(-63,65,-375)
(-14,80,-364)
(24,64,-350)
(51,61,-347)
(76,48,-326)
(91,53,-311)
(116,42,-288)
(132,40,-276)
(140,38,-262)
(144,20,-242)
(160,12,-224)
(161,-1,-203)
(160,-12,-204)
(160,-20,-194)
(165,-31,-197)
(157,-35,-209)
(145,-39,-219)
(144,-24,-256)
(118,-24,-282)
(99,-19,-307)
(74,-6,-334)
(47,-3,-355)
(-3,17,-373)
(-45,51,-379)
(-73,115,-367)
(-94,168,-328)
(-113,205,-295)
(-115,231,-267)
(-89,247,-231)
(-57,253,-227)
(9,243,-213)
(42,216,-210)
(82,198,-212)
(86,186,-206)
(105,161,-223)
(107,143,-255)
(92,108,-288)
(71,91,-321)
(46,84,-342)
(19,67,-355)
(-19,63,-375)
(-62,74,-384)
(-92,86,-374)
(-128,134,-354)
(-139,163,-321)
(-162,202,-284)
(-160,218,-256)
(-143,233,-241)
(-107,247,-215)
(-76,248,-210)
(-45,239,-223)
(-2,236,-236)
(25,207,-259)
(58,162,-282)
(73,125,-303)
(73,87,-323)
(52,76,-326)
(36,64,-348)
(0,78,-358)
(-44,102,-364)
(-65,121,-359)
(-96,138,-346)
(-112,168,-326)
(-110,198,-300)
(-103,219,-265)
(-67,223,-257)
(-32,234,-248)
(-3,227,-249)
(25,213,-249)
(51,183,-281)
(47,151,-295)
(54,128,-314)
(34,124,-332)
(5,115,-345)
(-36,138,-346)
(-63,155,-331)
(-95,177,-321)
(-102,196,-298)
(-118,222,-274)
(-113,235,-253)
(-97,245,-245)
(-60,240,-234)
(-38,238,-244)
(3,215,-257)
(18,192,-286)
(11,173,-303)
(3,151,-329)
(-24,156,-326)
(-47,173,-325)
(-68,192,-294)
(-105,213,-281)
(-113,221,-257)
(-124,244,-240)
(-107,241,-233)
(-83,245,-237)
(-51,235,-247)
(-33,207,-271)
(-30,194,-294)
(-48,180,-314)
(-74,182,-308)
(-115,201,-293)
(-149,215,-257)
(-180,210,-228)
(-199,223,-205)
(-208,236,-176)
(-192,242,-162)
(-167,247,-169)
(-128,250,-182)
(-98,256,-210)
(-68,240,-252)
(-68,210,-278)
(-96,214,-286)
(-118,202,-268)
(-167,215,-251)
(-196,226,-204)
(-214,216,-168)
(-236,216,-136)
(-248,200,-110)
(-248,190,-94)
(-264,184,-78)
(-278,166,-68)
(-287,145,-63)
(-280,128,-46)
(-292,120,-42)
(-294,92,-26)
(-295,89,-33)
(-307,55,-23)
(-305,45,-43)
(-308,24,-50)
(-308,-6,-58)
(-309,-37,-75)
(-311,-53,-79)
(-310,-76,-100)
(-286,-104,-118)
(-273,-131,-131)
(-238,-164,-148)
(-216,-176,-164)
(-188,-190,-164)
(-171,-207,-163)
(-151,-207,-171)
(-110,-212,-180)
(-64,-228,-190)
(-49,-219,-207)
(-27,-209,-215)
(-10,-208,-218)
(2,-206,-220)
(5,-205,-235)
(-2,-198,-236)
(4,-202,-238)
(-15,-207,-239)
(-28,-204,-238)
(-45,-215,-233)
(-66,-216,-224)
(-93,-215,-217)
(-125,-205,-209)
(-170,-192,-236)
(-183,-159,-253)
(-219,-125,-271)
(-234,-82,-292)
(-223,-47,-311)
(-234,0,-316)
(-233,33,-313)
(-217,71,-307)
(-200,114,-316)
(-185,139,-303)
(-159,165,-289)
(-152,188,-278)
(-128,216,-248)
(-106,238,-200)
(-75,249,-137)
(-46,252,-66)
(-17,229,-9)
(10,214,34)
(23,183,63)
(36,150,90)
(42,130,106)
(39,91,113)
(46,78,126)
(46,50,128)
(48,22,134)
(46,20,132)
(52,2,130)
(53,3,129)
(48,16,128)
(56,30,116)
(65,25,123)
(59,27,117)
(54,16,126)
(58,-14,118)
(40,-18,134)
(47,-41,129)
(42,-40,118)
(42,-58,122)
(40,-68,124)
(34,-88,120)
(25,-93,119)
(17,-105,113)
(6,-108,116)
(2,-124,114)
(-7,-139,113)
(-8,-142,110)
(-28,-144,98)
(-30,-154,104)
(-39,-163,91)
(-48,-166,90)
(-59,-173,79)
(-59,-193,73)
(-62,-186,68)
(-67,-199,51)
(-74,-202,52)
(-81,-205,47)
(-81,-203,45)
(-81,-197,45)
(-74,-202,44)
(-90,-202,48)
(-78,-194,50)
(-74,-186,68)
(-72,-186,78)
(-53,-167,83)
(-43,-161,105)
(-25,-137,117)
(-11,-119,119)
(2,-98,134)
(16,-86,124)
(31,-67,131)
(52,-34,126)
(66,-8,110)
(76,6,114)
(81,9,111)
(91,23,101)
(102,48,84)
(114,64,70)
(126,80,46)
(117,95,41)
(126,102,20)
(121,113,7)
(134,122,-8)
(134,134,-18)
(118,140,-32)
(129,141,-49)
(123,151,-51)
(129,155,-71)
(125,155,-83)
(132,166,-108)
(117,179,-129)
(109,171,-151)
(104,174,-170)
(101,183,-183)
(99,173,-201)
(93,175,-209)
(74,184,-238)
(63,173,-239)
(41,173,-269)
(9,159,-289)
(-10,148,-320)
(-22,132,-330)
(-57,111,-353)
(-84,98,-364)
(-107,63,-369)
(-129,51,-369)
(-141,33,-369)
(-161,3,-367)
(-158,-28,-358)
(-179,-47,-347)
(-175,-73,-353)
(-179,-103,-327)
(-178,-112,-324)
(-176,-136,-308)
(-171,-131,-301)
(-169,-133,-313)
(-169,-123,-321)
(-181,-103,-335)
(-185,-71,-339)
(-185,-43,-343)
(-171,-19,-357)
(-166,18,-364)
(-159,55,-363)
(-149,93,-355)
(-131,123,-341)
(-122,152,-322)
(-96,186,-298)
(-101,187,-301)
(-108,164,-328)
(-118,128,-340)
(-143,95,-361)
(-137,57,-365)
(-152,20,-368)
(-162,-24,-356)
(-176,-54,-348)
(-160,-86,-342)
(-169,-121,-327)
(-151,-145,-309)
(-158,-158,-284)
(-148,-184,-258)
(-146,-204,-222)
(-148,-222,-200)
(-134,-218,-170)
(-129,-229,-153)
(-132,-230,-128)
(-134,-232,-108)
(-137,-235,-111)
(-126,-238,-106)
(-126,-228,-114)
(-133,-221,-115)
(-129,-229,-121)
(-135,-229,-133)
(-123,-227,-139)
(-118,-232,-142)
(-112,-228,-154)
(-108,-230,-168)
(-104,-236,-170)
(-113,-229,-177)
(-120,-222,-198)
(-133,-211,-219)
(-133,-201,-237)
(-161,-183,-255)
(-170,-162,-270)
(-190,-142,-288)
(-194,-132,-296)
(-207,-109,-311)
(-208,-96,-306)
(-215,-89,-309)
(-220,-80,-322)
(-214,-70,-318)
(-215,-55,-329)
(-220,-48,-330)
(-218,-38,-326)
(-213,-15,-333)
(-220,-18,-326)
(-212,-4,-334)
(-220,0,-338)
(-215,9,-343)
(-214,20,-340)
(-225,51,-335)
(-209,71,-331)
(-201,79,-329)
(-212,56,-328)
(-210,40,-332)
(-217,27,-329)
(-216,10,-334)
(-221,-9,-333)
(-219,-27,-321)
(-220,-64,-318)
(-224,-68,-318)
(-219,-87,-305)
(-221,-109,-297)
(-208,-128,-278)
(-205,-137,-271)
(-203,-155,-259)
(-190,-158,-256)
(-196,-176,-236)
(-182,-172,-240)
(-181,-183,-221)
(-178,-188,-214)
(-169,-197,-199)
(-174,-194,-204)
(-175,-197,-201)
(-172,-204,-202)
(-181,-203,-195)
(-169,-207,-175)
(-171,-223,-175)
(-153,-215,-159)
(-152,-216,-154)
(-149,-221,-143)
(-152,-224,-130)
(-144,-226,-114)
(-139,-219,-93)
(-145,-237,-85)
(-137,-231,-77)
(-135,-219,-61)
(-121,-221,-53)
(-119,-207,-41)
(-126,-214,-14)
(-117,-207,-9)
(-125,-205,5)
(-117,-201,13)
(-122,-206,-4)
(-131,-219,-27)
(-134,-216,-52)
(-147,-219,-95)
(-151,-217,-99)
(-172,-216,-138)
(-179,-199,-169)
(-196,-182,-198)
(-201,-177,-213)
(-210,-160,-242)
(-214,-148,-246)
(-216,-120,-266)
(-231,-99,-283)
(-233,-77,-297)
(-232,-48,-302)
(-230,-24,-314)
(-234,0,-318)
(-226,14,-324)
(-228,40,-326)
(-229,67,-321)
(-210,86,-312)
(-201,115,-319)
(-192,142,-310)
(-168,160,-302)
(-155,183,-289)
(-139,211,-267)
(-115,223,-251)
(-105,237,-227)
(-85,247,-209)
(-63,255,-175)
(-47,265,-165)
(-34,264,-158)
(-24,260,-134)
(-5,255,-125)
(13,255,-115)
(36,248,-100)
(52,232,-94)
(69,221,-81)
(84,210,-76)
(99,187,-69)
(116,186,-56)
(127,163,-51)
(129,151,-51)
(140,138,-64)
(152,118,-54)
(157,113,-51)
(152,98,-46)
(156,84,-42)
(166,78,-40)
(163,73,-35)
(159,49,-29)
(173,41,-23)
(164,28,-24)
(164,18,-22)
(162,4,-18)
(172,-6,-20)
(161,-9,-25)
(165,-5,-29)
(171,-1,-31)
(170,28,-46)
(166,62,-60)
(165,101,-103)
(149,141,-145)
(118,154,-176)
(103,177,-217)
(77,185,-235)
(53,181,-245)
(42,182,-258)
(21,197,-267)
(-2,198,-280)
(-26,204,-296)
(-50,190,-310)
(-75,177,-311)
(-74,176,-314)
(-57,199,-305)
(-30,202,-278)
(19,203,-271)
(28,198,-250)
(55,207,-239)
(70,190,-222)
(83,197,-203)
(113,177,-181)
(128,148,-168)
(152,140,-156)
(157,117,-147)
(161,99,-133)
(167,93,-121)
(167,75,-111)
(177,63,-103)
(169,67,-111)
(177,47,-115)
(174,64,-122)
(172,58,-120)
(165,65,-125)
(170,60,-134)
(180,56,-98)
(170,34,-86)
(179,13,-85)
(172,14,-82)
(172,-4,-70)
(176,-10,-64)
(184,-18,-66)
(172,-22,-62)
(172,-22,-58)
(168,-30,-64)
(171,-37,-63)
(180,-28,-76)
(170,-6,-98)
(178,12,-122)
(170,36,-146)
(158,74,-174)
(148,102,-190)
(136,108,-220)
(106,124,-252)
(88,138,-274)
(62,140,-294)
(44,134,-312)
(23,121,-327)
(3,119,-343)
(-18,110,-346)
(-42,110,-348)
(-59,97,-357)
(-81,89,-363)
(-98,78,-370)
(-116,56,-372)
(-117,57,-375)
(-123,43,-371)
(-128,16,-372)
(-127,-1,-373)
(-123,-13,-369)
(-121,-33,-367)
(-127,-23,-371)
(-117,9,-375)
(-102,34,-378)
(-93,61,-365)
(-75,81,-365)
(-66,100,-362)
(-44,124,-346)
(-26,134,-336)
(-12,150,-324)
(8,158,-308)
(20,160,-302)
(38,170,-286)
(51,165,-275)
(62,170,-254)
(92,172,-234)
(101,167,-217)
(112,156,-214)
(127,149,-199)
(137,141,-181)
(128,146,-172)
(129,159,-179)
(115,167,-205)
(85,163,-241)
(58,178,-260)
(59,181,-277)
(39,167,-283)
(28,166,-296)
(16,152,-312)
(6,152,-322)
(-9,133,-341)
(-16,114,-350)
(-27,93,-355)
(-32,80,-364)
(-35,67,-373)
(-42,50,-374)
(-40,56,-370)
(-43,35,-373)
(-34,14,-378)
(-31,9,-371)
(-34,-18,-368)
(-28,-32,-368)
(-26,-48,-368)
(-30,-52,-370)
(-30,-50,-374)
(-37,-55,-361)
(-45,-47,-371)
(-49,-27,-377)
(-52,-26,-376)
(-54,-6,-378)
(-48,14,-374)
(-49,27,-377)
(-40,40,-376)
(-21,53,-369)
(-15,69,-367)
(-11,55,-369)
(-15,43,-371)
(-6,32,-368)
(-16,24,-370)
(-21,7,-371)
(-26,-2,-376)
(-30,-20,-372)
(-32,-38,-368)
(-37,-45,-361)
(-34,-48,-370)
(-37,-55,-361)
(-41,-55,-365)
(-44,-64,-358)
(-55,-63,-359)
(-51,-49,-369)
(-68,-54,-366)
(-71,-37,-369)
(-69,-39,-367)
(-77,-35,-365)
(-84,-26,-372)
(-96,-2,-374)
(-92,12,-378)
(-96,20,-374)
(-87,29,-375)
(-88,56,-372)
(-71,69,-359)
(-68,90,-354)
(-50,98,-358)
(-47,103,-343)
(-37,117,-351)
(-45,105,-349)
(-43,101,-359)
(-55,65,-363)
(-66,30,-360)
(-81,-11,-371)
(-99,-37,-359)
(-108,-56,-356)
(-107,-91,-345)
(-95,-119,-327)
(-85,-153,-303)
(-75,-175,-275)
(-51,-187,-259)
(-43,-191,-229)
(-23,-217,-191)
(-2,-206,-174)
(13,-207,-155)
(31,-209,-135)
(48,-184,-114)
(70,-188,-106)
(88,-174,-102)
(94,-166,-102)
(102,-158,-88)
(106,-148,-94)
(110,-148,-90)
(106,-150,-98)
(102,-160,-100)
(94,-160,-118)
(83,-169,-137)
(66,-182,-154)
(53,-183,-181)
(25,-197,-197)
(3,-195,-217)
(-22,-192,-244)
(-38,-162,-284)
(-58,-134,-314)
(-70,-114,-324)
(-76,-82,-344)
(-78,-54,-350)
(-77,-29,-367)
(-75,3,-363)
(-54,20,-372)
(-50,40,-366)
(-44,66,-364)
(-40,68,-362)
(-50,60,-368)
(-53,29,-369)
(-60,0,-370)
(-65,-43,-363)
(-77,-91,-343)
(-80,-126,-330)
(-72,-142,-318)
(-58,-154,-300)
(-52,-168,-280)
(-44,-176,-278)
(-44,-184,-256)
(-32,-198,-240)
(-19,-185,-225)
(-8,-200,-212)
(-1,-203,-193)
(23,-203,-181)
(27,-207,-167)
(47,-193,-137)
(59,-183,-133)
(74,-174,-112)
(91,-163,-103)
(95,-159,-105)
(98,-154,-114)
(106,-154,-108)
(117,-151,-97)
(117,-137,-107)
(124,-138,-108)
(110,-136,-108)
(108,-150,-106)
(95,-157,-113)
(80,-182,-138)
(59,-183,-165)
(37,-189,-187)
(24,-182,-206)
(8,-186,-228)
(1,-177,-253)
(-12,-162,-284)
(-16,-142,-306)
(-33,-121,-319)
(-38,-98,-338)
(-35,-83,-343)
(-45,-51,-361)
(-38,-24,-362)
(-30,-12,-362)
(-34,0,-374)
(-27,-3,-365)
(-22,2,-358)
(-27,7,-367)
(-33,13,-361)
(-20,18,-362)
(-14,6,-354)
(-6,8,-364)
(0,4,-358)
(-4,0,-352)
(1,-1,-351)
(-3,5,-355)
(-9,21,-359)
(-10,44,-354)
(-23,49,-361)
(-22,44,-354)
(-27,39,-357)
(-25,15,-361)
(-28,12,-364)
(-34,-16,-366)
(-45,-49,-361)
(-55,-69,-353)
(-56,-92,-332)
(-44,-118,-320)
(-42,-134,-314)
(-32,-140,-308)
(-29,-151,-289)
(-11,-161,-277)
(-2,-166,-266)
(3,-173,-251)
(9,-169,-255)
(16,-172,-256)
(20,-176,-256)
(19,-171,-247)
(31,-169,-237)
(39,-175,-227)
(56,-168,-220)
(68,-168,-206)
(74,-150,-210)
(82,-152,-212)
(98,-138,-198)
(107,-137,-191)
(116,-136,-182)
(117,-125,-175)
(113,-117,-171)
(119,-113,-177)
(116,-122,-170)
(115,-119,-177)
(110,-120,-182)
(121,-123,-197)
(112,-122,-214)
(101,-115,-231)
(88,-106,-250)
(85,-93,-273)
(83,-79,-283)
(71,-67,-303)
(74,-44,-314)
(58,-42,-316)
(55,-29,-323)
(54,-22,-326)
(43,3,-343)
(47,17,-347)
(29,47,-343)
(28,72,-340)
(29,101,-331)
(12,136,-320)
(12,140,-314)
(17,143,-311)
(15,137,-313)
(24,128,-320)
(16,110,-336)
(1,105,-339)
(-10,102,-348)
(-24,86,-352)
(-45,63,-367)
(-46,62,-364)
(-68,42,-378)
(-88,32,-380)
(-94,20,-372)
(-96,8,-378)
(-105,-11,-373)
(-99,-25,-367)
(-104,-38,-362)
(-97,-43,-367)
(-94,-62,-360)
(-90,-66,-356)
(-76,-84,-352)
(-67,-95,-347)
(-65,-105,-341)
(-56,-106,-334)
(-48,-112,-336)
(-36,-118,-326)
(-30,-132,-326)
(-14,-134,-320)
(-7,-133,-305)
(9,-141,-291)
(17,-147,-291)
(37,-149,-285)
(39,-155,-275)
(44,-142,-270)
(59,-149,-253)
(60,-142,-262)
(77,-159,-237)
(90,-148,-224)
(92,-144,-214)
(97,-151,-209)
(97,-145,-203)
(105,-137,-201)
(92,-136,-214)
(94,-144,-230)
(80,-134,-242)
(73,-135,-255)
(67,-137,-251)
(56,-146,-260)
(59,-149,-271)
(41,-143,-273)
(41,-141,-279)
(41,-143,-279)
(37,-133,-295)
(33,-133,-293)
(29,-115,-299)
(19,-117,-309)
(12,-132,-302)
(1,-129,-297)
(-4,-140,-312)
(0,-124,-310)
(4,-118,-312)
(8,-122,-308)
(13,-123,-309)
(27,-125,-299)
(25,-121,-303)
(29,-129,-285)
(23,-127,-307)
(17,-133,-303)
(20,-128,-294)
(14,-126,-296)
(24,-130,-308)
(21,-125,-301)
(27,-121,-299)
(28,-120,-308)
(25,-119,-309)
(30,-116,-306)
(25,-121,-303)
(25,-119,-313)
(25,-111,-307)
(28,-112,-312)
(29,-107,-317)
(23,-109,-321)
(24,-110,-320)
(23,-113,-321)
(16,-110,-312)
(24,-118,-316)
(19,-113,-319)
(11,-111,-315)
(20,-112,-320)
(19,-103,-319)
(14,-102,-320)
(13,-91,-329)
(18,-90,-330)
(11,-83,-331)
(15,-81,-337)
(4,-90,-330)
(6,-90,-332)
(11,-89,-335)
(10,-80,-340)
(9,-83,-333)
(4,-86,-338)
(12,-84,-326)
(-1,-79,-341)
(-8,-54,-348)
(11,-31,-355)
(27,-17,-355)
(39,3,-345)
(45,3,-349)
(30,20,-346)
(32,50,-336)
(30,72,-338)
(31,85,-327)
(36,98,-326)
(44,114,-312)
(54,126,-302)
(56,126,-298)
(52,110,-304)
(45,119,-309)
(52,108,-304)
(39,105,-319)
(25,101,-335)
(15,75,-351)
(-6,60,-366)
(-34,16,-370)
(-31,-9,-367)
(-39,-61,-357)
(-28,-92,-344)
(-18,-112,-330)
(-2,-126,-304)
(10,-144,-294)
(25,-155,-277)
(36,-158,-272)
(47,-151,-261)
(39,-145,-263)
(51,-145,-263)
(59,-137,-273)
(56,-128,-278)
(52,-132,-280)
(45,-121,-283)
(50,-132,-290)
(57,-129,-289)
(50,-130,-278)
(53,-125,-287)
(51,-125,-281)
(52,-116,-280)
(43,-117,-287)
(45,-119,-295)
(40,-124,-296)
(34,-122,-298)
(47,-115,-295)
(32,-114,-306)
(37,-117,-303)
(35,-119,-307)
(29,-113,-299)
(32,-120,-308)
(27,-109,-303)
(27,-113,-303)
(30,-124,-310)
(22,-114,-300)
(12,-108,-320)
(-1,-109,-329)
(-2,-110,-326)
(-5,-97,-329)
(-5,-105,-323)
(13,-111,-325)
(5,-97,-325)
(13,-89,-331)
(14,-92,-328)
(17,-93,-329)
(10,-88,-336)
(10,-80,-334)
(10,-86,-340)
(11,-95,-335)
(11,-89,-335)
(4,-94,-336)
(16,-90,-334)
(14,-86,-328)
(19,-85,-337)
(12,-88,-328)
(21,-83,-333)
(15,-85,-337)
(16,-94,-338)
(17,-81,-339)
(12,-86,-340)
(10,-82,-338)
(6,-76,-338)
(14,-76,-344)
(4,-74,-352)
(2,-70,-348)
(4,-70,-348)
(-3,-67,-351)
(-3,-73,-347)
(-16,-66,-350)
(-13,-67,-355)
(-16,-66,-354)
(-6,-64,-360)
(-20,-54,-358)
(-19,-59,-359)
(-20,-54,-356)
(-17,-55,-363)
(-23,-51,-361)
(-28,-52,-368)
(-27,-51,-357)
(-30,-56,-352)
(-30,-58,-358)
(-34,-56,-358)
(-18,-54,-360)
(-34,-54,-354)
(-22,-58,-352)
(-24,-58,-352)
(-27,-49,-365)
(-33,-23,-373)
(-34,-16,-374)
(-32,16,-376)
(-29,41,-367)
(-18,68,-354)
(-12,84,-350)
(-4,106,-338)
(3,109,-345)
(-4,120,-328)
(0,124,-334)
(9,133,-325)
(20,138,-310)
(34,140,-308)
(35,137,-303)
(44,138,-300)
(54,134,-300)
(48,136,-300)
(46,148,-292)
(40,140,-296)
(39,145,-299)
(38,138,-306)
(37,143,-305)
(41,133,-301)
(47,137,-295)
(46,138,-292)
(46,148,-308)
(40,140,-294)
(46,144,-294)
(39,153,-285)
(34,144,-290)
(45,153,-283)
(40,166,-294)
(14,152,-322)
(-20,124,-342)
(-52,90,-364)
(-74,60,-376)
(-74,30,-374)
(-77,-3,-373)
(-75,-33,-365)
(-72,-88,-360)
(-55,-125,-335)
(-42,-138,-318)
(-28,-172,-292)
(-17,-183,-273)
(7,-195,-245)
(21,-193,-217)
(40,-192,-190)
(50,-196,-182)
(63,-199,-159)
(69,-189,-159)
(71,-191,-155)
(65,-195,-169)
(47,-195,-209)
(21,-167,-267)
(-10,-140,-330)
(-16,-78,-358)
(-8,-40,-372)
(-16,-28,-374)
(-18,26,-380)
(-14,88,-362)
(-18,134,-348)
(-4,168,-320)
(-1,199,-289)
(4,228,-242)
(24,230,-200)
(32,242,-166)
(47,247,-147)
(50,242,-120)
(72,234,-98)
(71,225,-81)
(81,213,-75)
(93,211,-73)
(90,208,-66)
(79,217,-83)
(58,244,-94)
(32,258,-128)
(1,259,-137)
(-37,267,-169)
(-64,260,-182)
(-82,252,-204)
(-103,255,-223)
(-150,234,-242)
(-176,202,-270)
(-204,178,-284)
(-234,128,-282)
(-268,94,-264)
(-278,58,-258)
(-279,11,-249)
(-270,-38,-258)
(-260,-84,-238)
(-243,-129,-239)
(-219,-147,-229)
(-199,-163,-207)
(-204,-188,-196)
(-186,-196,-170)
(-170,-208,-152)
(-167,-215,-135)
(-157,-213,-117)
(-156,-220,-96)
(-155,-221,-81)
(-136,-214,-62)
(-140,-212,-70)
(-145,-219,-69)
(-144,-220,-88)
(-162,-216,-118)
(-168,-206,-150)
(-181,-189,-195)
(-221,-153,-221)
(-233,-131,-233)
(-246,-108,-260)
(-255,-91,-251)
(-259,-71,-259)
(-264,-44,-254)
(-284,-34,-258)
(-288,6,-250)
(-283,31,-243)
(-290,58,-244)
(-277,91,-233)
(-272,136,-218)
(-264,150,-204)
(-251,185,-185)
(-222,214,-158)
(-189,239,-121)
(-169,255,-89)
(-141,265,-71)
(-120,266,-56)
(-85,271,-51)
(-43,259,-47)
(20,242,-34)
(50,220,-24)
(73,201,-13)
(92,178,-6)
(121,151,11)
(116,124,16)
(130,112,20)
(140,76,24)
(141,73,19)
(145,67,17)
(141,89,11)
(139,101,-5)
(138,128,-22)
(130,152,-52)
(122,166,-92)
(104,202,-130)
(74,208,-168)
(57,215,-191)
(39,217,-219)
(26,214,-232)
(5,211,-263)
(-6,208,-264)
(-2,210,-262)
(23,215,-223)
(45,229,-165)
(66,222,-136)
(86,214,-112)
(93,201,-93)
(108,188,-72)
(118,176,-58)
(121,157,-37)
(143,131,-19)
(145,105,-9)
(153,87,1)
(147,83,-5)
(157,83,-7)
(151,93,-9)
(159,85,-25)
(160,98,-46)
(164,98,-100)
(144,132,-172)
(129,151,-213)
(81,169,-235)
(49,207,-231)
(31,235,-207)
(17,237,-179)
(41,229,-153)
(62,218,-124)
(100,204,-118)
(102,200,-124)
(111,181,-139)
(126,152,-158)
(105,173,-195)
(76,182,-240)
(43,181,-269)
(9,201,-283)
(-15,203,-271)
(10,220,-236)
(50,216,-194)
(83,209,-167)
(96,196,-150)
(117,177,-131)
(131,155,-95)
(148,126,-64)
(159,91,-47)
(160,78,-26)
(160,50,-6)
(158,34,-4)
(158,28,-8)
(167,49,-43)
(175,57,-55)
(164,88,-90)
(159,107,-95)
(160,126,-108)
(156,124,-120)
(132,162,-144)
(124,178,-150)
(85,199,-157)
(65,233,-149)
(56,244,-148)
(40,238,-152)
(36,248,-142)
(11,261,-129)
(-8,264,-124)
(-5,267,-111)
(-30,268,-98)
(-27,275,-95)
(-34,264,-88)
(-29,273,-99)
(-5,259,-115)
(12,254,-136)
(50,230,-162)
(96,204,-158)
(131,167,-169)
(136,140,-158)
(159,119,-143)
(166,84,-132)
(179,73,-111)
(169,61,-89)
(173,43,-89)
(178,38,-76)
(180,10,-56)
(179,-11,-37)
(170,-28,-34)
(162,-22,-22)
(156,-42,-8)
(165,-43,-5)
(153,-43,-5)
(164,-26,-16)
(168,-6,-52)
(175,23,-81)
(183,41,-103)
(166,52,-142)
(180,50,-142)
(179,57,-155)
(165,57,-159)
(172,70,-174)
(163,79,-185)
(144,108,-204)
(131,113,-209)
(116,140,-218)
(80,176,-238)
(22,202,-258)
(-31,213,-261)
(-90,234,-260)
(-160,222,-246)
(-195,201,-227)
(-248,164,-212)
(-269,143,-201)
(-288,118,-196)
(-310,64,-182)
(-308,38,-164)
(-318,-4,-142)
(-307,-29,-133)
(-304,-64,-122)
(-282,-104,-104)
(-264,-120,-96)
(-248,-154,-84)
(-227,-171,-79)
(-199,-181,-69)
(-172,-198,-66)
(-142,-216,-60)
(-112,-222,-46)
(-83,-223,-41)
(-54,-220,-34)
(-44,-222,-22)
(-14,-208,-24)
(6,-206,-34)
(19,-207,-49)
(19,-217,-99)
(3,-213,-139)
(-36,-214,-186)
(-104,-216,-204)
(-138,-196,-196)
(-180,-182,-188)
(-230,-158,-170)
(-253,-137,-161)
(-277,-113,-145)
(-297,-85,-139)
(-306,-54,-116)
(-326,6,-82)
(-305,59,-53)
(-294,108,-10)
(-261,179,-3)
(-208,216,4)
(-161,231,9)
(-93,255,-11)
(-35,257,-37)
(19,237,-45)
(55,229,-77)
(60,228,-96)
(60,220,-112)
(73,219,-141)
(60,214,-174)
(31,215,-211)
(-1,213,-249)
(-51,203,-279)
(-81,189,-301)
(-134,148,-328)
(-179,99,-333)
(-207,69,-327)
(-218,30,-330)
(-232,12,-310)
(-250,-26,-282)
(-268,-64,-260)
(-246,-100,-244)
(-239,-135,-219)
(-233,-151,-209)
(-214,-174,-196)
(-188,-186,-168)
(-186,-202,-166)
(-163,-213,-159)
(-137,-219,-153)
(-126,-222,-162)
(-110,-222,-160)
(-92,-222,-188)
(-112,-208,-214)
(-160,-186,-224)
(-228,-142,-224)
(-299,-59,-203)
(-326,26,-158)
(-311,93,-113)
(-303,125,-95)
(-268,184,-70)
(-194,230,-56)
(-164,246,-50)
(-112,258,-46)
(-63,257,-59)
(-16,254,-86)
(15,249,-131)
(-42,224,-246)
(-104,172,-312)
(-154,126,-334)
(-183,97,-327)
(-214,38,-324)
(-247,-29,-285)
(-256,-54,-276)
(-252,-92,-252)
(-240,-140,-206)
(-220,-174,-164)
(-202,-182,-152)
(-178,-200,-144)
(-165,-207,-157)
(-158,-210,-154)
(-141,-209,-163)
(-152,-212,-162)
(-172,-204,-178)
(-232,-146,-182)
(-284,-98,-146)
(-323,-13,-121)
(-312,70,-122)
(-290,144,-140)
(-241,207,-141)
(-151,249,-141)
(-76,258,-138)
(-6,252,-132)
(53,227,-135)
(81,203,-141)
(110,176,-164)
(110,146,-202)
(102,120,-246)
(76,110,-290)
(7,129,-331)
(-43,123,-349)
(-115,79,-353)
(-159,23,-355)
(-178,-10,-344)
(-218,-32,-328)
(-241,-35,-293)
(-274,-2,-272)
(-293,29,-241)
(-296,66,-230)
(-282,108,-204)
(-265,151,-175)
(-242,208,-144)
(-221,223,-121)
(-190,242,-100)
(-153,265,-85)
(-137,263,-81)
(-121,271,-65)
(-106,262,-56)
(-102,266,-48)
(-97,265,-35)
(-106,272,-34)
(-98,266,-42)
(-103,273,-43)
(-113,265,-43)
(-110,270,-42)
(-118,264,-38)
(-141,253,-21)
(-172,240,-6)
(-222,216,2)
(-249,177,-19)
(-275,143,-35)
(-307,99,-61)
(-310,84,-72)
(-314,54,-84)
(-314,16,-104)
(-312,-22,-146)
(-317,-51,-161)
(-306,-54,-180)
(-294,-72,-198)
(-259,-93,-227)
(-225,-115,-269)
(-193,-123,-293)
(-168,-120,-294)
(-144,-126,-314)
(-148,-126,-314)
(-136,-122,-322)
(-131,-121,-331)
(-127,-125,-331)
(-145,-127,-325)
(-152,-116,-320)
(-169,-115,-319)
(-170,-108,-308)
(-193,-107,-307)
(-237,-69,-291)
(-273,-15,-261)
(-297,47,-223)
(-298,124,-164)
(-275,169,-121)
(-247,201,-83)
(-202,232,-38)
(-148,248,-16)
(-115,257,-21)
(-90,270,-34)
(-83,273,-53)
(-83,271,-63)
(-84,264,-76)
(-103,265,-79)
(-133,263,-73)
(-155,259,-63)
(-192,240,-94)
(-239,209,-153)
(-266,166,-194)
(-272,80,-238)
(-265,7,-279)
(-258,-48,-278)
(-228,-86,-282)
(-209,-123,-265)
(-204,-154,-242)
(-191,-179,-229)
(-184,-188,-208)
(-170,-196,-194)
(-165,-201,-195)
(-160,-206,-196)
(-160,-198,-202)
(-161,-205,-189)
(-157,-215,-187)
(-150,-208,-178)
(-156,-210,-172)
(-154,-194,-196)
(-164,-196,-228)
(-171,-189,-229)
(-168,-166,-252)
(-174,-174,-252)
(-168,-152,-282)
(-186,-118,-304)
(-188,-60,-340)
(-178,2,-356)
(-173,77,-349)
(-153,139,-327)
(-124,182,-294)
(-104,212,-270)
(-73,245,-235)
(-50,254,-198)
(-38,258,-188)
(-41,259,-189)
(-42,252,-192)
(-44,252,-196)
(-47,255,-191)
(-48,260,-186)
(-36,256,-176)
(-40,258,-178)
(-31,259,-179)
(-43,255,-183)
(-42,260,-184)
(-47,259,-181)
(-38,254,-188)
(-42,248,-194)
(-41,259,-203)
(-42,250,-182)
(-33,247,-189)
(-36,256,-194)
(-27,251,-197)
(-25,245,-195)
(-22,242,-200)
(-25,251,-195)
(-37,257,-191)
(-42,258,-200)
(-17,253,-201)
(-21,249,-199)
(-32,242,-214)
(-27,247,-199)
(-29,253,-195)
(-27,247,-207)
(-27,245,-199)
(-32,250,-196)
(-25,251,-205)
(-30,242,-202)
(-37,241,-203)
(-32,250,-200)
(-36,254,-188)
(-38,256,-198)
(-39,255,-193)
(-31,255,-191)
(-39,259,-187)
(-31,259,-197)
(-40,250,-202)
(-33,255,-203)
(-24,246,-202)
(-29,253,-211)
(-35,245,-209)
(-26,244,-212)
(-36,244,-208)
(-33,231,-211)
(-37,247,-217)
(-37,249,-193)
(-33,245,-209)
(-31,247,-209)
(-32,246,-214)
(-31,253,-207)
(-29,251,-207)
(-29,249,-201)
(-32,250,-200)
(-31,245,-219)
(-31,249,-209)
(-35,245,-193)
(-35,255,-197)
(-44,258,-196)
(-31,255,-203)
(-33,257,-197)
(-40,252,-202)
(-41,257,-199)
(-28,250,-208)
(-40,248,-208)
(-31,249,-201)
(-29,245,-193)
(-38,248,-210)
(-34,248,-200)
(-31,243,-201)
(-26,244,-210)
(-39,247,-203)
(-41,251,-213)
(-32,248,-216)
(-31,249,-211)
(-35,251,-219)
(-26,240,-212)
(-20,240,-210)
(-25,243,-217)
(-18,252,-220)
(-19,223,-223)
(-15,241,-227)
(-20,240,-224)
(-17,239,-223)
(-21,233,-225)
(-13,243,-217)
(-18,232,-218)
(-23,235,-223)
(-18,248,-216)
(-15,243,-215)
(-20,236,-218)
(-12,248,-214)
(-16,242,-214)
(-16,244,-222)
(-14,246,-220)
(-15,241,-213)
(-15,235,-219)
(-22,242,-228)
(-14,234,-216)
(-18,244,-218)
(-12,234,-214)
(-21,241,-219)
(-19,233,-221)
(-17,239,-223)
(-16,238,-220)
(-11,241,-217)
(-16,232,-220)
(-15,241,-221)
(-14,238,-224)
(-16,234,-218)
(-6,248,-216)
(-14,246,-216)
(-17,243,-205)
(-16,246,-214)
(-21,245,-213)
(-32,244,-216)
(-50,256,-190)
(-68,262,-182)
(-82,256,-176)
(-104,260,-168)
(-125,263,-143)
(-154,260,-140)
(-178,254,-120)
(-187,243,-109)
(-202,240,-102)
(-209,231,-89)
(-240,214,-84)
(-253,195,-103)
(-261,193,-109)
(-263,195,-99)
(-268,186,-112)
(-259,201,-105)
(-258,190,-110)
(-259,195,-103)
(-256,190,-106)
(-269,181,-123)
(-279,173,-135)
(-296,126,-154)
(-304,114,-178)
(-291,113,-193)
(-293,113,-203)
(-277,131,-219)
(-274,128,-234)
(-247,129,-267)
(-234,134,-278)
(-214,126,-296)
(-211,141,-293)
(-196,158,-292)
(-205,161,-269)
(-213,191,-255)
(-213,177,-243)
(-226,188,-204)
(-237,209,-183)
(-220,220,-154)
(-210,234,-126)
(-197,249,-93)
(-185,247,-79)
(-183,245,-65)
(-164,244,-46)
(-167,239,-13)
(-160,234,16)
(-149,227,39)
(-129,231,53)
(-121,221,43)
(-118,230,36)
(-97,245,15)
(-102,248,10)
(-102,250,4)
(-101,249,11)
(-81,255,-9)
(-53,261,-23)
(-24,260,-56)
(14,256,-84)
(30,246,-88)
(54,230,-120)
(93,217,-139)
(104,202,-138)
(120,194,-152)
(130,176,-150)
(152,140,-168)
(153,111,-171)
(164,86,-176)
(170,62,-176)
(168,68,-184)
(156,68,-190)
(169,63,-185)
(167,83,-191)
(150,98,-200)
(129,107,-239)
(106,126,-276)
(88,134,-280)
(63,157,-281)
(40,158,-294)
(23,147,-313)
(-16,130,-348)
(-19,85,-367)
(-40,68,-370)
(-38,34,-376)
(-46,4,-384)
(-60,-14,-382)
(-74,-30,-384)
(-97,-41,-371)
(-114,-82,-364)
(-127,-99,-351)
(-149,-119,-329)
(-156,-138,-306)
(-162,-148,-298)
(-165,-157,-287)
(-166,-162,-274)
(-169,-173,-251)
(-158,-180,-242)
(-152,-184,-258)
(-149,-185,-255)
(-142,-194,-242)
(-137,-203,-225)
(-134,-210,-214)
(-123,-213,-209)
(-125,-213,-215)
(-124,-206,-208)
(-121,-211,-205)
(-121,-209,-203)
(-108,-212,-206)
(-99,-217,-203)
(-89,-219,-199)
(-78,-214,-200)
(-67,-223,-215)
(-63,-209,-227)
(-59,-209,-235)
(-64,-200,-250)
(-76,-198,-252)
(-92,-174,-278)
(-113,-163,-299)
(-155,-131,-315)
(-197,-95,-315)
(-213,-69,-315)
(-226,-42,-318)
(-224,-26,-332)
(-231,3,-329)
(-228,30,-330)
(-246,72,-310)
(-245,115,-295)
(-236,152,-268)
(-210,220,-214)
(-173,241,-161)
(-129,267,-109)
(-79,267,-59)
(-32,254,-10)
(-3,223,9)
(38,182,56)
(46,144,70)
(60,132,80)
(76,114,80)
(80,82,90)
(85,65,97)
(86,60,98)
(86,40,110)
(90,36,104)
(89,27,97)
(92,24,102)
(93,51,81)
(123,73,55)
(127,105,35)
(122,144,-28)
(128,162,-90)
(118,158,-132)
(125,163,-165)
(99,163,-215)
(76,174,-248)
(58,158,-260)
(54,168,-268)
(51,163,-271)
(65,171,-259)
(90,166,-212)
(117,165,-151)
(126,148,-108)
(142,130,-74)
(147,113,-31)
(138,98,0)
(141,85,17)
(133,79,35)
(132,58,46)
(123,47,73)
(106,40,78)
(113,29,81)
(113,27,81)
(118,30,64)
(136,44,40)
(148,50,24)
(150,56,-8)
(158,74,-36)
(167,87,-69)
(157,113,-117)
(136,132,-178)
(117,147,-215)
(82,156,-254)
(39,177,-275)
(5,179,-289)
(-18,186,-300)
(-57,193,-303)
(-79,187,-307)
(-102,176,-312)
(-109,169,-311)
(-105,173,-315)
(-82,188,-300)
(-70,210,-288)
(-32,212,-266)
(-5,219,-253)
(11,211,-241)
(32,212,-232)
(57,207,-197)
(77,211,-173)
(113,191,-125)
(123,177,-81)
(121,163,-55)
(131,133,-23)
(136,126,-12)
(133,115,3)
(140,116,14)
(135,107,27)
(131,103,23)
(136,90,34)
(131,85,29)
(134,92,22)
(129,103,23)
(139,87,25)
(120,88,40)
(132,88,40)
(122,92,36)
(134,84,44)
(127,87,37)
(129,91,29)
(120,92,30)
(122,90,40)
(132,90,30)
(140,84,20)
(138,80,22)
(136,78,12)
(144,74,16)
(142,74,16)
(136,92,2)
(138,72,12)
(153,45,19)
(145,59,1)
(153,55,1)
(166,44,10)
(156,42,2)
(157,51,9)
(153,65,5)
(147,91,3)
(135,109,-7)
(128,126,6)
(124,156,-16)
(106,170,-28)
(92,196,-44)
(87,203,-49)
(67,225,-63)
(63,223,-67)
(49,235,-81)
(37,243,-103)
(25,243,-105)
(-1,255,-127)
(-5,257,-119)
(-7,261,-109)
(8,260,-94)
(27,243,-93)
(51,235,-63)
(62,216,-44)
(83,195,-33)
(99,181,-27)
(103,171,-19)
(113,159,-23)
(117,153,-11)
(125,137,-5)
(125,129,3)
(142,112,2)
(134,96,18)
(147,97,17)
(145,79,27)
(134,70,26)
(143,65,23)
(139,67,25)
(151,73,13)
(149,77,7)
(156,102,-20)
(157,115,-39)
(149,125,-47)
(147,137,-63)
(138,146,-78)
(132,160,-94)
(133,161,-111)
(137,161,-127)
(124,172,-140)
(119,171,-165)
(113,181,-175)
(109,171,-175)
(103,171,-177)
(106,170,-190)
(126,172,-162)
(130,156,-124)
(139,145,-97)
(150,132,-62)
(156,120,-56)
(163,101,-35)
(152,100,-32)
(151,87,-17)
(159,75,-11)
(158,52,0)
(146,48,22)
(147,39,17)
(139,41,37)
(143,33,43)
(136,30,54)
(140,26,48)
(146,36,14)
(158,56,-8)
(150,78,-40)
(164,92,-50)
(159,93,-45)
(162,98,-60)
(155,107,-71)
(152,142,-92)
(147,139,-105)
(141,147,-121)
(140,154,-136)
(148,144,-116)
(157,113,-83)
(159,101,-53)
(158,84,-26)
(162,70,-12)
(165,41,3)
(156,28,10)
(149,-5,23)
(155,-17,11)
(169,-9,-5)
(179,15,-39)
(175,37,-63)
(179,55,-91)
(170,64,-102)
(169,83,-115)
(169,97,-115)
(159,109,-115)
(164,118,-122)
(149,131,-121)
(147,141,-129)
(144,156,-124)
(144,152,-122)
(149,135,-125)
(167,107,-117)
(172,74,-98)
(175,59,-95)
(178,46,-88)
(174,28,-76)
(180,2,-50)
(172,4,-42)
(170,-18,-20)
(168,-16,-4)
(153,-27,9)
(152,-28,14)
(145,-29,25)
(139,-43,27)
(134,-42,36)
(123,-49,41)
(130,-58,36)
(128,-48,56)
(124,-50,68)
(119,-47,61)
(118,-52,70)
(108,-48,80)
(109,-37,71)
(129,-35,63)
(146,-8,40)
(162,24,6)
(159,69,-31)
(160,94,-52)
(155,113,-57)
(129,155,-77)
(119,173,-77)
(93,203,-83)
(71,223,-79)
(54,238,-74)
(35,249,-87)
(3,259,-71)
(-35,269,-65)
(-63,271,-47)
(-82,262,-34)
(-112,262,-12)
(-136,252,-2)
(-165,233,11)
(-190,224,6)
(-219,201,5)
(-243,183,-1)
(-266,150,-2)
(-284,120,6)
(-292,76,0)
(-309,27,-13)
(-306,-14,-32)
(-315,-59,-63)
(-299,-89,-87)
(-285,-121,-119)
(-275,-139,-115)
(-256,-146,-126)
(-258,-150,-126)
(-245,-171,-143)
(-225,-185,-163)
(-202,-188,-174)
(-199,-195,-173)
(-192,-204,-182)
(-178,-206,-180)
(-167,-219,-159)
(-136,-226,-156)
(-82,-228,-152)
(-68,-236,-148)
(-58,-234,-134)
(-42,-230,-132)
(-37,-241,-121)
(-45,-231,-125)
(-57,-237,-121)
(-90,-234,-114)
(-152,-224,-128)
(-200,-186,-176)
(-243,-129,-243)
(-239,-77,-283)
(-236,-24,-320)
(-207,23,-339)
(-166,56,-356)
(-144,60,-360)
(-119,71,-371)
(-96,64,-364)
(-93,53,-369)
(-83,49,-373)
(-77,35,-379)
(-75,41,-375)
(-61,41,-383)
(-56,24,-378)
(-56,8,-380)
(-43,1,-377)
(-27,-13,-379)
(-20,-14,-374)
(-12,-18,-372)
(-13,-45,-369)
(-9,-69,-365)
(-9,-77,-365)
(-12,-72,-358)
(-24,-96,-348)
(-12,-104,-348)
(-7,-109,-335)
(-10,-120,-340)
(1,-113,-329)
(2,-116,-332)
(-6,-114,-332)
(-12,-98,-338)
(-13,-85,-347)
(-26,-68,-358)
(-38,-42,-366)
(-46,-32,-374)
(-51,-23,-377)
(-58,-24,-374)
(-66,-18,-380)
(-68,-18,-370)
(-80,-8,-376)
(-94,-8,-368)
(-98,-6,-362)
(-99,-11,-371)
(-98,4,-376)
(-103,-3,-371)
(-105,-25,-373)
(-115,-17,-361)
(-134,-18,-358)
(-137,-5,-355)
(-141,-9,-361)
(-145,1,-357)
(-147,-5,-355)
(-152,-4,-356)
(-166,-26,-350)
(-166,-56,-340)
(-157,-71,-339)
(-158,-52,-342)
(-142,-34,-342)
(-151,-67,-349)
(-141,-79,-343)
(-133,-125,-317)
(-112,-156,-314)
(-98,-166,-288)
(-68,-190,-264)
(-44,-200,-242)
(-35,-199,-235)
(-11,-203,-219)
(6,-192,-196)
(14,-202,-204)
(38,-196,-170)
(45,-189,-141)
(63,-185,-127)
(80,-176,-108)
(105,-155,-105)
(120,-144,-98)
(124,-136,-104)
(138,-124,-104)
(135,-117,-99)
(139,-105,-87)
(138,-106,-92)
(131,-121,-79)
(118,-148,-82)
(114,-158,-104)
(81,-177,-131)
(59,-193,-169)
(25,-189,-209)
(15,-193,-221)
(-11,-175,-267)
(-34,-152,-288)
(-59,-131,-325)
(-64,-96,-344)
(-85,-65,-353)
(-91,-9,-367)
(-90,42,-374)
(-90,90,-360)
(-72,126,-334)
(-66,148,-328)
(-56,164,-308)
(-36,180,-300)
(-41,173,-299)
(-27,177,-293)
(-6,174,-284)
(21,169,-269)
(49,159,-261)
(53,163,-251)
(62,170,-256)
(60,170,-238)
(70,160,-250)
(61,141,-253)
(48,108,-294)
(36,72,-332)
(11,21,-339)
(-10,12,-358)
(-24,10,-366)
(-31,-31,-359)
(-39,-63,-355)
(-42,-100,-344)
(-37,-135,-317)
(-36,-164,-298)
(-18,-160,-274)
(-21,-173,-265)
(9,-185,-237)
(-2,-194,-214)
(21,-195,-193)
(42,-202,-168)
(47,-195,-133)
(50,-190,-106)
(87,-177,-95)
(83,-163,-71)
(103,-157,-65)
(104,-144,-62)
(111,-141,-67)
(116,-134,-74)
(129,-137,-87)
(128,-144,-88)
(111,-143,-101)
(103,-149,-129)
(93,-155,-165)
(90,-150,-196)
(75,-153,-205)
(77,-145,-235)
(52,-160,-250)
(19,-147,-285)
(-17,-135,-305)
(-47,-109,-341)
(-73,-67,-347)
(-82,-20,-372)
(-92,14,-370)
(-97,55,-371)
(-94,102,-346)
(-86,116,-346)
(-88,176,-306)
(-76,192,-286)
(-79,203,-283)
(-85,211,-271)
(-62,212,-270)
(-47,173,-303)
(-50,136,-326)
(-78,82,-356)
(-112,42,-358)
(-131,13,-359)
(-141,-43,-353)
(-127,-107,-325)
(-110,-140,-302)
(-84,-170,-282)
(-65,-189,-259)
(-41,-205,-219)
(-20,-208,-192)
(7,-215,-149)
(30,-212,-118)
(48,-192,-100)
(63,-181,-95)
(88,-168,-88)
(95,-151,-93)
(116,-134,-94)
(124,-118,-80)
(125,-117,-67)
(126,-118,-54)
(125,-117,-51)
(128,-124,-64)
(109,-141,-71)
(91,-169,-101)
(68,-178,-128)
(44,-196,-166)
(22,-196,-210)
(-15,-175,-261)
(-49,-137,-309)
(-74,-84,-354)
(-81,-63,-361)
(-99,3,-367)
(-98,54,-358)
(-94,94,-358)
(-88,128,-350)
(-69,157,-319)
(-72,194,-286)
(-85,215,-265)
(-116,226,-232)
(-144,222,-218)
(-159,237,-211)
(-183,231,-193)
(-201,223,-185)
(-199,217,-193)
(-202,222,-198)
(-205,209,-211)
(-199,205,-219)
(-207,197,-219)
(-207,191,-223)
(-218,192,-214)
(-224,182,-204)
(-240,192,-194)
(-236,192,-190)
(-241,183,-185)
(-249,187,-187)
(-247,185,-189)
(-250,180,-190)
(-245,189,-187)
(-250,174,-176)
(-244,174,-166)
(-262,176,-158)
(-259,169,-127)
(-258,178,-144)
(-263,175,-165)
(-248,178,-176)
(-250,170,-198)
(-260,170,-196)
(-260,172,-206)
(-263,169,-197)
(-251,167,-209)
(-258,172,-192)
(-256,168,-192)
(-259,175,-177)
(-260,180,-162)
(-263,183,-153)
(-277,173,-141)
(-278,170,-130)
(-290,162,-116)
(-289,153,-111)
(-287,159,-101)
(-284,170,-86)
(-270,178,-72)
(-259,193,-53)
(-236,194,-28)
(-214,204,2)
(-212,194,22)
(-217,177,43)
(-223,159,61)
(-234,112,68)
(-258,82,58)
(-275,53,39)
(-277,21,27)
(-290,-18,0)
(-291,-35,-29)
(-293,-63,-55)
(-288,-78,-80)
(-282,-110,-130)
(-274,-106,-154)
(-263,-119,-189)
(-260,-112,-212)
(-249,-107,-241)
(-238,-100,-264)
(-223,-107,-281)
(-213,-95,-299)
(-204,-88,-310)
(-188,-94,-310)
(-191,-99,-307)
(-196,-134,-290)
(-202,-148,-258)
(-214,-168,-218)
(-227,-167,-181)
(-233,-173,-151)
(-226,-184,-112)
(-216,-178,-66)
(-210,-178,-48)
(-207,-173,-37)
(-204,-166,-18)
(-203,-159,3)
(-204,-156,16)
(-201,-137,31)
(-206,-126,52)
(-196,-126,64)
(-189,-113,79)
(-191,-93,85)
(-176,-100,90)
(-174,-106,90)
(-164,-126,72)
(-175,-159,29)
(-189,-171,-3)
(-212,-178,-42)
(-215,-177,-63)
(-246,-160,-124)
(-252,-138,-154)
(-284,-106,-176)
(-289,-63,-203)
(-290,-22,-230)
(-298,42,-232)
(-292,86,-236)
(-276,116,-220)
(-255,163,-209)
(-237,189,-169)
(-201,221,-145)
(-166,236,-120)
(-143,251,-81)
(-107,247,-57)
(-68,242,-20)
(-49,223,19)
(-24,204,36)
(-1,183,59)
(10,172,72)
(27,159,73)
(16,146,88)
(25,139,93)
(32,108,108)
(43,95,117)
(35,77,119)
(37,73,119)
(42,66,120)
(45,63,123)
(52,66,124)
(52,52,122)
(59,69,111)
(63,85,103)
(76,118,74)
(68,178,34)
(55,195,7)
(50,204,-16)
(48,218,-30)
(53,217,-69)
(51,221,-107)
(51,215,-115)
(56,216,-112)
(57,217,-119)
(66,212,-108)
(65,209,-87)
(73,209,-75)
(70,196,-44)
(70,196,-6)
(86,160,24)
(87,155,47)
(84,136,50)
(88,128,64)
(87,103,71)
(107,119,39)
(125,145,-33)
(120,162,-82)
(98,192,-84)
(83,195,-65)
(60,208,-32)
(43,213,3)
(28,206,16)
(44,206,22)
(56,188,8)
(81,201,-33)
(80,204,-90)
(74,212,-120)
(69,221,-121)
(60,226,-104)
(39,237,-65)
(31,221,-39)
(31,221,-21)
(61,209,-21)
(69,199,-29)
(88,194,-68)
(88,198,-130)
(71,211,-167)
(45,219,-171)
(26,230,-156)
(20,244,-114)
(37,229,-81)
(60,218,-72)
(75,191,-59)
(98,190,-78)
(111,183,-99)
(114,184,-112)
(93,199,-149)
(60,214,-188)
(36,226,-178)
(35,247,-123)
(31,237,-85)
(45,223,-51)
(67,205,-35)
(85,187,-19)
(100,166,-22)
(118,146,-8)
(115,125,7)
(132,116,2)
(147,99,1)
(158,90,-54)
(158,102,-68)
(156,114,-106)
(134,140,-140)
(122,172,-152)
(109,173,-101)
(122,172,-66)
(129,159,-45)
(127,139,-45)
(152,118,-58)
(147,113,-101)
(152,112,-122)
(132,150,-150)
(125,165,-155)
(116,180,-136)
(105,181,-99)
(120,166,-76)
(126,162,-74)
(134,154,-98)
(134,154,-134)
(127,163,-159)
(110,180,-148)
(107,189,-119)
(101,195,-85)
(117,173,-67)
(120,160,-90)
(139,153,-127)
(117,149,-157)
(104,170,-172)
(87,197,-145)
(92,198,-104)
(112,186,-74)
(116,170,-78)
(131,157,-101)
(135,155,-131)
(122,158,-184)
(106,168,-196)
(88,196,-190)
(71,223,-177)
(50,228,-162)
(30,246,-136)
(10,262,-128)
(11,253,-117)
(8,262,-116)
(-4,262,-112)
(5,261,-115)
(27,249,-115)
(55,233,-133)
(75,221,-133)
(101,205,-127)
(128,176,-138)
(127,157,-139)
(141,139,-129)
(155,123,-113)
(160,110,-104)
(162,104,-92)
(158,92,-72)
(160,92,-56)
(161,85,-45)
(152,74,-48)
(157,97,-67)
(149,135,-91)
(141,147,-101)
(116,168,-108)
(109,195,-99)
(81,213,-111)
(53,239,-87)
(27,247,-71)
(-5,255,-59)
(-11,251,-35)
(-45,253,-15)
(-71,245,15)
(-88,232,46)
(-118,216,68)
(-139,195,81)
(-175,173,99)
(-221,131,73)
(-252,94,68)
(-278,52,42)
(-295,7,13)
(-303,-31,-21)
(-304,-66,-70)
(-298,-98,-108)
(-275,-115,-141)
(-253,-149,-177)
(-229,-165,-199)
(-188,-184,-224)
(-145,-181,-255)
(-114,-182,-266)
(-55,-185,-277)
(-38,-176,-284)
(-18,-172,-282)
(-14,-168,-284)
(-26,-168,-284)
(-39,-179,-287)
(-69,-181,-281)
(-100,-186,-280)
(-125,-189,-275)
(-142,-180,-266)
(-218,-158,-234)
(-263,-119,-209)
(-295,-91,-175)
(-315,-51,-145)
(-321,-19,-113)
(-321,21,-87)
(-316,76,-46)
(-288,130,-24)
(-248,180,0)
(-176,214,20)
(-133,239,19)
(-95,255,13)
(-83,245,19)
(-74,238,10)
(-57,231,19)
(-27,223,15)
(-11,209,37)
(11,193,47)
(29,183,63)
(41,155,79)
(60,132,86)
(71,117,83)
(79,91,89)
(70,72,90)
(89,57,99)
(76,48,108)
(81,57,97)
(91,79,85)
(104,110,56)
(109,151,-1)
(108,172,-50)
(106,180,-84)
(100,204,-116)
(88,204,-140)
(61,229,-163)
(41,225,-183)
(34,222,-196)
(47,229,-175)
(83,205,-139)
(94,194,-104)
(109,175,-69)
(108,160,-30)
(110,146,-8)
(113,135,9)
(113,129,13)
(112,116,32)
(110,108,42)
(109,89,63)
(105,81,59)
(112,70,74)
(112,58,72)
(107,49,81)
(106,48,84)
(115,29,89)
(102,40,86)
(115,47,67)
(133,69,19)
(149,103,-27)
(138,136,-82)
(117,173,-113)
(101,189,-135)
(63,227,-157)
(32,244,-168)
(-32,258,-156)
(-95,265,-117)
(-154,252,-62)
(-208,224,-18)
(-249,169,3)
(-280,124,10)
(-296,50,16)
(-303,-7,-7)
(-291,-67,-33)
(-280,-104,-36)
(-262,-132,-46)
(-249,-133,-33)
(-233,-149,-39)
(-217,-169,-25)
(-197,-165,3)
(-186,-166,18)
(-168,-150,42)
(-150,-146,70)
(-140,-134,86)
(-130,-142,80)
(-133,-153,73)
(-138,-180,38)
(-150,-200,-16)
(-184,-206,-80)
(-232,-170,-134)
(-279,-115,-177)
(-305,-43,-211)
(-300,30,-220)
(-296,90,-214)
(-266,166,-168)
(-209,225,-125)
(-164,238,-94)
(-112,258,-60)
(-57,245,-33)
(-17,237,-7)
(24,204,22)
(60,164,52)
(69,129,67)
(63,97,89)
(64,72,102)
(67,55,117)
(67,29,111)
(65,9,121)
(56,8,126)
(57,19,127)
(64,22,122)
(76,30,108)
(83,65,91)
(84,86,82)
(89,103,65)
(65,171,33)
(35,195,17)
(-1,223,7)
(-51,241,3)
(-103,251,-3)
(-157,231,-17)
(-208,220,-40)
(-260,182,-74)
(-299,135,-95)
(-314,74,-118)
(-324,-2,-118)
(-308,-40,-118)
(-292,-92,-106)
(-275,-121,-101)
(-244,-146,-78)
(-219,-181,-57)
(-191,-185,-45)
(-155,-193,-13)
(-123,-193,19)
(-103,-183,45)
(-104,-178,56)
(-104,-156,74)
(-83,-155,73)
(-80,-166,76)
(-79,-179,45)
(-89,-201,23)
(-124,-206,-26)
(-166,-214,-66)
(-228,-180,-90)
(-273,-131,-115)
(-300,-72,-160)
(-311,3,-185)
(-294,64,-218)
(-272,130,-232)
(-232,180,-204)
(-202,204,-184)
(-147,243,-145)
(-76,256,-70)
(-25,243,-25)
(13,217,9)
(39,183,39)
(53,153,51)
(68,130,70)
(66,118,84)
(61,103,93)
(82,82,98)
(79,67,107)
(83,55,99)
(99,39,85)
(135,17,47)
(171,33,-37)
(165,31,-103)
(176,24,-154)
(157,35,-183)
(148,50,-224)
(123,63,-259)
(101,73,-281)
(80,66,-304)
(73,51,-325)
(40,6,-342)
(43,-25,-353)
(48,-44,-336)
(57,-75,-313)
(63,-105,-305)
(56,-106,-300)
(31,-129,-293)
(14,-166,-282)
(-9,-187,-263)
(-29,-207,-237)
(-61,-211,-225)
(-89,-211,-201)
(-121,-219,-193)
(-148,-216,-164)
(-165,-213,-147)
(-170,-202,-132)
(-168,-212,-154)
(-156,-212,-178)
(-140,-202,-214)
(-117,-179,-261)
(-130,-148,-302)
(-131,-125,-329)
(-146,-86,-336)
(-181,-59,-329)
(-222,-46,-322)
(-252,-42,-286)
(-288,-42,-250)
(-287,-63,-201)
(-308,-60,-170)
(-298,-76,-122)
(-296,-72,-80)
(-287,-83,-43)
(-270,-78,-2)
(-264,-76,28)
(-235,-59,67)
(-220,-60,86)
(-204,-46,98)
(-190,-46,108)
(-185,-35,129)
(-179,-25,131)
(-182,-10,130)
(-186,-10,136)
(-200,12,114)
(-219,21,105)
(-243,25,83)
(-262,26,68)
(-276,34,42)
(-294,20,10)
(-301,9,-1)
(-309,13,-21)
(-315,3,-17)
(-310,2,-20)
(-316,0,-40)
(-320,-6,-44)
(-315,-7,-39)
(-313,-21,-43)
(-308,-40,-34)
(-277,-93,-17)
(-249,-109,1)
(-229,-135,-1)
(-200,-140,12)
(-184,-152,24)
(-175,-163,23)
(-158,-184,20)
(-155,-189,5)
(-141,-197,3)
(-124,-214,-10)
(-134,-198,-16)
(-134,-184,-6)
(-146,-186,10)
(-149,-163,43)
(-166,-156,24)
(-174,-148,40)
(-179,-141,47)
(-188,-120,54)
(-226,-104,48)
(-235,-83,47)
(-237,-79,49)
(-232,-86,46)
(-220,-114,38)
(-203,-135,31)
(-196,-142,26)
(-198,-142,26)
(-180,-156,10)
(-179,-171,1)
(-176,-174,-8)
(-172,-184,-14)
(-163,-193,-19)
(-156,-200,-18)
(-159,-197,-25)
(-140,-200,-24)
(-146,-194,-24)
(-154,-192,-12)
(-173,-183,19)
(-171,-155,33)
(-169,-147,41)
(-188,-116,60)
(-216,-26,84)
(-246,50,74)
(-259,75,43)
(-277,111,3)
(-288,72,-8)
(-295,59,-15)
(-310,28,-54)
(-315,13,-83)
(-316,-14,-104)
(-308,-42,-108)
(-291,-79,-103)
(-277,-105,-103)
(-252,-138,-88)
(-224,-156,-68)
(-204,-160,-38)
(-185,-161,3)
(-175,-127,47)
(-182,-108,62)
(-163,-107,75)
(-135,-123,77)
(-128,-156,54)
(-143,-161,35)
(-168,-180,-14)
(-221,-159,-81)
(-264,-114,-156)
(-289,-35,-217)
(-278,64,-236)
(-232,156,-248)
(-202,206,-238)
(-130,234,-226)
(-54,258,-156)
(19,245,-119)
(77,217,-107)
(124,172,-94)
(147,117,-93)
(162,76,-86)
(174,40,-100)
(171,-9,-89)
(164,-52,-94)
(153,-89,-111)
(139,-111,-123)
(130,-116,-158)
(119,-101,-213)
(109,-83,-267)
(87,-63,-297)
(68,-24,-322)
(62,8,-348)
(28,46,-352)
(27,87,-341)
(19,129,-331)
(19,165,-305)
(27,201,-281)
(7,219,-239)
(2,246,-208)
(-17,267,-161)
(-43,273,-131)
(-64,280,-92)
(-79,277,-67)
(-101,269,-39)
(-128,258,-30)
(-131,253,-15)
(-157,245,-1)
(-193,223,-9)
(-225,203,-7)
(-261,169,-27)
(-279,141,-37)
(-298,118,-58)
(-306,84,-84)
(-315,49,-117)
(-319,19,-153)
(-312,-8,-170)
(-303,-27,-191)
(-286,-60,-220)
(-258,-108,-242)
(-234,-132,-220)
(-223,-153,-201)
(-202,-182,-188)
(-172,-206,-146)
(-156,-206,-102)
(-150,-212,-66)
(-153,-201,-45)
(-167,-193,-39)
(-176,-186,-26)
(-189,-177,-15)
(-202,-168,-18)
(-214,-158,-16)
(-216,-150,-10)
(-210,-140,-6)
(-227,-135,-5)
(-231,-137,-7)
(-236,-138,-12)
(-239,-135,-27)
(-243,-131,-39)
(-232,-144,-68)
(-233,-159,-99)
(-214,-168,-154)
(-198,-172,-216)
(-161,-177,-263)
(-125,-151,-293)
(-83,-145,-327)
(-39,-109,-345)
(6,-76,-338)
(37,-39,-337)
(79,-7,-323)
(98,12,-310)
(119,35,-285)
(137,65,-255)
(150,82,-208)
(158,86,-178)
(168,86,-138)
(174,80,-100)
(174,74,-92)
(172,68,-78)
(171,61,-71)
(168,62,-76)
(171,73,-77)
(167,97,-111)
(153,111,-145)
(143,135,-171)
(141,135,-175)
(133,129,-187)
(136,132,-180)
(137,131,-195)
(128,134,-190)
(130,134,-192)
(131,125,-201)
(127,143,-209)
(105,173,-211)
(79,195,-215)
(42,228,-208)
(23,239,-191)
(0,260,-178)
(-24,260,-156)
(-30,270,-140)
(-34,274,-132)
(-57,281,-109)
(-65,277,-89)
(-80,280,-68)
(-97,273,-49)
(-118,268,-30)
(-130,254,-4)
(-146,246,4)
(-147,241,19)
(-156,234,38)
(-154,214,52)
(-173,195,63)
(-188,168,72)
(-223,143,77)
(-229,111,75)
(-250,88,60)
(-274,52,48)
(-295,9,15)
(-288,-64,-28)
(-272,-114,-40)
(-239,-155,-49)
(-202,-186,-52)
(-183,-193,-45)
(-173,-195,-43)
(-165,-199,-57)
(-163,-205,-51)
(-143,-223,-73)
(-131,-221,-95)
(-111,-227,-127)
(-95,-227,-193)
(-101,-207,-231)
(-108,-198,-266)
(-96,-182,-288)
(-102,-162,-298)
(-108,-154,-308)
(-112,-142,-312)
(-115,-131,-319)
(-127,-131,-325)
(-124,-126,-326)
(-131,-135,-321)
(-129,-133,-325)
(-132,-138,-330)
(-123,-147,-319)
(-121,-155,-309)
(-114,-162,-314)
(-121,-161,-301)
(-142,-164,-288)
(-158,-150,-286)
(-158,-142,-298)
(-156,-154,-292)
(-164,-156,-284)
(-181,-165,-259)
(-184,-190,-222)
(-191,-197,-197)
(-213,-191,-143)
(-225,-165,-111)
(-236,-178,-112)
(-231,-169,-115)
(-241,-159,-125)
(-246,-170,-116)
(-244,-164,-122)
(-250,-158,-112)
(-236,-168,-118)
(-233,-175,-107)
(-220,-186,-96)
(-214,-184,-86)
(-219,-193,-87)
(-213,-181,-75)
(-217,-187,-95)
(-226,-186,-96)
(-204,-188,-98)
(-217,-181,-101)
(-226,-178,-90)
(-230,-184,-80)
(-240,-166,-80)
(-245,-159,-83)
(-250,-154,-78)
(-230,-158,-64)
(-232,-156,-50)
(-232,-166,-62)
(-244,-156,-68)
(-241,-157,-79)
(-248,-160,-82)
(-249,-161,-79)
(-251,-155,-77)
(-257,-151,-77)
(-260,-156,-76)
(-257,-145,-83)
(-254,-148,-76)
(-259,-143,-83)
(-261,-145,-79)
(-251,-149,-73)
(-258,-140,-78)
(-267,-143,-89)
(-267,-141,-101)
(-263,-139,-121)
(-270,-134,-158)
(-273,-121,-185)
(-281,-97,-191)
(-292,-72,-208)
(-294,-40,-230)
(-295,-17,-237)
(-292,-4,-248)
(-293,23,-251)
(-294,58,-258)
(-280,110,-238)
(-249,157,-237)
(-231,199,-213)
(-196,234,-188)
(-168,256,-148)
(-139,263,-113)
(-122,266,-86)
(-114,272,-64)
(-98,266,-54)
(-98,272,-32)
(-96,260,-14)
(-99,259,3)
(-94,256,12)
(-97,251,13)
(-90,254,22)
(-90,242,32)
(-97,235,45)
(-92,222,60)
(-102,214,58)
(-91,211,71)
(-97,199,89)
(-87,199,87)
(-77,209,91)
(-59,209,77)
(-47,203,75)
(-48,208,72)
(-47,207,79)
(-47,203,89)
(-47,197,103)
(-47,185,101)
(-51,167,105)
(-53,155,117)
(-55,157,109)
(-61,157,121)
(-55,145,121)
(-53,141,121)
(-61,123,131)
(-55,115,145)
(-53,109,139)
(-52,96,144)
(-61,101,143)
(-49,97,145)
(-44,94,142)
(-40,98,138)
(-29,105,137)
(-26,90,142)
(-12,96,142)
(-10,100,130)
(0,100,128)
(-5,103,129)
(0,106,130)
(7,99,129)
(1,101,127)
(3,89,135)
(-3,87,133)
(-11,77,139)
(-6,84,132)
(-7,79,133)
(-6,82,138)
(-8,80,140)
(-8,82,136)
(7,81,125)
(18,98,128)
(18,96,122)
(25,85,123)
(37,87,115)
(33,73,121)
(40,78,118)
(54,72,106)
(73,83,101)
(75,75,99)
(78,66,90)
(86,58,86)
(97,63,87)
(98,60,72)
(107,61,61)
(126,66,56)
(125,57,55)
(134,48,44)
(144,54,36)
(155,39,31)
(143,35,31)
(149,27,21)
(138,20,20)
(147,17,21)
(146,12,18)
(137,7,37)
(123,23,69)
(115,51,81)
(121,77,71)
(116,64,70)
(114,28,74)
(111,13,79)
(96,8,100)
(88,32,104)
(88,56,96)
(92,78,88)
(92,70,84)
(103,49,81)
(101,31,85)
(95,17,97)
(91,51,97)
(92,82,92)
(94,80,86)
(92,58,92)
(102,32,96)
(100,26,94)
(102,30,92)
(107,55,83)
(95,89,91)
(89,83,91)
(90,54,106)
(85,29,113)
(63,53,123)
(68,94,104)
(65,119,103)
(66,112,96)
(65,75,117)
(68,46,126)
(64,28,126)
(57,43,127)
(57,99,115)
(56,122,110)
(68,96,112)
(84,60,110)
(100,60,92)
(116,54,74)
(111,53,67)
(135,39,67)
(130,24,60)
(138,26,52)
(140,24,30)
(156,16,20)
(153,25,13)
(154,14,8)
(158,10,12)
(152,8,10)
(151,-13,11)
(160,-12,14)
(154,-20,24)
(142,-16,48)
(109,5,91)
(85,33,111)
(67,53,121)
(42,78,124)
(5,113,135)
(-25,151,131)
(-42,162,122)
(-42,182,112)
(-63,195,103)
(-72,220,80)
(-87,241,53)
(-96,264,4)
(-83,273,-39)
(-85,279,-93)
(-70,276,-176)
(-47,239,-241)
(-22,210,-280)
(30,166,-306)
(47,121,-313)
(76,92,-324)
(130,56,-292)
(147,25,-259)
(167,3,-215)
(182,-24,-174)
(183,-33,-127)
(180,-42,-98)
(179,-51,-45)
(165,-57,-7)
(131,-63,29)
(122,-70,48)
(105,-61,77)
(95,-57,91)
(64,-62,110)
(44,-86,102)
(-2,-128,102)
(-36,-166,76)
(-57,-191,49)
(-64,-186,62)
(-82,-190,54)
(-93,-213,21)
(-94,-220,10)
(-80,-224,-8)
(-59,-237,-23)
(-48,-234,-34)
(-41,-249,-65)
(-42,-230,-62)
(-41,-239,-63)
(-16,-230,-60)
(10,-230,-64)
(48,-224,-74)
(65,-211,-93)
(86,-194,-88)
(112,-164,-64)
(142,-128,-64)
(162,-98,-98)
(166,-92,-160)
(156,-88,-196)
(143,-83,-231)
(136,-116,-206)
(137,-139,-151)
(133,-145,-101)
(127,-157,-75)
(93,-167,-41)
(76,-182,-18)
(52,-192,8)
(36,-198,18)
(25,-191,25)
(5,-203,35)
(-4,-202,24)
(-12,-202,26)
(8,-198,6)
(15,-205,3)
(38,-200,-24)
(43,-205,-15)
(27,-207,-19)
(21,-199,-7)
(-3,-207,7)
(-13,-217,7)
(-9,-211,1)
(-14,-210,0)
(-20,-218,-2)
(-6,-214,-24)
(-15,-235,-37)
(-7,-235,-69)
(18,-228,-96)
(24,-230,-116)
(26,-234,-138)
(25,-225,-145)
(24,-236,-122)
(6,-236,-94)
(-5,-225,-53)
(-27,-225,-35)
(-38,-224,-6)
(-46,-216,14)
(-61,-215,25)
(-56,-208,32)
(-62,-204,30)
(-64,-210,30)
(-55,-205,33)
(-74,-200,42)
(-76,-194,42)
(-91,-189,59)
(-87,-169,75)
(-96,-170,82)
(-103,-161,85)
(-102,-156,84)
(-112,-148,94)
(-116,-144,104)
(-119,-123,115)
(-116,-118,118)
(-125,-115,129)
(-115,-95,131)
(-117,-87,131)
(-110,-74,140)
(-113,-63,151)
(-104,-58,146)
(-106,-48,146)
(-103,-47,157)
(-91,-45,155)
(-91,-27,163)
(-102,-34,156)
(-102,-56,150)
(-97,-73,141)
(-93,-87,137)
(-78,-90,138)
(-51,-101,131)
(-40,-110,126)
(-10,-114,116)
(9,-117,101)
(5,-113,107)
(3,-101,121)
(39,-79,119)
(73,-91,81)
(95,-93,59)
(95,-111,61)
(80,-112,80)
(64,-106,90)
(78,-90,82)
(100,-84,58)
(91,-103,69)
(67,-97,73)
(56,-100,104)
(75,-77,95)
(99,-73,65)
(94,-102,66)
(75,-95,75)
(47,-91,101)
(64,-80,104)
(96,-76,84)
(87,-87,77)
(55,-103,97)
(34,-102,106)
(47,-99,105)
(100,-94,66)
(104,-108,40)
(93,-117,45)
(56,-132,80)
(22,-128,94)
(71,-111,83)
(78,-114,64)
(59,-125,71)
(40,-128,92)
(48,-104,96)
(94,-102,66)
(79,-105,65)
(51,-119,83)
(38,-122,94)
(55,-115,87)
(88,-118,52)
(89,-131,29)
(58,-138,50)
(44,-140,70)
(56,-114,80)
(87,-121,55)
(79,-129,37)
(47,-147,55)
(42,-132,78)
(78,-118,50)
(104,-130,22)
(113,-135,5)
(114,-130,8)
(115,-133,-1)
(96,-136,24)
(78,-132,56)
(61,-125,67)
(42,-138,82)
(22,-150,80)
(26,-150,68)
(38,-162,70)
(34,-162,52)
(27,-173,47)
(33,-167,49)
(29,-177,51)
(33,-171,49)
(34,-172,52)
(61,-161,23)
(92,-140,16)
(105,-139,19)
(101,-135,5)
(110,-130,0)
(123,-127,-19)
(132,-126,-24)
(136,-116,-28)
(138,-112,-28)
(142,-106,-28)
(139,-107,-21)
(129,-123,-17)
(121,-127,-1)
(97,-141,21)
(77,-159,23)
(57,-159,23)
(47,-181,33)
(41,-189,19)
(34,-196,12)
(39,-189,-1)
(49,-187,-11)
(64,-184,-12)
(71,-181,-5)
(62,-164,18)
(45,-145,47)
(17,-159,71)
(10,-152,82)
(-20,-142,94)
(-15,-137,103)
(-20,-140,108)
(-17,-143,103)
(-3,-149,95)
(15,-185,55)
(20,-182,52)
(26,-182,30)
(26,-210,-22)
(41,-215,-65)
(49,-217,-107)
(53,-227,-123)
(64,-208,-112)
(68,-216,-112)
(58,-218,-60)
(23,-209,11)
(-6,-170,68)
(-40,-148,108)
(-36,-138,120)
(-44,-134,120)
(-45,-139,121)
(-39,-133,105)
(11,-187,35)
(44,-206,-28)
(72,-208,-134)
(75,-201,-177)
(79,-197,-163)
(76,-208,-126)
(80,-210,-110)
(54,-208,-40)
(0,-172,72)
(-15,-155,93)
(29,-193,37)
(54,-208,-72)
(74,-212,-112)
(76,-208,-106)
(68,-196,-82)
(29,-183,43)
(-4,-154,106)
(-3,-135,115)
(18,-124,104)
(53,-133,81)
(64,-120,76)
(90,-116,58)
(115,-103,41)
(131,-85,23)
(145,-63,13)
(158,-56,-14)
(165,-53,-17)
(157,-65,11)
(132,-88,26)
(128,-108,32)
(115,-103,31)
(105,-109,31)
(101,-115,47)
(103,-137,3)
(108,-148,-2)
(106,-146,-22)
(119,-141,-31)
(126,-148,-36)
(120,-134,-32)
(136,-140,-66)
(131,-147,-109)
(125,-159,-137)
(116,-154,-164)
(115,-145,-183)
(112,-144,-190)
(99,-151,-205)
(90,-152,-222)
(87,-153,-247)
(75,-157,-253)
(64,-158,-274)
(25,-161,-287)
(-13,-179,-295)
(-60,-182,-292)
(-107,-185,-285)
(-131,-187,-269)
(-159,-189,-253)
(-191,-183,-223)
(-199,-181,-207)
(-199,-195,-187)
(-188,-198,-186)
(-179,-199,-195)
(-166,-194,-232)
(-161,-165,-275)
(-161,-157,-279)
(-148,-164,-286)
(-138,-166,-286)
(-134,-174,-290)
(-123,-171,-287)
(-105,-175,-281)
(-75,-201,-269)
(-56,-204,-256)
(-39,-207,-245)
(-26,-214,-234)
(-25,-207,-233)
(-12,-216,-232)
(1,-221,-221)
(-2,-226,-180)
(-5,-237,-153)
(-4,-244,-154)
(-3,-239,-153)
(-6,-216,-184)
(-24,-214,-228)
(-27,-213,-241)
(-38,-206,-260)
(-50,-194,-276)
(-119,-165,-299)
(-171,-143,-301)
(-222,-118,-268)
(-272,-90,-242)
(-282,-78,-220)
(-311,-55,-189)
(-332,-18,-118)
(-324,0,-66)
(-307,25,-19)
(-291,25,-3)
(-262,28,44)
(-237,29,81)
(-206,34,114)
(-171,53,129)
(-115,69,141)
(-76,62,146)
(-42,64,144)
(-2,54,142)
(14,54,146)
(22,44,134)
(41,37,131)
(50,30,122)
(64,36,112)
(70,32,114)
(78,30,102)
(91,33,89)
(100,36,94)
(101,25,75)
(117,27,63)
(137,17,35)
(158,14,12)
(168,10,-8)
(165,3,-11)
(167,-7,-15)
(175,-3,-17)
(162,12,0)
(141,31,47)
(120,44,62)
(106,54,84)
(82,48,98)
(72,38,114)
(46,32,124)
(39,15,129)
(27,17,135)
(24,16,130)
(16,36,130)
(21,49,135)
(18,68,124)
(20,82,128)
(4,72,140)
(-14,60,140)
(-27,29,149)
(-34,34,148)
(-22,48,146)
(-24,76,132)
(-27,101,131)
(-40,126,122)
(-79,123,127)
(-108,98,144)
(-128,62,144)
(-130,32,142)
(-155,27,139)
(-158,34,124)
(-175,95,111)
(-171,119,103)
(-163,141,95)
(-167,147,87)
(-169,165,77)
(-167,141,97)
(-178,100,110)
(-188,72,110)
(-182,30,120)
(-207,31,113)
(-202,54,106)
(-187,99,99)
(-167,127,89)
(-161,143,83)
(-168,150,82)
(-166,130,102)
(-173,113,99)
(-161,101,121)
(-145,113,131)
(-118,130,128)
(-117,137,111)
(-118,158,110)
(-132,178,82)
(-143,191,75)
(-146,198,62)
(-165,203,43)
(-161,219,27)
(-164,228,12)
(-170,238,-12)
(-164,250,-26)
(-166,254,-48)
(-179,245,-67)
(-186,254,-84)
(-198,252,-94)
(-218,234,-120)
(-219,231,-147)
(-214,212,-222)
(-197,183,-273)
(-170,160,-330)
(-113,121,-365)
(-65,87,-387)
(-32,50,-388)
(31,1,-367)
(69,-19,-343)
(110,-20,-322)
(115,-7,-315)
(132,2,-294)
(146,4,-266)
(159,-3,-245)
(164,-10,-248)
(168,-36,-226)
(155,-63,-227)
(136,-20,-278)
(107,37,-309)
(89,79,-319)
(68,106,-334)
(46,120,-340)
(44,122,-338)
(64,104,-324)
(114,2,-304)
(133,-109,-237)
(111,-155,-183)
(91,-185,-151)
(55,-211,-137)
(31,-209,-157)
(-2,-220,-192)
(-10,-200,-228)
(-12,-200,-248)
(7,-173,-267)
(39,-129,-303)
(74,-90,-300)
(72,-52,-318)
(77,-7,-317)
(83,41,-317)
(78,74,-312)
(75,127,-299)
(67,169,-277)
(41,201,-257)
(23,221,-241)
(32,234,-238)
(13,239,-221)
(13,243,-219)
(5,249,-205)
(-7,255,-185)
(-14,262,-186)
(-2,224,-250)
(40,170,-284)
(49,153,-295)
(60,96,-310)
(83,39,-321)
(97,-5,-305)
(103,-65,-285)
(87,-125,-257)
(89,-151,-213)
(82,-182,-164)
(86,-182,-124)
(88,-186,-92)
(89,-179,-57)
(90,-176,-38)
(90,-174,-42)
(101,-173,-83)
(110,-166,-146)
(114,-124,-204)
(110,-84,-266)
(89,-57,-299)
(71,-13,-331)
(50,24,-346)
(30,38,-352)
(27,71,-353)
(10,118,-338)
(-16,148,-338)
(-35,173,-323)
(-43,191,-317)
(-27,175,-321)
(36,138,-334)
(87,67,-317)
(109,17,-301)
(125,-41,-265)
(141,-99,-223)
(128,-128,-170)
(124,-148,-130)
(116,-158,-92)
(106,-156,-58)
(103,-149,-23)
(91,-151,5)
(83,-145,17)
(68,-140,46)
(59,-129,73)
(57,-113,91)
(50,-116,86)
(48,-114,86)
(40,-102,106)
(43,-115,99)
(30,-102,104)
(34,-108,100)
(23,-107,105)
(22,-116,108)
(17,-119,95)
(37,-133,75)
(54,-158,28)
(62,-172,10)
(72,-182,-32)
(70,-182,-24)
(73,-179,-29)
(75,-183,-25)
(73,-173,-21)
(73,-181,-25)
(74,-176,-26)
(71,-177,-11)
(70,-176,-2)
(74,-178,-16)
(61,-177,-5)
(67,-175,-5)
(54,-168,2)
(47,-173,15)
(56,-180,2)
(90,-180,-30)
(81,-177,-35)
(74,-170,-10)
(57,-177,7)
(61,-171,-7)
(82,-176,-38)
(89,-179,-39)
(65,-177,-11)
(58,-176,10)
(71,-175,-11)
(93,-175,-31)
(72,-176,-28)
(65,-193,-33)
(49,-195,-39)
(47,-199,-51)
(33,-209,-55)
(26,-218,-76)
(24,-218,-82)
(27,-223,-71)
(38,-218,-76)
(31,-213,-57)
(49,-209,-43)
(55,-207,-61)
(63,-193,-65)
(69,-187,-65)
(84,-178,-50)
(79,-177,-29)
(93,-169,-29)
(95,-163,-13)
(92,-152,6)
(95,-147,7)
(94,-156,-2)
(99,-153,3)
(92,-140,20)
(93,-141,15)
(101,-131,37)
(96,-128,48)
(89,-113,53)
(97,-107,59)
(98,-110,62)
(92,-102,64)
(97,-95,67)
(96,-100,70)
(84,-98,72)
(80,-92,80)
(91,-85,83)
(81,-91,85)
(84,-96,86)
(80,-118,66)
(79,-123,67)
(91,-127,41)
(91,-125,31)
(108,-124,24)
(109,-133,29)
(93,-125,45)
(81,-127,47)
(91,-129,29)
(107,-125,25)
(107,-123,23)
(85,-133,47)
(80,-128,42)
(75,-139,33)
(102,-134,28)
(114,-134,2)
(118,-130,-6)
(110,-140,8)
(84,-142,32)
(75,-147,35)
(90,-142,14)
(114,-150,-18)
(124,-144,-56)
(127,-147,-59)
(134,-144,-32)
(118,-140,-24)
(106,-142,-6)
(101,-145,13)
(86,-148,14)
(89,-149,9)
(101,-151,-15)
(119,-151,-41)
(123,-141,-51)
(105,-153,-25)
(97,-151,5)
(74,-152,10)
(86,-172,-22)
(80,-188,-54)
(78,-190,-54)
(79,-199,-71)
(73,-195,-71)
(69,-197,-85)
(72,-206,-108)
(75,-201,-123)
(80,-186,-108)
(93,-185,-79)
(99,-171,-61)
(107,-161,-33)
(101,-151,-25)
(100,-132,10)
(105,-125,31)
(92,-118,42)
(92,-130,56)
(67,-127,61)
(72,-134,72)
(47,-139,71)
(44,-140,76)
(33,-147,83)
(31,-143,75)
(31,-147,79)
(21,-151,71)
(37,-145,61)
(70,-154,36)
(78,-146,30)
(70,-144,32)
(62,-150,48)
(71,-141,43)
(75,-151,35)
(73,-153,29)
(88,-158,8)
(104,-146,-16)
(110,-146,-28)
(125,-143,-55)
(136,-134,-66)
(132,-126,-60)
(148,-126,-76)
(148,-128,-84)
(143,-123,-87)
(143,-125,-77)
(136,-134,-78)
(143,-127,-81)
(148,-130,-68)
(136,-136,-66)
(128,-146,-46)
(126,-148,-52)
(142,-122,-66)
(135,-129,-49)
(113,-135,-21)
(111,-141,-9)
(137,-137,-53)
(135,-125,-35)
(120,-138,-8)
(103,-137,27)
(81,-135,33)
(79,-135,49)
(74,-136,48)
(72,-140,44)
(70,-138,46)
(85,-141,35)
(89,-139,31)
(70,-144,48)
(66,-146,58)
(85,-133,41)
(113,-135,13)
(112,-128,-10)
(88,-142,10)
(92,-152,24)
(76,-150,32)
(85,-147,25)
(86,-148,20)
(107,-137,-1)
(98,-140,14)
(84,-132,34)
(89,-131,43)
(83,-135,51)
(69,-125,61)
(66,-134,74)
(58,-124,84)
(51,-129,89)
(36,-130,88)
(34,-132,94)
(25,-141,95)
(31,-129,97)
(26,-136,98)
(30,-138,102)
(23,-139,91)
(25,-135,95)
(32,-138,86)
(45,-143,69)
(71,-149,49)
(91,-133,33)
(106,-132,12)
(113,-129,25)
(95,-123,37)
(90,-124,56)
(80,-142,52)
(87,-127,47)
(102,-120,22)
(127,-105,-3)
(143,-105,-11)
(141,-109,-27)
(151,-81,-43)
(157,-87,-53)
(154,-82,-54)
(152,-84,-66)
(159,-81,-67)
(162,-80,-84)
(156,-82,-108)
(160,-78,-150)
(151,-81,-183)
(151,-81,-207)
(141,-79,-217)
(131,-99,-213)
(129,-97,-243)
(122,-76,-256)
(126,-90,-230)
(115,-115,-229)
(112,-92,-258)
(112,-64,-276)
(130,-72,-250)
(111,-115,-235)
(108,-116,-250)
(103,-87,-277)
(101,-63,-289)
(114,-74,-268)
(124,-80,-266)
(110,-98,-238)
(111,-97,-267)
(106,-66,-286)
(107,-73,-285)
(115,-53,-283)
(129,-77,-257)
(118,-108,-232)
(119,-93,-251)
(115,-67,-261)
(132,-82,-240)
(134,-120,-200)
(114,-142,-186)
(114,-148,-184)
(116,-158,-160)
(111,-169,-145)
(112,-172,-120)
(99,-169,-99)
(106,-172,-74)
(90,-174,-62)
(101,-179,-53)
(95,-181,-47)
(100,-176,-68)
(99,-169,-59)
(95,-167,-45)
(96,-174,-68)
(95,-179,-105)
(118,-164,-140)
(105,-161,-105)
(90,-180,-102)
(97,-181,-123)
(101,-181,-141)
(102,-174,-152)
(104,-156,-170)
(91,-167,-191)
(85,-155,-223)
(81,-165,-241)
(66,-154,-236)
(64,-168,-248)
(70,-160,-244)
(77,-159,-237)
(73,-163,-229)
(90,-164,-220)
(97,-161,-201)
(92,-162,-194)
(105,-153,-185)
(109,-163,-165)
(123,-147,-149)
(114,-152,-124)
(121,-157,-113)
(113,-155,-97)
(115,-161,-83)
(115,-155,-87)
(103,-155,-73)
(106,-156,-66)
(100,-160,-54)
(108,-158,-46)
(97,-169,-43)
(95,-165,-39)
(91,-163,-31)
(92,-164,-18)
(84,-160,-2)
(90,-156,-4)
(79,-167,7)
(83,-157,9)
(68,-156,14)
(65,-169,17)
(63,-163,23)
(57,-159,35)
(49,-171,45)
(47,-163,43)
(37,-167,43)
(41,-177,47)
(29,-169,53)
(33,-159,55)
(18,-174,50)
(8,-190,64)
(9,-179,63)
(4,-182,62)
(5,-179,67)
(-5,-185,59)
(3,-189,63)
(-13,-187,71)
(-19,-185,69)
(-27,-183,85)
(-46,-178,92)
(-55,-175,89)
(-71,-169,91)
(-73,-171,89)
(-83,-169,97)
(-84,-170,98)
(-85,-171,111)
(-91,-167,103)
(-103,-149,109)
(-121,-129,121)
(-123,-131,123)
(-118,-126,132)
(-126,-128,124)
(-117,-153,113)
(-91,-159,85)
(-69,-169,85)
(-67,-177,73)
(-79,-169,77)
(-76,-150,100)
(-78,-178,90)
(-87,-153,97)
(-103,-153,117)
(-95,-131,121)
(-110,-122,128)
(-101,-83,145)
(-109,-71,157)
(-99,-83,149)
(-89,-79,147)
(-76,-90,138)
(-44,-74,144)
(-31,-51,147)
(-18,-44,148)
(8,-50,144)
(16,-40,144)
(18,-32,134)
(26,-38,144)
(27,-43,137)
(1,-67,145)
(-18,-82,130)
(-47,-107,129)
(-66,-138,110)
(-66,-146,100)
(-74,-154,102)
(-72,-154,106)
(-69,-163,101)
(-79,-171,91)
(-77,-173,85)
(-77,-179,97)
(-79,-181,89)
(-84,-186,82)
(-96,-190,76)
(-97,-191,65)
(-99,-197,59)
(-98,-204,60)
(-102,-208,46)
(-114,-208,58)
(-107,-205,49)
(-113,-201,51)
(-113,-187,55)
(-88,-182,74)
(-81,-179,91)
(-79,-167,83)
(-68,-160,98)
(-49,-143,111)
(-28,-130,112)
(3,-129,97)
(13,-121,95)
(25,-113,109)
(34,-108,98)
(48,-96,98)
(45,-103,103)
(56,-104,94)
(58,-98,90)
(58,-92,96)
(66,-88,100)
(85,-83,87)
(88,-86,74)
(73,-79,85)
(92,-74,84)
(103,-75,67)
(99,-79,59)
(96,-84,76)
(102,-70,70)
(121,-61,35)
(131,-73,37)
(119,-77,41)
(103,-73,65)
(119,-63,47)
(140,-70,28)
(125,-75,37)
(112,-68,72)
(118,-66,56)
(133,-59,37)
(104,-78,74)
(89,-63,91)
(116,-70,50)
(127,-67,53)
(106,-76,74)
(83,-73,89)
(93,-77,81)
(119,-95,41)
(110,-114,30)
(103,-107,37)
(114,-128,24)
(122,-118,-6)
(105,-91,49)
(90,-88,72)
(110,-102,60)
(91,-109,57)
(71,-149,29)
(86,-168,-12)
(98,-168,-16)
(99,-153,-9)
(81,-139,35)
(79,-141,37)
(103,-129,19)
(104,-124,28)
(77,-123,51)
(90,-122,62)
(94,-112,40)
(110,-116,26)
(118,-116,20)
(103,-127,17)
(90,-142,20)
(96,-152,0)
(96,-156,-18)
(107,-167,-45)
(113,-157,-51)
(110,-148,-16)
(96,-142,8)
(125,-143,-31)
(139,-133,-63)
(125,-135,-47)
(126,-140,-46)
(135,-129,-71)
(145,-125,-95)
(151,-117,-103)
(144,-122,-110)
(139,-125,-149)
(146,-124,-172)
(144,-100,-182)
(152,-98,-186)
(150,-104,-170)
(164,-114,-116)
(143,-113,-69)
(144,-112,-68)
(151,-121,-79)
(146,-126,-94)
(132,-126,-86)
(143,-113,-77)
(137,-121,-63)
(143,-129,-77)
(129,-151,-87)
(115,-169,-113)
(73,-189,-155)
(16,-214,-184)
(-22,-222,-194)
(-71,-221,-203)
(-122,-224,-198)
(-150,-224,-162)
(-167,-209,-151)
(-179,-213,-121)
(-186,-208,-94)
(-181,-203,-61)
(-173,-207,-53)
(-170,-208,-46)
(-165,-205,-25)
(-157,-211,-19)
(-149,-205,-17)
(-168,-208,-30)
(-196,-188,-46)
(-262,-152,-84)
(-307,-73,-127)
(-314,12,-182)
(-287,115,-205)
(-243,185,-203)
(-190,236,-192)
(-103,265,-169)
(-27,269,-131)
(43,253,-93)
(101,205,-73)
(135,153,-29)
(161,105,-7)
(166,64,4)
(165,51,7)
(165,51,-11)
(170,50,-8)
(161,37,-7)
(178,50,-32)
(175,89,-99)
(163,107,-147)
(130,154,-204)
(74,206,-202)
(20,248,-162)
(-14,270,-130)
(-32,270,-104)
(-53,277,-81)
(-59,281,-77)
(-77,277,-63)
(-86,276,-38)
(-131,263,-17)
(-164,244,12)
(-189,209,35)
(-205,181,55)
(-216,158,56)
(-229,109,69)
(-238,60,76)
(-252,12,68)
(-264,-34,54)
(-266,-60,20)
(-261,-83,7)
(-262,-90,10)
(-261,-83,21)
(-264,-78,10)
(-274,-78,10)
(-275,-71,1)
(-271,-73,7)
(-274,-68,2)
(-269,-73,13)
(-274,-72,4)
(-275,-87,17)
(-269,-107,-1)
(-251,-153,-63)
(-224,-180,-118)
(-155,-209,-221)
(-59,-193,-283)
(35,-113,-311)
(92,-76,-290)
(139,-39,-243)
(160,-28,-202)
(169,-27,-175)
(186,-18,-126)
(186,-24,-100)
(182,-24,-60)
(171,-35,-25)
(152,-46,18)
(140,-48,28)
(123,-53,57)
(99,-57,79)
(103,-49,85)
(106,-48,80)
(111,-37,79)
(101,-49,87)
(97,-49,95)
(82,-54,100)
(95,-51,67)
(128,-52,56)
(104,-60,80)
(88,-48,92)
(92,-62,90)
(129,-65,29)
(150,-70,-12)
(158,-76,-18)
(141,-89,15)
(131,-61,53)
(100,-50,86)
(96,-42,100)
(82,-32,112)
(80,-32,112)
(81,-17,113)
(82,0,118)
(90,22,112)
(110,38,94)
(99,37,91)
(118,50,88)
(111,51,85)
(131,57,65)
(140,70,38)
(148,80,18)
(146,92,26)
(143,105,23)
(138,108,24)
(138,122,8)
(133,119,11)
(131,107,9)
(141,85,25)
(140,82,26)
(153,59,27)
(169,45,-3)
(185,25,-43)
(191,15,-95)
(178,0,-118)
(190,-6,-126)
(180,-4,-118)
(188,4,-114)
(185,13,-77)
(176,34,-32)
(163,45,1)
(143,63,33)
(138,62,60)
(128,68,68)
(120,68,78)
(110,64,94)
(111,59,93)
(129,45,75)
(144,30,46)
(165,11,-5)
(177,-1,-33)
(181,7,-61)
(174,48,-56)
(178,62,-54)
(180,68,-62)
(180,66,-72)
(170,98,-156)
(136,138,-208)
(98,170,-228)
(63,199,-237)
(24,238,-218)
(-17,261,-183)
(-37,273,-157)
(-55,289,-127)
(-72,276,-88)
(-71,283,-51)
(-96,268,-18)
(-98,256,8)
(-107,245,37)
(-105,231,61)
(-87,217,73)
(-97,187,103)
(-105,165,111)
(-106,148,126)
(-101,133,133)
(-93,121,143)
(-87,109,143)
(-68,92,158)
(-50,78,154)
(-35,69,149)
(-29,59,153)
(-26,44,162)
(-23,35,153)
(-31,29,151)
(-37,15,155)
(-77,11,157)
(-115,43,155)
(-139,125,125)
(-138,178,86)
(-133,201,79)
(-128,182,106)
(-141,139,135)
(-164,108,126)
(-199,119,109)
(-190,168,68)
(-183,187,67)
(-195,181,57)
(-220,170,42)
(-237,173,37)
(-254,146,2)
(-270,136,0)
(-274,126,-8)
(-289,123,-11)
(-299,105,-35)
(-294,100,-58)
(-303,91,-55)
(-312,88,-72)
(-311,73,-91)
(-316,52,-88)
(-322,38,-60)
(-273,45,35)
(-214,-26,80)
(-162,-60,100)
(-135,-55,117)
(-128,-68,106)
(-168,-74,104)
(-177,-39,97)
(-177,-17,111)
(-130,2,126)
(-110,26,144)
(-84,2,138)
(-56,-34,138)
(-58,-90,116)
(-71,-109,93)
(-109,-117,95)
(-138,-80,100)
(-150,-38,108)
(-160,24,122)
(-150,82,110)
(-130,124,100)
(-122,150,92)
(-109,181,73)
(-109,187,65)
(-119,193,67)
(-127,171,77)
(-127,165,93)
(-105,129,115)
(-103,107,123)
(-79,59,137)
(-60,-4,140)
(-48,-56,126)
(-58,-100,116)
(-67,-115,103)
(-83,-133,87)
(-98,-152,70)
(-115,-153,51)
(-153,-159,29)
(-184,-162,-6)
(-208,-170,-44)
(-225,-173,-77)
(-253,-137,-131)
(-270,-100,-184)
(-272,-62,-222)
(-274,-20,-262)
(-258,22,-288)
(-225,67,-313)
(-201,101,-339)
(-157,127,-347)
(-118,120,-356)
(-96,104,-368)
(-89,107,-363)
(-109,113,-365)
(-128,128,-342)
(-184,142,-316)
(-209,167,-287)
(-223,187,-229)
(-209,209,-183)
(-197,227,-143)
(-167,255,-99)
(-117,255,-57)
(-71,261,-41)
(-20,250,-38)
(7,245,-61)
(104,200,-96)
(139,175,-145)
(144,138,-178)
(157,93,-217)
(164,72,-240)
(148,62,-256)
(153,67,-265)
(137,67,-269)
(128,68,-294)
(112,62,-296)
(124,74,-288)
(136,66,-274)
(143,91,-261)
(125,119,-241)
(124,152,-222)
(102,172,-206)
(70,216,-194)
(22,244,-172)
(-15,267,-171)
(-54,270,-178)
(-101,267,-191)
(-130,250,-210)
(-163,237,-233)
(-190,200,-264)
(-208,164,-290)
(-200,106,-334)
(-182,66,-352)
(-146,20,-368)
(-101,-9,-383)
(-48,-58,-370)
(9,-81,-357)
(66,-102,-316)
(98,-104,-264)
(126,-104,-226)
(157,-91,-145)
(163,-65,-91)
(170,-58,-82)
(173,-45,-95)
(173,-49,-115)
(148,-102,-160)
(139,-115,-183)
(58,-160,-246)
(-50,-182,-284)
(-147,-147,-299)
(-203,-117,-289)
(-214,-108,-296)
(-234,-70,-296)
(-248,-48,-276)
(-264,-36,-274)
(-299,-29,-215)
(-314,-22,-144)
(-310,-2,-70)
(-294,-8,0)
(-247,-33,49)
(-178,-48,106)
(-114,-58,122)
(-86,-64,134)
(-42,-60,138)
(-21,-49,125)
(-22,-44,132)
(-51,-49,137)
(-80,-36,132)
(-111,-57,131)
(-156,-38,116)
(-209,-55,81)
(-252,-68,18)
(-282,-90,-52)
(-273,-99,-131)
(-261,-133,-185)
(-246,-132,-186)
(-224,-154,-206)
(-197,-175,-219)
(-155,-195,-225)
(-115,-207,-227)
(-88,-206,-230)
(-84,-204,-220)
(-84,-204,-238)
(-107,-201,-247)
(-140,-170,-276)
(-181,-153,-279)
(-226,-120,-256)
(-263,-95,-235)
(-300,-68,-188)
(-306,-32,-120)
(-306,-16,-56)
(-298,16,-4)
(-249,33,51)
(-192,10,102)
(-122,-4,134)
(-78,-36,136)
(-49,-57,135)
(-26,-54,132)
(-26,-42,132)
(-28,-44,132)
(-41,-49,131)
(-74,-60,134)
(-113,-35,131)
(-149,-11,119)
(-206,22,104)
(-246,26,56)
(-282,30,-4)
(-309,3,-71)
(-304,-34,-150)
(-264,-92,-218)
(-228,-136,-246)
(-167,-171,-253)
(-122,-194,-242)
(-78,-198,-246)
(-69,-211,-227)
(-60,-220,-204)
(-47,-219,-221)
(-58,-212,-232)
(-73,-227,-211)
(-123,-223,-165)
(-195,-199,-155)
(-200,-190,-172)
(-185,-183,-181)
(-197,-181,-203)
(-207,-159,-223)
(-224,-108,-286)
(-253,3,-297)
(-296,90,-220)
(-290,132,-100)
(-267,141,-19)
(-217,139,41)
(-161,139,99)
(-105,107,127)
(-47,79,125)
(18,46,126)
(53,47,119)
(73,47,99)
(88,48,84)
(119,39,57)
(139,35,33)
(152,34,10)
(167,29,-9)
(164,44,-2)
(134,52,32)
(114,82,50)
(80,110,64)
(45,149,81)
(10,196,56)
(-12,228,16)
(-64,256,-20)
(-110,268,-34)
(-151,253,-25)
(-167,217,15)
(-168,176,70)
(-158,124,110)
(-147,77,121)
(-147,27,125)
(-168,-12,112)
(-203,-19,99)
(-231,29,75)
(-246,78,60)
(-253,87,41)
(-253,87,25)
(-259,89,37)
(-235,65,71)
(-210,16,86)
(-192,-32,102)
(-173,-63,103)
(-161,-99,97)
(-157,-127,73)
(-174,-152,38)
(-216,-156,-4)
(-254,-126,-32)
(-284,-100,-56)
(-299,-77,-65)
(-298,-60,-62)
(-310,-46,-58)
(-300,-44,-32)
(-262,-60,16)
(-229,-97,47)
(-190,-144,48)
(-155,-181,5)
(-164,-216,-46)
(-173,-209,-85)
(-201,-203,-113)
(-215,-185,-151)
(-229,-171,-155)
(-246,-160,-170)
(-252,-150,-158)
(-266,-140,-122)
(-256,-150,-82)
(-228,-164,-36)
(-189,-167,11)
(-134,-180,32)
(-96,-198,24)
(-112,-210,-8)
(-112,-212,-22)
(-163,-213,-75)
(-186,-200,-80)
(-194,-186,-56)
(-193,-183,-23)
(-170,-172,16)
(-137,-175,43)
(-102,-184,42)
(-100,-208,-8)
(-147,-225,-67)
(-190,-200,-88)
(-222,-176,-74)
(-216,-174,-34)
(-181,-189,-9)
(-151,-205,-43)
(-167,-217,-85)
(-191,-201,-121)
(-216,-178,-144)
(-226,-174,-132)
(-233,-181,-97)
(-203,-191,-71)
(-194,-198,-94)
(-197,-199,-127)
(-213,-191,-151)
(-230,-166,-184)
(-242,-152,-194)
(-252,-154,-164)
(-247,-169,-135)
(-226,-182,-128)
(-221,-181,-141)
(-220,-178,-172)
(-234,-156,-220)
(-236,-122,-232)
(-245,-121,-245)
(-249,-111,-255)
(-256,-126,-230)
(-246,-144,-202)
(-232,-168,-164)
(-224,-174,-168)
(-224,-174,-198)
(-224,-164,-222)
(-221,-139,-261)
(-217,-117,-285)
(-214,-94,-304)
(-193,-73,-333)
(-175,-63,-355)
(-165,-53,-361)
(-132,-46,-374)
(-101,-25,-375)
(-63,-17,-383)
(-41,-13,-399)
(-17,-3,-385)
(1,-1,-379)
(39,-7,-359)
(59,-25,-349)
(68,-20,-338)
(59,-27,-349)
(45,-25,-351)
(12,-50,-362)
(-35,-83,-365)
(-114,-124,-342)
(-164,-140,-298)
(-204,-154,-250)
(-233,-153,-223)
(-242,-154,-184)
(-258,-146,-146)
(-270,-134,-108)
(-285,-107,-77)
(-295,-73,-59)
(-309,-31,-55)
(-316,26,-74)
(-316,88,-100)
(-301,121,-139)
(-281,141,-143)
(-282,166,-164)
(-261,173,-163)
(-250,184,-206)
(-233,175,-225)
(-222,184,-240)
(-213,187,-259)
(-216,164,-284)
(-220,146,-294)
(-222,122,-306)
(-245,99,-291)
(-270,74,-270)
(-287,73,-261)
(-305,63,-227)
(-284,72,-212)
(-286,92,-228)
(-275,121,-247)
(-250,140,-268)
(-228,154,-280)
(-187,157,-305)
(-153,145,-335)
(-164,114,-344)
(-186,88,-340)
(-226,78,-322)
(-276,70,-268)
(-297,67,-229)
(-302,76,-200)
(-306,84,-190)
(-292,100,-210)
(-283,117,-227)
(-256,138,-246)
(-217,153,-287)
(-186,154,-306)
(-168,150,-324)
(-164,148,-324)
(-187,89,-337)
(-216,68,-318)
(-253,65,-285)
(-290,64,-248)
(-293,67,-201)
(-307,69,-207)
(-307,53,-167)
(-317,57,-159)
(-302,74,-160)
(-308,80,-168)
(-301,101,-177)
(-272,134,-196)
(-253,157,-223)
(-230,168,-256)
(-207,151,-281)
(-218,134,-298)
(-234,106,-296)
(-261,73,-283)
(-286,46,-246)
(-304,48,-224)
(-301,65,-225)
(-280,94,-252)
(-260,114,-272)
(-220,114,-304)
(-201,111,-315)
(-184,84,-342)
(-164,70,-360)
(-146,46,-372)
(-106,28,-388)
(-83,-9,-381)
(-59,-13,-385)
(-48,-20,-382)
(-60,-42,-378)
(-69,-61,-371)
(-85,-81,-367)
(-101,-59,-369)
(-116,-30,-376)
(-124,0,-378)
(-107,21,-387)
(-78,8,-380)
(-52,-16,-386)
(-47,-41,-385)
(-57,-49,-373)
(-70,-86,-364)
(-99,-79,-371)
(-112,-56,-360)
(-119,-25,-379)
(-103,-7,-381)
(-70,0,-388)
(-42,6,-392)
(-41,-3,-377)
(-41,-27,-383)
(-70,-62,-368)
(-80,-64,-364)
(-180,-52,-348)
(-222,-46,-310)
(-250,-38,-272)
(-276,-42,-252)
(-288,-46,-212)
(-293,-53,-195)
(-298,-68,-194)
(-295,-53,-179)
(-306,-46,-192)
(-296,-36,-210)
(-288,-32,-234)
(-279,-33,-233)
(-281,-47,-227)
(-294,-56,-194)
(-298,-62,-178)
(-304,-52,-164)
(-304,-42,-184)
(-304,-18,-204)
(-287,-3,-245)
(-284,-14,-242)
(-299,-19,-217)
(-306,-18,-188)
(-304,-12,-172)
(-319,-19,-147)
(-312,-16,-138)
(-321,13,-157)
(-318,36,-186)
(-296,32,-204)
(-306,14,-192)
(-308,4,-178)
(-313,-17,-149)
(-311,-23,-121)
(-316,-10,-108)
(-317,7,-113)
(-324,20,-150)
(-319,45,-151)
(-317,47,-177)
(-315,31,-169)
(-317,15,-151)
(-311,13,-115)
(-314,2,-126)
(-322,18,-138)
(-313,45,-167)
(-303,71,-203)
(-298,66,-218)
(-309,67,-223)
(-313,69,-181)
(-314,66,-132)
(-317,45,-73)
(-312,40,-60)
(-313,47,-51)
(-312,76,-82)
(-299,103,-127)
(-294,136,-168)
(-278,130,-228)
(-274,132,-218)
(-287,125,-193)
(-297,121,-173)
(-295,121,-167)
(-272,142,-196)
(-243,165,-231)
(-209,191,-245)
(-171,193,-287)
(-152,168,-306)
(-154,164,-326)
(-169,131,-343)
(-197,99,-327)
(-238,88,-312)
(-262,84,-274)
(-277,81,-259)
(-281,89,-237)
(-285,103,-239)
(-270,130,-256)
(-226,156,-280)
(-176,172,-312)
(-138,174,-322)
(-107,159,-341)
(-88,142,-356)
(-86,118,-374)
(-104,82,-384)
(-132,68,-374)
(-163,61,-365)
(-203,55,-349)
(-234,70,-318)
(-260,80,-290)
(-279,99,-261)
(-281,107,-237)
(-284,118,-216)
(-292,122,-190)
(-290,128,-188)
(-277,135,-189)
(-265,169,-193)
(-232,190,-208)
(-215,211,-235)
(-201,211,-247)
(-198,196,-250)
(-222,190,-246)
(-255,183,-207)
(-266,156,-174)
(-289,145,-151)
(-293,141,-143)
(-291,135,-147)
(-283,147,-169)
(-262,174,-182)
(-234,192,-218)
(-200,208,-240)
(-177,205,-263)
(-157,201,-279)
(-179,193,-293)
(-216,182,-278)
(-257,157,-235)
(-274,146,-206)
(-291,137,-185)
(-297,121,-167)
(-285,143,-189)
(-254,170,-210)
(-222,184,-238)
(-220,182,-264)
(-229,171,-253)
(-256,156,-244)
(-284,130,-202)
(-300,110,-138)
(-303,107,-123)
(-307,75,-93)
(-313,77,-99)
(-311,87,-117)
(-298,120,-148)
(-284,142,-186)
(-266,158,-202)
(-278,166,-196)
(-272,170,-190)
(-261,175,-135)
(-271,183,-99)
(-252,172,-40)
(-246,162,8)
(-217,139,55)
(-203,105,93)
(-190,80,112)
(-191,49,119)
(-201,3,117)
(-226,-40,78)
(-257,-69,43)
(-276,-86,-26)
(-289,-101,-77)
(-313,-83,-117)
(-314,-52,-150)
(-311,-23,-175)
(-319,21,-187)
(-312,66,-182)
(-317,105,-157)
(-297,137,-147)
(-288,160,-138)
(-265,177,-111)
(-253,183,-95)
(-247,189,-65)
(-245,195,-45)
(-236,176,-4)
(-228,158,28)
(-213,123,61)
(-217,93,83)
(-215,61,91)
(-222,22,104)
(-208,-8,100)
(-189,-35,107)
(-194,-80,100)
(-186,-104,84)
(-187,-121,59)
(-203,-139,43)
(-204,-166,4)
(-212,-174,-24)
(-228,-176,-64)
(-227,-181,-107)
(-223,-183,-141)
(-223,-179,-171)
(-209,-171,-207)
(-203,-163,-233)
(-203,-159,-245)
(-195,-145,-273)
(-192,-144,-286)
(-189,-149,-293)
(-186,-136,-288)
(-195,-135,-291)
(-202,-136,-300)
(-179,-123,-299)
(-187,-137,-293)
(-201,-125,-291)
(-223,-121,-289)
(-244,-90,-268)
(-275,-63,-257)
(-300,-26,-232)
(-311,13,-183)
(-320,26,-150)
(-312,24,-110)
(-316,28,-82)
(-313,31,-47)
(-291,23,-11)
(-282,-2,28)
(-260,-34,46)
(-249,-63,43)
(-246,-98,28)
(-235,-129,-3)
(-229,-147,-45)
(-246,-166,-90)
(-222,-176,-148)
(-215,-181,-199)
(-173,-177,-237)
(-149,-175,-265)
(-146,-178,-270)
(-132,-176,-274)
(-136,-190,-264)
(-124,-206,-244)
(-92,-214,-240)
(-81,-221,-221)
(-83,-223,-203)
(-80,-226,-184)
(-80,-232,-162)
(-77,-239,-147)
(-85,-235,-165)
(-105,-227,-183)
(-131,-209,-209)
(-163,-205,-227)
(-169,-187,-239)
(-198,-164,-236)
(-241,-139,-231)
(-274,-104,-208)
(-283,-93,-183)
(-303,-83,-165)
(-309,-65,-141)
(-315,-45,-117)
(-309,-25,-85)
(-321,-7,-65)
(-313,21,-53)
(-309,77,-49)
(-286,124,-64)
(-285,157,-85)
(-264,192,-98)
(-230,214,-134)
(-204,238,-140)
(-179,249,-139)
(-158,254,-170)
(-131,257,-171)
(-115,255,-187)
(-99,259,-189)
(-89,259,-191)
(-91,267,-203)
(-88,262,-202)
(-92,256,-200)
(-96,258,-218)
(-84,258,-224)
(-72,252,-228)
(-66,250,-224)
(-71,247,-235)
(-79,255,-223)
(-80,252,-226)
(-116,262,-202)
(-118,264,-174)
(-172,258,-140)
(-190,246,-136)
(-200,240,-106)
(-217,223,-81)
(-237,201,-51)
(-251,177,-33)
(-270,162,-28)
(-273,133,-15)
(-291,105,7)
(-277,99,7)
(-284,68,30)
(-277,55,25)
(-272,36,28)
(-274,22,26)
(-286,14,10)
(-303,-5,-17)
(-308,-24,-48)
(-300,-54,-86)
(-292,-86,-130)
(-271,-119,-175)
(-219,-163,-211)
(-197,-189,-209)
(-151,-207,-207)
(-128,-222,-180)
(-116,-228,-176)
(-107,-227,-151)
(-106,-226,-156)
(-130,-230,-154)
(-132,-228,-146)
(-151,-219,-143)
(-169,-221,-141)
(-190,-206,-140)
(-205,-197,-135)
(-224,-182,-134)
(-249,-173,-137)
(-246,-154,-134)
(-258,-134,-150)
(-250,-146,-136)
(-239,-175,-139)
(-204,-200,-154)
(-182,-202,-182)
(-158,-200,-180)
(-135,-213,-209)
(-113,-203,-221)
(-103,-207,-233)
(-105,-213,-231)
(-89,-213,-249)
(-67,-191,-259)
(-60,-190,-288)
(-62,-174,-294)
(-60,-162,-310)
(-84,-138,-328)
(-105,-121,-337)
(-147,-107,-333)
(-214,-88,-298)
(-249,-85,-265)
(-295,-61,-211)
(-312,-44,-160)
(-318,-12,-112)
(-326,26,-96)
(-304,66,-56)
(-286,114,-18)
(-247,161,-11)
(-223,171,19)
(-191,189,27)
(-147,201,45)
(-118,210,60)
(-102,202,58)
(-93,207,69)
(-76,208,64)
(-71,199,69)
(-63,197,79)
(-47,197,75)
(-33,201,63)
(-6,220,36)
(10,236,0)
(32,230,-18)
(59,219,-45)
(108,188,-108)
(131,141,-123)
(167,93,-117)
(166,34,-74)
(176,16,-70)
(176,-18,-98)
(166,-52,-108)
(159,-91,-135)
(157,-97,-113)
(162,-86,-70)
(153,-75,-25)
(138,-66,28)
(110,-66,76)
(77,-71,103)
(52,-74,118)
(25,-75,125)
(-3,-75,141)
(-26,-76,152)
(-58,-66,160)
(-66,-54,170)
(-65,-47,169)
(-69,-37,171)
(-61,-29,169)
(-67,-27,171)
(-55,-31,179)
(-53,-47,165)
(-31,-73,155)
(-13,-111,129)
(20,-98,122)
(52,-136,84)
(63,-185,-21)
(83,-201,-77)
(99,-189,-83)
(96,-190,-100)
(100,-192,-96)
(95,-183,-51)
(50,-162,50)
(10,-122,124)
(-14,-72,162)
(-20,-60,166)
(-32,-54,164)
(-56,-54,166)
(-71,-57,173)
(-72,-46,174)
(-71,-51,159)
(-73,-49,171)
(-78,-44,170)
(-92,-38,172)
(-93,-31,177)
(-89,-23,181)
(-87,-7,173)
(-97,-9,179)
(-118,-8,182)
(-129,5,175)
(-132,-10,172)
(-129,-13,169)
(-132,-8,168)
(-146,-26,166)
(-122,-20,178)
(-95,-15,177)
(-95,-17,183)
(-84,-8,182)
(-65,7,173)
(-60,-18,178)
(-64,4,174)
(-28,12,178)
(-30,2,168)
(-28,8,170)
(-15,-3,171)
(-38,4,170)
(-18,16,168)
(-6,4,174)
(-25,-1,175)
(-3,15,163)
(-7,-7,179)
(-22,-2,174)
(2,16,164)
(-15,-13,171)
(-5,5,171)
(10,18,160)
(0,0,168)
(5,7,163)
(17,7,159)
(-13,-5,173)
(-37,7,181)
(-70,-2,174)
(-99,-9,173)
(-104,-8,186)
(-104,-2,178)
(-107,3,187)
(-87,9,187)
(-94,8,184)
(-95,1,183)
(-100,-4,184)
(-63,-9,181)
(-47,-33,173)
(-20,-56,160)
(11,-53,151)
(47,-67,129)
(58,-74,112)
(72,-90,90)
(91,-93,83)
(85,-85,99)
(75,-61,111)
(58,-42,132)
(40,-20,150)
(28,0,156)
(-3,9,167)
(-29,7,177)
(-48,14,186)
(-66,14,182)
(-83,7,181)
(-99,1,193)
(-122,-22,180)
(-127,-35,175)
(-137,-51,171)
(-151,-73,163)
(-145,-79,157)
(-135,-59,165)
(-102,-68,158)
(-66,-70,164)
(-9,-85,155)
(20,-76,138)
(40,-94,118)
(59,-101,107)
(60,-112,90)
(73,-133,63)
(85,-131,47)
(101,-141,15)
(100,-146,-10)
(115,-143,-29)
(118,-148,-38)
(124,-142,-44)
(141,-129,-67)
(161,-111,-115)
(148,-104,-186)
(148,-72,-232)
(131,-27,-267)
(123,-7,-281)
(109,-11,-295)
(89,-3,-317)
(69,25,-327)
(38,50,-348)
(5,81,-361)
(-20,108,-350)
(-52,138,-342)
(-87,167,-317)
(-131,177,-311)
(-175,179,-281)
(-222,164,-266)
(-256,134,-244)
(-290,98,-232)
(-309,65,-209)
(-313,27,-189)
(-314,-26,-178)
(-305,-81,-133)
(-284,-122,-116)
(-251,-175,-67)
(-211,-191,-41)
(-194,-196,-42)
(-184,-216,-36)
(-170,-208,-28)
(-169,-203,-29)
(-183,-209,-37)
(-188,-212,-48)
(-196,-194,-40)
(-194,-186,-22)
(-178,-180,-8)
(-195,-189,-25)
(-215,-177,-37)
(-231,-173,-75)
(-263,-155,-111)
(-278,-124,-144)
(-291,-99,-171)
(-294,-84,-180)
(-303,-63,-183)
(-304,-38,-202)
(-306,-20,-216)
(-303,9,-225)
(-290,-10,-246)
(-305,-39,-209)
(-306,-44,-164)
(-315,-39,-163)
(-313,-25,-189)
(-296,10,-218)
(-302,-14,-238)
(-310,-36,-198)
(-318,-24,-160)
(-322,-28,-144)
(-314,-22,-192)
(-299,7,-221)
(-292,12,-240)
(-315,35,-227)
(-310,22,-196)
(-319,13,-189)
(-300,18,-230)
(-303,13,-245)
(-299,13,-227)
(-312,14,-200)
(-314,-8,-198)
(-301,-3,-221)
(-283,9,-267)
(-275,19,-283)
(-279,7,-269)
(-288,-26,-242)
(-298,-80,-176)
(-268,-140,-108)
(-233,-171,-55)
(-189,-189,-19)
(-179,-191,-11)
(-183,-199,-15)
(-192,-198,-40)
(-231,-177,-121)
(-271,-123,-201)
(-285,1,-261)
(-248,126,-268)
(-195,193,-235)
(-113,245,-177)
(-41,263,-129)
(1,253,-89)
(44,234,-60)
(76,200,-34)
(109,167,-21)
(128,126,-6)
(139,89,13)
(138,50,34)
(136,0,46)
(137,-27,55)
(130,-48,46)
(129,-63,39)
(118,-76,50)
(110,-90,54)
(111,-87,61)
(119,-93,37)
(143,-87,3)
(144,-90,-42)
(149,-95,-43)
(158,-80,-78)
(157,-61,-139)
(156,-30,-204)
(143,-7,-229)
(136,-8,-262)
(127,-9,-263)
(115,-21,-285)
(112,-22,-294)
(104,-30,-308)
(96,-34,-310)
(93,-41,-299)
(96,-40,-302)
(84,-50,-304)
(86,-60,-320)
(61,-73,-317)
(52,-86,-320)
(53,-101,-313)
(43,-113,-317)
(41,-127,-301)
(27,-139,-299)
(25,-157,-291)
(11,-167,-277)
(7,-183,-269)
(6,-182,-262)
(-4,-186,-258)
(-1,-201,-245)
(-4,-202,-238)
(-8,-204,-236)
(-18,-216,-216)
(-37,-221,-209)
(-55,-233,-197)
(-63,-235,-189)
(-71,-239,-189)
(-88,-238,-180)
(-91,-235,-175)
(-87,-237,-183)
(-81,-223,-215)
(-77,-195,-263)
(-67,-147,-329)
(-11,-49,-365)
(48,40,-344)
(104,94,-272)
(131,119,-197)
(156,134,-146)
(169,111,-77)
(153,97,-41)
(151,83,-13)
(152,74,10)
(139,59,33)
(142,52,26)
(147,45,39)
(151,31,37)
(150,8,46)
(157,-3,15)
(168,-8,-24)
(167,-5,-35)
(179,-5,-85)
(179,29,-79)
(165,13,-27)
(155,5,7)
(178,-14,-8)
(170,-20,-62)
(181,5,-121)
(178,36,-122)
(178,34,-80)
(183,17,-83)
(174,10,-158)
(128,2,-276)
(42,-30,-340)
(-77,-63,-377)
(-108,-74,-364)
(-195,-99,-321)
(-250,-124,-232)
(-245,-149,-169)
(-231,-179,-137)
(-226,-190,-112)
(-207,-201,-121)
(-246,-168,-118)
(-296,-96,-82)
(-320,20,-30)
(-274,138,6)
(-199,219,9)
(-114,266,-52)
(-43,269,-105)
(57,227,-139)
(130,152,-170)
(155,71,-167)
(149,-21,-207)
(134,-62,-228)
(96,-72,-272)
(44,-88,-320)
(-26,-106,-330)
(-84,-136,-318)
(-116,-158,-298)
(-140,-182,-256)
(-156,-208,-216)
(-102,-210,-216)
(-74,-204,-256)
(-80,-114,-350)
(-61,-85,-367)
(-53,-77,-371)
(-55,-63,-367)
(-48,-56,-378)
(-77,-79,-375)
(-80,-92,-362)
(-88,-74,-370)
(-68,-70,-372)
(-65,-55,-375)
(-60,-44,-368)
(-62,-44,-374)
(-60,-52,-374)
(-58,-48,-376)
(-58,-54,-376)
(-48,-54,-364)
(-59,-53,-375)
(-66,-46,-380)
(-84,-40,-378)
(-111,-37,-379)
(-135,-29,-371)
(-175,-11,-355)
(-185,-45,-351)
(-185,-97,-325)
(-210,-130,-272)
(-249,-103,-257)
(-295,-27,-227)
(-315,89,-199)
(-284,168,-140)
(-246,212,-86)
(-208,232,-30)
(-155,239,33)
(-121,231,53)
(-109,219,81)
(-92,210,104)
(-77,179,121)
(-55,143,137)
(-42,116,148)
(-42,108,138)
(-50,118,140)
(-86,170,124)
(-86,200,98)
(-95,229,77)
(-101,241,49)
(-98,262,12)
(-100,268,-6)
(-90,280,-44)
(-80,290,-74)
(-77,289,-97)
(-79,291,-81)
(-92,286,-88)
(-101,269,-57)
(-112,268,-8)
(-127,265,13)
(-135,249,1)
(-140,266,-22)
(-116,286,-78)
(-108,286,-106)
(-114,278,-62)
(-122,258,4)
(-152,230,34)
(-188,234,22)
(-185,243,-15)
(-155,271,-53)
(-146,276,-78)
(-162,260,-44)
(-184,232,14)
(-218,210,14)
(-245,203,-35)
(-236,238,-108)
(-203,245,-143)
(-211,247,-167)
(-210,236,-126)
(-227,229,-69)
(-241,209,-29)
(-258,194,-58)
(-246,216,-132)
(-220,228,-184)
(-202,232,-206)
(-221,227,-181)
(-245,205,-131)
(-279,177,-91)
(-303,143,-93)
(-314,98,-116)
(-323,49,-133)
(-320,2,-126)
(-321,-35,-115)
(-308,-66,-94)
(-286,-102,-70)
(-263,-133,-69)
(-237,-161,-69)
(-233,-169,-73)
(-232,-176,-94)
(-259,-151,-111)
(-294,-102,-126)
(-322,-48,-112)
(-320,18,-106)
(-331,75,-101)
(-309,111,-89)
(-291,159,-95)
(-268,184,-102)
(-251,205,-121)
(-246,216,-118)
(-253,209,-111)
(-272,192,-94)
(-286,158,-64)
(-299,119,-49)
(-307,79,-37)
(-300,48,-10)
(-306,14,2)
(-297,-25,-7)
(-295,-51,-19)
(-284,-80,-20)
(-282,-90,-32)
(-282,-104,-32)
(-273,-109,-43)
(-277,-123,-57)
(-265,-147,-61)
(-244,-152,-80)
(-239,-175,-111)
(-222,-176,-144)
(-231,-189,-157)
(-229,-187,-149)
(-218,-178,-152)
(-221,-187,-147)
(-230,-188,-134)
(-230,-182,-120)
(-246,-158,-110)
(-274,-138,-112)
(-304,-78,-100)
(-316,-42,-98)
(-318,-46,-134)
(-324,-22,-162)
(-321,13,-179)
(-309,45,-209)
(-304,62,-224)
(-276,58,-274)
(-272,50,-288)
(-200,18,-344)
(-153,19,-367)
(-113,13,-379)
(-73,-1,-381)
(-35,-17,-377)
(14,-12,-356)
(55,-21,-333)
(29,-13,-353)
(-29,-3,-377)
(-99,49,-379)
(-161,57,-363)
(-211,59,-329)
(-256,64,-298)
(-280,64,-250)
(-292,30,-226)
(-294,12,-240)
(-279,-3,-253)
(-286,-16,-238)
(-299,-31,-187)
(-308,-50,-176)
(-294,-40,-198)
(-300,-50,-202)
(-296,-52,-186)
(-301,-53,-193)
(-304,-50,-180)
(-309,-47,-175)
(-301,-49,-177)
(-308,-52,-168)
(-303,-45,-179)
(-316,-46,-168)
(-307,-43,-171)
(-307,-35,-175)
(-310,-34,-172)
