(85,-169,-195)
(85,-171,-203)
(89,-171,-203)
(85,-171,-197)
(86,-168,-200)
(90,-166,-192)
(91,-161,-199)
(85,-167,-201)
(87,-175,-203)
(80,-172,-202)
(81,-175,-201)
(78,-174,-196)
(81,-169,-201)
(79,-167,-201)
(80,-168,-190)
(83,-171,-189)
(69,-149,-157)
(78,-130,-138)
(79,-107,-115)
(94,-78,-90)
(113,-49,-87)
(114,-26,-82)
(127,-1,-77)
(134,12,-78)
(143,23,-75)
(153,31,-85)
(151,21,-67)
(162,12,-70)
(158,-16,-90)
(172,-50,-88)
(171,-73,-105)
(163,-113,-133)
(156,-138,-172)
(139,-147,-207)
(133,-169,-239)
(114,-176,-258)
(76,-180,-276)
(47,-185,-291)
(-4,-178,-296)
(-28,-168,-280)
(-56,-164,-268)
(-69,-137,-249)
(-72,-124,-216)
(-72,-112,-192)
(-70,-78,-152)
(-51,-65,-125)
(-31,-51,-101)
(-2,-44,-84)
(18,-32,-76)
(34,-14,-66)
(32,-18,-66)
(40,-40,-66)
(52,-64,-80)
(63,-87,-95)
(82,-110,-114)
(83,-137,-143)
(77,-165,-181)
(72,-176,-214)
(56,-184,-246)
(33,-187,-267)
(-4,-186,-288)
(-31,-173,-297)
(-59,-153,-289)
(-85,-135,-273)
(-97,-125,-249)
(-106,-94,-216)
(-104,-94,-204)
(-93,-73,-175)
(-83,-67,-157)
(-77,-37,-131)
(-66,-2,-108)
(-59,33,-91)
(-46,64,-84)
(-29,99,-83)
(-19,115,-97)
(-4,142,-90)
(6,150,-108)
(26,160,-98)
(39,153,-89)
(65,149,-87)
(79,141,-87)
(100,136,-88)
(121,127,-93)
(145,107,-83)
(168,98,-82)
(169,73,-85)
(189,59,-91)
(200,44,-100)
(201,29,-101)
(217,5,-109)
(220,-16,-126)
(221,-33,-131)
(219,-49,-149)
(227,-61,-167)
(225,-69,-165)
(224,-82,-174)
(209,-105,-183)
(200,-120,-202)
(184,-128,-206)
(166,-142,-218)
(159,-145,-221)
(146,-150,-220)
(118,-152,-192)
(100,-148,-176)
(78,-130,-140)
(57,-91,-111)
(50,-50,-78)
(47,-1,-59)
(48,32,-52)
(54,68,-66)
(60,114,-82)
(62,142,-94)
(72,164,-98)
(83,167,-107)
(89,177,-117)
(98,178,-126)
(113,179,-121)
(124,170,-120)
(129,171,-129)
(132,160,-126)
(150,152,-120)
(160,134,-110)
(179,135,-121)
(198,118,-122)
(204,108,-130)
(221,83,-135)
(231,59,-137)
(237,37,-149)
(243,-1,-157)
(237,-15,-159)
(221,-35,-163)
(224,-52,-172)
(211,-63,-171)
(202,-78,-168)
(188,-86,-178)
(180,-84,-162)
(181,-81,-151)
(180,-70,-142)
(190,-44,-138)
(173,-29,-137)
(169,-7,-121)
(166,-8,-108)
(156,-20,-102)
(137,-37,-103)
(109,-59,-99)
(107,-75,-101)
(96,-90,-110)
(113,-83,-109)
(108,-82,-118)
(98,-88,-102)
(97,-83,-101)
(90,-78,-104)
(94,-92,-112)
(102,-94,-110)
(86,-100,-108)
(81,-105,-109)
(78,-96,-106)
(80,-92,-92)
(70,-86,-96)
(50,-94,-94)
(20,-88,-86)
(5,-75,-79)
(-21,-55,-81)
(-25,-45,-75)
(-31,-31,-77)
(-36,-18,-66)
(-46,0,-86)
(-57,27,-95)
(-60,24,-100)
(-70,32,-88)
(-61,53,-73)
(-62,66,-76)
(-48,76,-66)
(-41,87,-65)
(-48,82,-76)
(-50,96,-74)
(-34,90,-66)
(-35,95,-59)
(-45,83,-67)
(-21,85,-63)
(-27,95,-69)
(1,93,-61)
(18,96,-52)
(35,81,-51)
(44,44,-30)
(58,12,-12)
(75,-3,-13)
(78,-12,-4)
(84,-24,-8)
(79,-35,-11)
(63,-29,-29)
(67,-29,-27)
(61,-33,-17)
(64,-20,-26)
(63,-31,-19)
(66,-24,-16)
(84,-14,-20)
(86,-4,-22)
(94,-4,-30)
(105,-7,-19)
(87,-9,-39)
(69,-7,-31)
(57,-11,-29)
(40,-8,-38)
(2,-14,-42)
(-42,-20,-58)
(-72,-14,-82)
(-98,-18,-102)
(-112,-22,-130)
(-120,-42,-152)
(-138,-46,-178)
(-138,-66,-208)
(-117,-91,-227)
(-118,-118,-242)
(-87,-137,-241)
(-60,-156,-248)
(-31,-167,-239)
(-10,-174,-236)
(18,-182,-234)
(40,-178,-228)
(52,-180,-224)
(69,-183,-217)
(100,-172,-222)
(117,-167,-209)
(141,-161,-211)
(176,-150,-220)
(207,-135,-225)
(221,-109,-261)
(250,-90,-282)
(259,-67,-329)
(252,-52,-348)
(248,-34,-376)
(235,-29,-399)
(230,-22,-420)
(208,-14,-430)
(194,-24,-452)
(171,-41,-463)
(158,-44,-466)
(139,-43,-477)
(112,-54,-472)
(94,-74,-468)
(85,-89,-457)
(73,-95,-455)
(81,-105,-447)
(68,-126,-418)
(65,-129,-405)
(46,-152,-384)
(43,-173,-351)
(24,-176,-338)
(18,-182,-306)
(17,-185,-279)
(16,-190,-244)
(22,-170,-210)
(19,-147,-169)
(24,-130,-132)
(35,-103,-117)
(44,-70,-84)
(55,-37,-61)
(61,9,-53)
(65,35,-49)
(79,81,-55)
(80,122,-62)
(89,161,-91)
(100,190,-110)
(84,216,-134)
(78,236,-158)
(52,252,-194)
(43,263,-217)
(32,266,-250)
(21,269,-293)
(11,271,-313)
(11,253,-359)
(-7,243,-377)
(-8,226,-394)
(-19,205,-423)
(-33,197,-425)
(-46,186,-436)
(-53,165,-447)
(-54,158,-444)
(-67,145,-453)
(-70,132,-454)
(-75,113,-447)
(-90,100,-458)
(-94,84,-448)
(-101,75,-441)
(-101,77,-449)
(-88,102,-450)
(-74,112,-460)
(-68,124,-456)
(-58,142,-454)
(-50,156,-454)
(-53,163,-437)
(-54,180,-430)
(-61,185,-415)
(-55,195,-401)
(-70,194,-394)
(-83,201,-373)
(-109,191,-355)
(-115,187,-343)
(-118,190,-328)
(-132,174,-308)
(-138,168,-286)
(-138,160,-268)
(-153,137,-261)
(-157,115,-257)
(-166,104,-248)
(-170,82,-244)
(-172,64,-242)
(-170,80,-242)
(-173,77,-255)
(-160,94,-254)
(-163,111,-253)
(-154,128,-262)
(-151,153,-265)
(-136,160,-268)
(-131,175,-281)
(-117,183,-305)
(-100,202,-310)
(-96,212,-326)
(-69,223,-339)
(-48,226,-368)
(-17,239,-379)
(-6,240,-386)
(27,237,-385)
(50,248,-394)
(68,226,-402)
(75,235,-395)
(95,223,-407)
(109,219,-409)
(123,211,-413)
(135,205,-411)
(143,193,-415)
(156,184,-422)
(170,184,-420)
(180,164,-430)
(185,153,-427)
(183,151,-419)
(201,137,-425)
(190,134,-428)
(190,138,-426)
(190,166,-412)
(168,190,-394)
(173,197,-373)
(157,221,-363)
(149,231,-343)
(137,233,-335)
(139,251,-313)
(135,257,-301)
(122,260,-282)
(114,266,-260)
(102,262,-234)
(98,256,-210)
(85,249,-189)
(88,230,-166)
(79,219,-131)
(62,194,-106)
(56,170,-82)
(60,138,-72)
(40,114,-62)
(46,90,-62)
(53,55,-53)
(51,25,-47)
(52,-6,-60)
(66,-38,-64)
(67,-79,-91)
(83,-109,-109)
(99,-131,-143)
(113,-149,-181)
(125,-157,-219)
(136,-164,-240)
(148,-160,-264)
(154,-150,-280)
(161,-159,-311)
(162,-146,-324)
(168,-130,-352)
(180,-128,-366)
(180,-112,-390)
(184,-96,-410)
(180,-80,-410)
(184,-74,-432)
(184,-48,-440)
(193,-37,-445)
(197,-13,-445)
(194,-14,-438)
(194,-10,-440)
(193,-9,-447)
(191,-15,-439)
(183,-35,-437)
(190,-66,-430)
(187,-103,-381)
(192,-122,-356)
(174,-142,-296)
(157,-149,-229)
(128,-138,-172)
(93,-119,-135)
(71,-87,-93)
(37,-59,-69)
(0,-20,-66)
(-26,12,-68)
(-45,41,-77)
(-70,64,-82)
(-89,91,-107)
(-92,120,-128)
(-102,156,-164)
(-101,173,-191)
(-107,191,-225)
(-107,203,-263)
(-89,209,-293)
(-81,227,-327)
(-64,228,-334)
(-48,236,-370)
(-26,240,-386)
(-17,231,-405)
(5,225,-417)
(25,215,-433)
(47,215,-437)
(57,201,-453)
(84,190,-456)
(99,185,-465)
(107,175,-467)
(121,173,-469)
(135,157,-467)
(144,156,-466)
(146,162,-466)
(155,147,-467)
(162,152,-462)
(132,168,-472)
(112,198,-452)
(90,228,-420)
(56,254,-378)
(27,263,-345)
(-4,260,-300)
(-46,254,-254)
(-65,217,-207)
(-60,202,-158)
(-64,168,-136)
(-56,150,-104)
(-41,147,-99)
(-40,166,-122)
(6,214,-142)
(19,237,-167)
(8,252,-226)
(2,258,-230)
(-27,251,-213)
(-44,216,-176)
(-57,191,-141)
(-71,163,-101)
(-71,115,-83)
(-64,98,-82)
(-78,82,-84)
(-62,94,-86)
(-44,142,-100)
(-30,168,-116)
(-28,202,-150)
(-26,222,-162)
(-32,216,-174)
(-47,209,-153)
(-59,169,-109)
(-50,134,-72)
(-53,97,-65)
(-50,94,-76)
(-36,114,-84)
(-26,162,-118)
(-7,207,-147)
(0,222,-170)
(-14,224,-170)
(-25,199,-129)
(-21,167,-109)
(-23,139,-61)
(1,101,-37)
(-1,75,-37)
(27,79,-61)
(33,137,-79)
(44,170,-106)
(41,173,-115)
(33,189,-125)
(16,186,-98)
(12,154,-56)
(18,122,-36)
(25,81,-21)
(14,54,-34)
(13,33,-43)
(5,61,-57)
(16,112,-80)
(20,158,-92)
(33,175,-93)
(21,181,-97)
(28,156,-68)
(27,129,-47)
(39,75,-29)
(34,30,-36)
(29,-11,-45)
(33,-29,-61)
(14,-28,-68)
(9,27,-65)
(13,75,-61)
(33,87,-47)
(45,77,-45)
(59,57,-35)
(52,24,-32)
(66,-10,-44)
(61,-41,-51)
(56,-68,-58)
(45,-71,-79)
(27,-61,-77)
(21,-35,-79)
(5,13,-65)
(17,59,-69)
(21,69,-61)
(59,61,-49)
(76,30,-40)
(80,-24,-40)
(94,-62,-60)
(90,-100,-88)
(68,-128,-118)
(47,-137,-137)
(34,-144,-158)
(-1,-115,-133)
(-6,-76,-104)
(-1,-41,-85)
(6,-42,-68)
(31,-69,-71)
(48,-94,-86)
(57,-123,-109)
(60,-148,-126)
(41,-163,-163)
(21,-155,-173)
(2,-124,-164)
(-31,-89,-137)
(-24,-78,-114)
(-14,-56,-92)
(15,-53,-83)
(41,-63,-69)
(53,-99,-95)
(69,-125,-117)
(78,-142,-142)
(77,-157,-171)
(74,-170,-208)
(55,-189,-235)
(23,-177,-237)
(1,-169,-203)
(-14,-144,-166)
(-2,-104,-130)
(21,-115,-123)
(57,-123,-121)
(81,-141,-141)
(97,-153,-161)
(92,-170,-194)
(86,-186,-240)
(74,-184,-268)
(61,-189,-287)
(35,-185,-269)
(1,-165,-205)
(-7,-137,-153)
(23,-129,-147)
(52,-148,-148)
(77,-163,-173)
(98,-174,-208)
(100,-184,-232)
(94,-176,-268)
(94,-176,-310)
(78,-180,-322)
(47,-187,-327)
(36,-192,-298)
(14,-176,-230)
(25,-169,-209)
(50,-168,-198)
(84,-180,-212)
(111,-175,-219)
(125,-175,-251)
(123,-171,-281)
(129,-167,-305)
(122,-158,-336)
(117,-163,-355)
(94,-180,-340)
(61,-187,-293)
(33,-185,-257)
(38,-188,-246)
(56,-178,-216)
(98,-182,-216)
(136,-166,-244)
(149,-155,-267)
(150,-164,-294)
(146,-148,-326)
(143,-149,-357)
(137,-143,-375)
(134,-140,-380)
(136,-142,-392)
(133,-151,-379)
(141,-157,-361)
(147,-161,-335)
(148,-158,-324)
(145,-167,-307)
(155,-167,-293)
(129,-175,-243)
(102,-172,-210)
(83,-165,-171)
(59,-141,-135)
(20,-122,-118)
(-17,-65,-87)
(-36,-30,-74)
(-54,20,-78)
(-58,46,-88)
(-59,69,-91)
(-69,95,-93)
(-60,104,-102)
(-54,146,-116)
(-52,172,-130)
(-49,191,-155)
(-46,208,-176)
(-49,229,-185)
(-36,228,-192)
(-32,224,-190)
(-40,232,-186)
(-32,214,-174)
(-38,210,-156)
(-38,194,-130)
(-26,172,-112)
(-22,144,-100)
(-13,131,-85)
(-7,111,-75)
(15,91,-67)
(39,71,-53)
(63,35,-53)
(95,-1,-63)
(121,-27,-77)
(160,-62,-112)
(219,-75,-169)
(237,-83,-219)
(238,-82,-282)
(237,-73,-315)
(236,-74,-344)
(235,-55,-359)
(222,-48,-380)
(215,-27,-403)
(218,-14,-418)
(204,8,-424)
(192,32,-438)
(185,57,-439)
(171,83,-453)
(150,96,-458)
(138,108,-448)
(126,118,-450)
(102,136,-448)
(94,134,-446)
(92,146,-436)
(98,156,-416)
(100,164,-414)
(101,171,-413)
(105,185,-399)
(112,186,-400)
(117,189,-395)
(120,196,-386)
(124,204,-382)
(130,216,-384)
(131,219,-377)
(140,222,-372)
(152,226,-370)
(141,219,-363)
(138,216,-354)
(140,210,-362)
(145,213,-361)
(137,213,-371)
(137,205,-369)
(141,207,-373)
(127,203,-381)
(137,187,-409)
(133,167,-407)
(132,156,-418)
(141,123,-439)
(152,108,-448)
(154,98,-458)
(163,67,-455)
(175,49,-459)
(192,14,-456)
(200,-34,-432)
(207,-75,-421)
(206,-92,-384)
(207,-95,-399)
(198,-58,-422)
(189,-17,-455)
(172,16,-442)
(173,47,-459)
(172,54,-446)
(176,58,-456)
(171,19,-465)
(170,-42,-470)
(169,-79,-443)
(169,-55,-453)
(162,6,-474)
(151,45,-463)
(143,83,-459)
(151,101,-457)
(159,93,-461)
(158,72,-472)
(137,61,-477)
(132,28,-488)
(119,-1,-497)
(95,-9,-485)
(99,9,-497)
(106,38,-490)
(106,60,-486)
(112,62,-478)
(123,69,-485)
(132,54,-474)
(134,38,-484)
(132,0,-490)
(92,-40,-484)
(56,-58,-480)
(40,-72,-478)
(38,-70,-486)
(38,-54,-478)
(50,-18,-486)
(55,1,-489)
(77,13,-493)
(81,19,-503)
(83,17,-495)
(70,-4,-500)
(49,-45,-495)
(26,-78,-484)
(2,-96,-468)
(-5,-105,-455)
(6,-94,-458)
(24,-66,-472)
(39,-33,-493)
(62,-4,-498)
(59,7,-495)
(69,11,-505)
(76,8,-498)
(68,-6,-502)
(53,-53,-493)
(40,-78,-484)
(32,-112,-468)
(31,-131,-439)
(47,-123,-437)
(53,-115,-451)
(63,-73,-473)
(71,-41,-487)
(75,-11,-499)
(74,-12,-494)
(73,-15,-489)
(80,-8,-492)
(67,-47,-491)
(50,-64,-486)
(41,-75,-473)
(40,-84,-460)
(36,-96,-466)
(43,-77,-473)
(50,-60,-474)
(52,-50,-480)
(55,-15,-491)
(59,3,-499)
(63,19,-497)
(58,18,-510)
(56,34,-498)
(65,29,-501)
(50,20,-498)
(48,24,-492)
(49,5,-493)
(48,-14,-498)
(28,-50,-500)
(21,-79,-477)
(22,-106,-456)
(20,-102,-452)
(26,-72,-470)
(47,-35,-489)
(65,-11,-499)
(57,-1,-497)
(59,15,-501)
(53,15,-493)
(57,21,-489)
(34,28,-494)
(42,24,-492)
(24,-2,-500)
(14,-36,-490)
(-2,-76,-466)
(-3,-101,-457)
(0,-110,-438)
(-3,-113,-447)
(12,-94,-450)
(8,-76,-476)
(27,-51,-489)
(30,-30,-502)
(39,-23,-501)
(34,-8,-504)
(36,4,-508)
(31,9,-497)
(22,24,-492)
(20,14,-492)
(-1,-29,-493)
(-20,-62,-466)
(-34,-92,-454)
(-33,-119,-429)
(-21,-107,-423)
(-5,-95,-439)
(-5,-73,-451)
(5,-41,-477)
(18,-4,-492)
(25,11,-495)
(32,22,-500)
(29,35,-499)
(21,45,-497)
(14,42,-488)
(11,39,-487)
(15,37,-489)
(5,19,-489)
(9,-9,-501)
(-3,-29,-491)
(1,-61,-493)
(8,-72,-488)
(12,-66,-476)
(16,-50,-482)
(16,-36,-492)
(21,-13,-489)
(12,4,-498)
(14,26,-486)
(16,34,-490)
(6,54,-486)
(4,50,-488)
(-5,55,-483)
(-5,57,-485)
(-15,33,-477)
(-19,21,-493)
(-32,-40,-490)
(-42,-70,-458)
(-49,-95,-445)
(-25,-105,-441)
(-21,-95,-447)
(-9,-69,-467)
(-8,-44,-482)
(-2,-18,-486)
(1,-7,-485)
(-14,18,-484)
(-4,24,-492)
(-18,42,-482)
(-27,29,-481)
(-32,30,-480)
(-38,34,-468)
(-44,28,-472)
(-52,-12,-468)
(-60,-56,-454)
(-69,-77,-431)
(-59,-97,-431)
(-28,-94,-440)
(-12,-88,-462)
(-4,-60,-464)
(2,-36,-472)
(3,-1,-481)
(-12,14,-484)
(-3,33,-491)
(-3,23,-481)
(-15,29,-473)
(-31,-3,-483)
(-35,-27,-473)
(-42,-56,-464)
(-41,-75,-453)
(-32,-90,-452)
(-18,-86,-454)
(8,-72,-472)
(28,-58,-480)
(34,-54,-474)
(45,-43,-489)
(57,-39,-495)
(56,-30,-488)
(58,-10,-494)
(54,6,-486)
(52,22,-482)
(40,38,-488)
(51,43,-487)
(44,46,-482)
(37,37,-491)
(33,15,-499)
(28,2,-490)
(25,-13,-497)
(22,-18,-488)
(15,-37,-483)
(-1,-49,-481)
(-14,-62,-462)
(-34,-78,-450)
(-53,-83,-425)
(-63,-107,-399)
(-62,-112,-378)
(-68,-122,-368)
(-59,-131,-349)
(-63,-123,-349)
(-64,-126,-362)
(-69,-125,-377)
(-54,-102,-410)
(-40,-78,-432)
(-23,-57,-463)
(-4,-38,-478)
(18,-10,-484)
(23,-9,-485)
(44,14,-486)
(44,12,-482)
(47,13,-485)
(49,21,-489)
(52,20,-484)
(51,25,-479)
(47,21,-479)
(61,3,-479)
(57,-7,-481)
(65,-9,-497)
(46,-30,-494)
(41,-19,-499)
(37,-37,-485)
(33,-41,-485)
(20,-20,-482)
(27,-3,-481)
(31,21,-485)
(29,47,-475)
(24,74,-474)
(39,77,-467)
(30,82,-462)
(27,79,-467)
(20,58,-468)
(-11,17,-475)
(-36,0,-470)
(-33,5,-463)
(-44,34,-464)
(-37,65,-449)
(-50,96,-438)
(-48,124,-434)
(-59,129,-421)
(-54,150,-422)
(-66,152,-408)
(-80,146,-408)
(-96,134,-398)
(-120,116,-384)
(-134,130,-344)
(-125,145,-339)
(-127,165,-347)
(-106,180,-348)
(-86,188,-360)
(-86,180,-376)
(-100,156,-382)
(-122,148,-342)
(-137,127,-335)
(-148,110,-320)
(-150,112,-322)
(-152,116,-320)
(-147,135,-309)
(-131,159,-315)
(-118,168,-306)
(-103,181,-329)
(-111,173,-333)
(-131,143,-331)
(-139,139,-317)
(-154,114,-326)
(-155,109,-323)
(-151,101,-321)
(-151,111,-329)
(-141,133,-321)
(-126,154,-334)
(-118,166,-342)
(-101,169,-361)
(-108,172,-358)
(-129,143,-355)
(-154,116,-310)
(-159,105,-299)
(-160,102,-286)
(-165,109,-293)
(-151,129,-291)
(-152,154,-306)
(-135,157,-329)
(-123,165,-325)
(-143,139,-339)
(-164,124,-300)
(-161,105,-295)
(-173,77,-279)
(-177,77,-283)
(-164,94,-294)
(-157,119,-303)
(-146,140,-330)
(-129,149,-335)
(-136,150,-350)
(-145,139,-335)
(-157,103,-323)
(-160,88,-304)
(-174,78,-314)
(-172,84,-316)
(-159,113,-319)
(-151,135,-325)
(-138,146,-340)
(-132,138,-336)
(-148,118,-334)
(-157,93,-307)
(-169,75,-287)
(-174,72,-298)
(-172,80,-308)
(-162,98,-304)
(-163,117,-317)
(-152,124,-334)
(-136,130,-356)
(-137,145,-357)
(-146,114,-348)
(-165,83,-309)
(-177,61,-295)
(-172,48,-294)
(-171,55,-313)
(-167,63,-323)
(-162,84,-344)
(-154,98,-352)
(-143,103,-357)
(-152,108,-360)
(-160,84,-318)
(-179,53,-291)
(-164,20,-284)
(-165,9,-307)
(-162,-22,-332)
(-136,-8,-368)
(-118,0,-412)
(-108,22,-424)
(-103,29,-433)
(-114,36,-430)
(-126,26,-422)
(-131,7,-401)
(-129,-19,-363)
(-135,-57,-339)
(-119,-73,-331)
(-102,-92,-366)
(-88,-72,-400)
(-68,-54,-424)
(-60,-18,-450)
(-57,-7,-449)
(-84,-20,-444)
(-95,-35,-425)
(-101,-69,-391)
(-95,-97,-371)
(-76,-90,-376)
(-63,-95,-393)
(-52,-78,-426)
(-52,-54,-450)
(-47,-37,-453)
(-49,-21,-451)
(-59,-17,-447)
(-59,-23,-445)
(-74,-44,-430)
(-80,-48,-430)
(-90,-72,-410)
(-89,-91,-379)
(-86,-124,-366)
(-47,-125,-371)
(-25,-125,-385)
(-29,-97,-413)
(-19,-61,-461)
(-18,-18,-462)
(-30,-18,-460)
(-19,5,-469)
(-38,0,-466)
(-29,7,-469)
(-47,-1,-465)
(-58,-4,-454)
(-86,-14,-446)
(-102,-20,-434)
(-110,-46,-406)
(-113,-53,-387)
(-115,-67,-373)
(-110,-82,-366)
(-103,-85,-367)
(-84,-80,-406)
(-56,-84,-420)
(-47,-69,-447)
(-30,-38,-450)
(-35,-19,-463)
(-20,2,-462)
(-32,22,-462)
(-31,27,-463)
(-37,37,-461)
(-44,42,-454)
(-67,35,-443)
(-71,27,-433)
(-82,24,-430)
(-88,26,-430)
(-91,31,-427)
(-95,27,-417)
(-102,34,-416)
(-106,24,-396)
(-123,19,-385)
(-134,12,-370)
(-135,9,-365)
(-136,2,-370)
(-132,6,-364)
(-136,0,-356)
(-136,-2,-350)
(-142,-14,-346)
(-138,-20,-348)
(-146,-8,-332)
(-135,-11,-339)
(-148,4,-342)
(-150,-4,-348)
(-157,-5,-349)
(-155,-3,-357)
(-151,-3,-365)
(-153,-3,-365)
(-153,-1,-365)
(-157,-1,-365)
(-156,-14,-364)
(-160,-16,-372)
(-149,-23,-373)
(-144,-26,-374)
(-138,-44,-372)
(-138,-46,-356)
(-138,-56,-348)
(-137,-67,-343)
(-128,-78,-320)
(-125,-91,-305)
(-121,-89,-281)
(-130,-86,-280)
(-119,-81,-269)
(-128,-80,-264)
(-134,-66,-254)
(-137,-69,-259)
(-154,-48,-256)
(-147,-43,-261)
(-157,-31,-261)
(-151,-39,-267)
(-155,-49,-265)
(-150,-56,-266)
(-139,-63,-269)
(-127,-81,-281)
(-119,-97,-283)
(-109,-115,-293)
(-100,-122,-324)
(-97,-117,-337)
(-92,-106,-358)
(-80,-96,-390)
(-74,-88,-398)
(-75,-87,-417)
(-57,-81,-429)
(-59,-75,-439)
(-51,-55,-439)
(-47,-49,-455)
(-45,-31,-471)
(-37,-45,-469)
(-48,-34,-466)
(-49,-55,-443)
(-77,-73,-423)
(-87,-103,-393)
(-75,-125,-361)
(-78,-134,-342)
(-64,-146,-326)
(-60,-148,-312)
(-42,-154,-292)
(-28,-162,-294)
(-14,-168,-296)
(-1,-177,-287)
(23,-179,-283)
(29,-183,-281)
(31,-185,-287)
(18,-176,-302)
(-1,-175,-309)
(-5,-167,-327)
(-15,-153,-345)
(-15,-155,-359)
(-31,-135,-373)
(-39,-123,-399)
(-36,-116,-416)
(-38,-80,-428)
(-41,-67,-449)
(-33,-39,-467)
(-35,-13,-467)
(-22,-4,-484)
(-6,6,-482)
(-13,11,-485)
(-11,7,-489)
(-2,-6,-490)
(-6,-18,-482)
(-23,-27,-467)
(-21,-51,-463)
(-30,-62,-454)
(-35,-85,-439)
(-34,-102,-420)
(-29,-123,-395)
(-19,-155,-377)
(-2,-152,-356)
(17,-169,-343)
(25,-177,-329)
(58,-178,-302)
(69,-189,-285)
(89,-189,-275)
(97,-173,-269)
(96,-176,-264)
(92,-174,-264)
(94,-184,-254)
(84,-178,-268)
(77,-173,-275)
(67,-181,-275)
(41,-181,-295)
(25,-183,-285)
(17,-177,-315)
(2,-180,-320)
(-6,-154,-332)
(-14,-158,-356)
(-27,-133,-373)
(-36,-134,-392)
(-27,-115,-413)
(-34,-88,-422)
(-27,-79,-451)
(-12,-54,-458)
(3,-25,-467)
(18,-8,-484)
(18,-4,-488)
(34,6,-490)
(28,4,-492)
(23,-5,-501)
(17,-7,-487)
(8,-30,-484)
(-3,-47,-465)
(-18,-72,-448)
(-29,-101,-427)
(-32,-126,-394)
(-14,-144,-360)
(-7,-157,-333)
(5,-177,-301)
(24,-182,-286)
(40,-178,-266)
(53,-187,-261)
(86,-184,-232)
(96,-172,-214)
(129,-165,-203)
(134,-150,-194)
(139,-141,-167)
(134,-134,-156)
(135,-131,-135)
(136,-120,-142)
(143,-111,-113)
(148,-80,-102)
(177,-49,-89)
(175,-33,-81)
(189,17,-87)
(199,31,-87)
(190,84,-96)
(178,134,-104)
(177,165,-121)
(152,206,-142)
(137,227,-173)
(124,240,-180)
(94,264,-216)
(52,280,-242)
(19,271,-269)
(-3,263,-275)
(-35,249,-279)
(-76,212,-254)
(-112,186,-208)
(-121,139,-153)
(-106,68,-108)
(-108,24,-90)
(-102,-8,-96)
(-98,-38,-98)
(-86,-54,-92)
(-82,-68,-104)
(-81,-49,-113)
(-88,-20,-100)
(-99,17,-91)
(-87,69,-85)
(-73,131,-109)
(-62,174,-134)
(-70,190,-154)
(-74,182,-160)
(-92,162,-176)
(-111,155,-163)
(-117,113,-153)
(-129,79,-137)
(-130,34,-128)
(-125,9,-125)
(-123,-37,-141)
(-128,-42,-158)
(-130,-54,-172)
(-132,-52,-176)
(-141,-27,-165)
(-145,5,-159)
(-128,56,-146)
(-123,143,-175)
(-109,159,-189)
(-103,167,-197)
(-126,150,-186)
(-139,99,-155)
(-138,52,-136)
(-140,36,-136)
(-129,-11,-137)
(-131,-51,-147)
(-121,-75,-163)
(-110,-90,-178)
(-111,-91,-193)
(-131,-79,-213)
(-142,-60,-226)
(-159,-13,-213)
(-166,38,-212)
(-157,81,-217)
(-149,103,-215)
(-143,103,-211)
(-152,82,-192)
(-145,37,-171)
(-132,-18,-150)
(-120,-62,-148)
(-112,-82,-158)
(-121,-89,-189)
(-120,-92,-212)
(-140,-78,-226)
(-153,-49,-235)
(-164,-10,-232)
(-178,30,-234)
(-175,67,-241)
(-166,92,-232)
(-152,102,-222)
(-166,80,-210)
(-147,37,-179)
(-144,-8,-164)
(-130,-60,-152)
(-108,-80,-162)
(-109,-97,-179)
(-105,-109,-205)
(-116,-114,-234)
(-138,-86,-256)
(-157,-49,-265)
(-168,-8,-262)
(-181,17,-257)
(-183,43,-245)
(-171,49,-237)
(-163,45,-209)
(-156,8,-182)
(-137,-31,-161)
(-110,-84,-156)
(-104,-96,-156)
(-83,-113,-177)
(-86,-126,-200)
(-102,-114,-238)
(-131,-95,-269)
(-159,-67,-269)
(-169,-27,-267)
(-184,26,-252)
(-178,64,-238)
(-163,69,-225)
(-161,57,-201)
(-143,25,-161)
(-129,-19,-139)
(-94,-66,-126)
(-65,-103,-135)
(-61,-137,-167)
(-35,-155,-185)
(-25,-167,-229)
(-23,-177,-277)
(-13,-171,-327)
(-6,-152,-374)
(0,-140,-410)
(-2,-108,-428)
(-5,-89,-447)
(3,-63,-459)
(1,-53,-459)
(-1,-57,-439)
(-14,-74,-436)
(-15,-81,-439)
(-10,-72,-422)
(-9,-83,-419)
(-11,-91,-425)
(-7,-89,-429)
(7,-89,-429)
(-9,-85,-427)
(-32,-84,-426)
(-54,-78,-416)
(-78,-82,-406)
(-85,-65,-407)
(-89,-73,-409)
(-74,-66,-412)
(-70,-94,-404)
(-84,-110,-396)
(-106,-110,-364)
(-135,-91,-335)
(-153,-69,-311)
(-163,-51,-307)
(-174,-32,-286)
(-167,-9,-277)
(-174,12,-280)
(-179,45,-285)
(-182,64,-302)
(-163,95,-309)
(-168,126,-332)
(-144,154,-346)
(-120,186,-362)
(-89,201,-379)
(-55,219,-391)
(-25,239,-395)
(12,252,-382)
(52,264,-350)
(93,267,-337)
(120,264,-300)
(139,259,-273)
(151,251,-243)
(171,235,-213)
(188,200,-162)
(188,172,-138)
(197,145,-129)
(195,111,-107)
(188,78,-100)
(191,41,-99)
(170,-8,-96)
(172,-26,-102)
(152,-72,-108)
(143,-103,-117)
(132,-118,-136)
(119,-137,-159)
(114,-152,-180)
(73,-175,-215)
(66,-178,-240)
(58,-186,-254)
(38,-186,-268)
(22,-190,-284)
(14,-186,-274)
(-18,-178,-292)
(-50,-164,-280)
(-96,-132,-278)
(-125,-111,-287)
(-136,-94,-288)
(-168,-44,-276)
(-180,0,-262)
(-179,31,-251)
(-177,43,-239)
(-178,68,-228)
(-168,68,-222)
(-161,75,-209)
(-147,51,-169)
(-106,8,-118)
(-79,-43,-95)
(-65,-53,-91)
(-75,-67,-101)
(-103,-47,-125)
(-115,-15,-123)
(-121,13,-113)
(-119,71,-121)
(-101,109,-121)
(-105,131,-137)
(-92,122,-140)
(-115,107,-131)
(-120,46,-120)
(-108,10,-98)
(-85,-25,-93)
(-83,-27,-85)
(-103,-3,-81)
(-99,49,-103)
(-99,107,-103)
(-75,155,-131)
(-64,188,-162)
(-77,211,-203)
(-106,176,-200)
(-121,163,-179)
(-137,95,-149)
(-127,53,-119)
(-125,35,-107)
(-121,31,-99)
(-107,59,-99)
(-97,69,-97)
(-83,143,-117)
(-58,196,-162)
(-56,214,-196)
(-88,202,-198)
(-114,178,-192)
(-131,119,-141)
(-128,106,-126)
(-116,50,-94)
(-112,28,-94)
(-111,11,-97)
(-117,21,-99)
(-99,39,-91)
(-90,72,-98)
(-84,124,-112)
(-82,146,-122)
(-78,146,-126)
(-82,178,-156)
(-104,174,-180)
(-115,159,-183)
(-133,133,-189)
(-135,111,-165)
(-133,73,-145)
(-122,44,-112)
(-107,15,-95)
(-99,11,-85)
(-92,-12,-74)
(-87,-19,-79)
(-76,-20,-74)
(-78,-6,-72)
(-81,17,-77)
(-73,59,-81)
(-61,101,-73)
(-53,127,-95)
(-51,163,-111)
(-51,199,-135)
(-55,217,-161)
(-57,219,-189)
(-80,208,-202)
(-126,158,-182)
(-135,105,-141)
(-121,87,-99)
(-103,43,-83)
(-86,20,-64)
(-80,-8,-66)
(-77,-33,-77)
(-79,-45,-85)
(-91,-41,-99)
(-100,-14,-110)
(-109,33,-117)
(-101,95,-121)
(-93,129,-131)
(-94,136,-150)
(-94,134,-152)
(-101,129,-145)
(-92,112,-126)
(-91,81,-117)
(-84,48,-82)
(-71,19,-83)
(-38,-44,-62)
(-17,-87,-79)
(-28,-114,-124)
(-56,-120,-172)
(-80,-108,-172)
(-102,-84,-154)
(-113,-51,-151)
(-128,-20,-146)
(-122,4,-126)
(-120,38,-126)
(-124,46,-128)
(-132,46,-138)
(-127,31,-129)
(-76,-18,-92)
(-21,-59,-75)
(-6,-88,-82)
(18,-112,-94)
(19,-121,-105)
(8,-146,-146)
(-9,-145,-169)
(-65,-147,-223)
(-92,-132,-254)
(-123,-105,-249)
(-130,-98,-240)
(-160,-46,-258)
(-172,-16,-274)
(-185,17,-289)
(-180,44,-294)
(-176,82,-296)
(-175,93,-309)
(-163,123,-317)
(-147,145,-329)
(-150,138,-338)
(-146,144,-344)
(-155,127,-345)
(-160,108,-280)
(-165,95,-249)
(-167,83,-201)
(-141,59,-153)
(-133,57,-139)
(-101,21,-85)
(-70,-14,-64)
(-28,-38,-52)
(15,-61,-61)
(38,-92,-76)
(59,-93,-87)
(69,-127,-119)
(50,-154,-152)
(35,-165,-207)
(21,-181,-251)
(20,-184,-258)
(13,-181,-303)
(1,-169,-335)
(-12,-154,-358)
(-9,-145,-383)
(-16,-136,-396)
(-31,-115,-417)
(-25,-107,-419)
(-34,-76,-446)
(-22,-38,-472)
(-18,-20,-488)
(-16,-12,-488)
(-19,11,-499)
(-13,7,-493)
(-26,12,-492)
(-25,15,-499)
(-51,5,-483)
(-60,12,-478)
(-91,27,-467)
(-93,21,-459)
(-117,33,-443)
(-129,33,-423)
(-150,36,-392)
(-164,14,-340)
(-178,36,-336)
(-176,28,-276)
(-176,30,-260)
(-165,13,-207)
(-140,6,-164)
(-127,3,-137)
(-76,-14,-104)
(-46,-30,-84)
(-6,-70,-76)
(14,-82,-78)
(53,-115,-95)
(49,-131,-113)
(52,-148,-152)
(50,-158,-174)
(34,-184,-240)
(35,-181,-249)
(18,-176,-298)
(14,-168,-328)
(18,-158,-342)
(10,-154,-368)
(13,-139,-385)
(1,-127,-409)
(5,-119,-405)
(-6,-110,-428)
(-10,-96,-434)
(5,-71,-451)
(3,-51,-469)
(19,-15,-487)
(22,-4,-490)
(38,16,-490)
(45,15,-495)
(43,11,-493)
(44,0,-500)
(47,-13,-501)
(42,-16,-496)
(38,-26,-498)
(46,-34,-494)
(36,-30,-488)
(28,-36,-492)
(-2,-46,-482)
(-21,-61,-483)
(-95,-57,-441)
(-113,-65,-419)
(-147,-63,-365)
(-157,-51,-311)
(-162,-46,-268)
(-155,-37,-223)
(-139,-35,-177)
(-126,-44,-160)
(-83,-59,-115)
(-69,-79,-109)
(-18,-102,-94)
(20,-134,-128)
(32,-144,-140)
(43,-159,-161)
(37,-175,-209)
(40,-182,-226)
(31,-187,-279)
(38,-186,-298)
(27,-159,-371)
(17,-141,-403)
(11,-125,-421)
(2,-94,-438)
(13,-91,-439)
(8,-56,-474)
(19,-25,-483)
(38,-4,-492)
(49,21,-501)
(64,32,-490)
(64,36,-492)
(79,33,-485)
(88,42,-486)
(108,40,-480)
(112,46,-476)
(135,13,-469)
(143,11,-469)
(145,-35,-475)
(138,-28,-476)
(110,-80,-474)
(97,-93,-463)
(58,-106,-464)
(22,-110,-448)
(10,-120,-448)
(-38,-128,-416)
(-40,-124,-410)
(-65,-123,-387)
(-82,-130,-374)
(-104,-126,-348)
(-97,-127,-333)
(-103,-125,-279)
(-96,-132,-256)
(-64,-136,-214)
(-51,-149,-221)
(-36,-152,-244)
(-29,-167,-293)
(-38,-146,-360)
(-26,-138,-370)
(-26,-112,-418)
(-24,-90,-430)
(-5,-65,-461)
(-5,-57,-465)
(8,-32,-470)
(13,-17,-489)
(35,7,-487)
(47,23,-483)
(65,49,-485)
(78,60,-490)
(81,49,-481)
(95,49,-479)
(108,64,-478)
(110,70,-478)
(131,55,-465)
(132,44,-464)
(151,9,-475)
(145,-15,-469)
(138,-62,-462)
(139,-75,-457)
(130,-90,-452)
(110,-100,-454)
(94,-136,-426)
(66,-150,-412)
(48,-156,-400)
(1,-167,-385)
(-15,-163,-377)
(-60,-150,-354)
(-54,-150,-340)
(-68,-148,-312)
(-83,-143,-293)
(-85,-137,-263)
(-83,-131,-219)
(-75,-131,-203)
(-37,-127,-161)
(-33,-139,-155)
(24,-156,-154)
(42,-144,-156)
(79,-155,-163)
(95,-157,-157)
(142,-134,-182)
(147,-143,-191)
(196,-122,-196)
(232,-74,-220)
(256,-42,-224)
(268,-22,-234)
(282,10,-240)
(280,42,-248)
(283,49,-245)
(283,75,-241)
(282,80,-228)
(278,106,-232)
(255,125,-213)
(244,134,-218)
(244,150,-220)
(251,155,-215)
(243,149,-215)
(251,143,-215)
(250,134,-218)
(245,133,-207)
(243,137,-209)
(232,148,-196)
(233,147,-187)
(219,165,-167)
(207,159,-157)
(182,170,-146)
(176,180,-148)
(128,180,-116)
(81,193,-115)
(74,190,-116)
(14,202,-140)
(-6,204,-154)
(-59,205,-173)
(-74,196,-176)
(-111,185,-237)
(-139,159,-273)
(-150,154,-282)
(-153,125,-329)
(-158,116,-338)
(-160,96,-364)
(-151,91,-379)
(-148,74,-392)
(-142,64,-404)
(-137,57,-405)
(-138,50,-416)
(-131,51,-411)
(-136,56,-398)
(-138,60,-406)
(-136,64,-410)
(-134,62,-402)
(-148,72,-396)
(-152,92,-386)
(-141,103,-383)
(-142,138,-372)
(-133,169,-341)
(-118,172,-342)
(-110,186,-330)
(-96,208,-328)
(-101,203,-317)
(-87,219,-303)
(-90,210,-300)
(-72,224,-276)
(-58,234,-284)
(-63,239,-281)
(-71,227,-287)
(-78,224,-310)
(-92,212,-340)
(-96,200,-346)
(-113,177,-369)
(-112,170,-382)
(-107,157,-393)
(-108,152,-400)
(-120,122,-414)
(-120,116,-414)
(-114,140,-410)
(-121,149,-401)
(-117,157,-391)
(-100,192,-368)
(-95,203,-365)
(-87,207,-343)
(-88,210,-340)
(-102,200,-320)
(-104,200,-312)
(-99,207,-287)
(-88,218,-252)
(-63,223,-211)
(-60,216,-196)
(-46,224,-178)
(-43,217,-165)
(-17,221,-163)
(4,224,-154)
(24,218,-124)
(41,201,-123)
(64,200,-114)
(77,191,-105)
(84,182,-98)
(107,173,-91)
(114,166,-94)
(137,147,-95)
(159,139,-95)
(157,137,-103)
(191,113,-107)
(208,90,-126)
(216,74,-126)
(212,56,-134)
(221,43,-131)
(215,55,-121)
(189,69,-113)
(185,73,-101)
(161,113,-89)
(134,136,-86)
(118,148,-76)
(82,188,-86)
(67,201,-101)
(14,216,-134)
(-10,220,-142)
(-54,226,-196)
(-68,216,-204)
(-100,206,-256)
(-120,188,-300)
(-128,166,-328)
(-136,152,-362)
(-128,130,-392)
(-136,96,-402)
(-129,93,-419)
(-120,58,-426)
(-121,47,-419)
(-126,14,-420)
(-128,10,-408)
(-131,-15,-401)
(-125,-23,-391)
(-136,-46,-376)
(-127,-55,-367)
(-130,-68,-352)
(-126,-68,-350)
(-131,-61,-355)
(-142,-54,-348)
(-140,-48,-352)
(-145,-31,-365)
(-150,-20,-362)
(-151,-5,-359)
(-158,-2,-350)
(-150,-4,-354)
(-158,-6,-358)
(-150,2,-360)
(-154,2,-350)
(-160,-14,-352)
(-145,-31,-357)
(-153,-27,-351)
(-146,-24,-338)
(-149,-13,-337)
(-168,-16,-318)
(-168,-10,-316)
(-168,-2,-306)
(-173,17,-283)
(-166,28,-276)
(-179,33,-263)
(-173,31,-263)
(-175,39,-255)
(-176,50,-242)
(-165,51,-231)
(-172,66,-228)
(-163,59,-221)
(-165,57,-229)
(-162,60,-252)
(-178,38,-270)
(-172,26,-274)
(-161,-21,-299)
(-153,-47,-317)
(-144,-68,-326)
(-140,-76,-332)
(-134,-70,-324)
(-152,-40,-330)
(-162,-6,-334)
(-165,7,-329)
(-177,29,-327)
(-162,0,-290)
(-169,-19,-277)
(-151,-43,-269)
(-157,-43,-265)
(-160,-48,-284)
(-169,-27,-313)
(-166,2,-294)
(-174,30,-304)
(-171,43,-311)
(-168,38,-310)
(-175,27,-293)
(-167,-11,-279)
(-160,-32,-268)
(-163,-27,-281)
(-171,-19,-285)
(-174,36,-296)
(-176,58,-318)
(-168,68,-310)
(-167,73,-303)
(-170,54,-288)
(-179,15,-267)
(-160,-12,-244)
(-170,-18,-244)
(-182,6,-260)
(-181,41,-277)
(-168,74,-302)
(-167,93,-309)
(-167,79,-307)
(-175,33,-263)
(-176,-6,-260)
(-171,-13,-253)
(-165,-17,-253)
(-180,10,-274)
(-177,41,-289)
(-174,68,-294)
(-170,72,-296)
(-180,64,-268)
(-170,32,-248)
(-169,-5,-235)
(-150,-50,-232)
(-139,-63,-237)
(-125,-93,-257)
(-101,-131,-273)
(-86,-144,-276)
(-57,-157,-313)
(-46,-162,-340)
(-22,-154,-380)
(-17,-153,-383)
(-13,-151,-387)
(-15,-155,-397)
(-27,-141,-395)
(-50,-134,-388)
(-67,-127,-383)
(-96,-110,-382)
(-110,-92,-374)
(-142,-78,-358)
(-156,-50,-348)
(-162,-48,-342)
(-157,-31,-327)
(-152,-48,-316)
(-147,-65,-315)
(-133,-83,-323)
(-123,-89,-349)
(-108,-102,-350)
(-110,-100,-372)
(-121,-79,-379)
(-137,-63,-361)
(-160,-16,-342)
(-170,-2,-322)
(-161,-35,-281)
(-148,-60,-268)
(-138,-82,-278)
(-140,-68,-298)
(-144,-66,-310)
(-162,-32,-332)
(-168,-12,-346)
(-168,-4,-350)
(-170,8,-330)
(-164,-30,-282)
(-161,-57,-275)
(-154,-68,-276)
(-147,-69,-289)
(-160,-44,-316)
(-164,-10,-334)
(-166,16,-354)
(-164,20,-342)
(-170,6,-308)
(-155,-43,-295)
(-149,-59,-281)
(-118,-110,-282)
(-94,-132,-312)
(-81,-147,-309)
(-55,-151,-353)
(-38,-150,-388)
(-31,-141,-407)
(-34,-128,-422)
(-20,-124,-430)
(-28,-122,-430)
(-56,-122,-418)
(-73,-121,-381)
(-101,-121,-347)
(-119,-103,-323)
(-131,-83,-313)
(-139,-79,-301)
(-143,-67,-295)
(-154,-62,-284)
(-147,-43,-285)
(-155,-39,-285)
(-162,-24,-290)
(-163,-21,-293)
(-170,-4,-284)
(-172,-4,-292)
(-170,6,-278)
(-161,-29,-247)
(-142,-56,-226)
(-138,-76,-206)
(-124,-68,-174)
(-121,-63,-137)
(-107,-55,-139)
(-111,-41,-123)
(-94,-26,-110)
(-61,-31,-73)
(-53,-33,-65)
(-15,-45,-55)
(5,-57,-55)
(27,-79,-63)
(50,-102,-96)
(80,-146,-136)
(92,-150,-172)
(115,-167,-203)
(115,-165,-229)
(124,-164,-242)
(146,-158,-268)
(174,-142,-276)
(202,-128,-294)
(199,-127,-299)
(191,-137,-317)
(183,-139,-327)
(176,-130,-336)
(164,-148,-338)
(141,-165,-301)
(120,-182,-280)
(95,-171,-259)
(77,-179,-223)
(76,-176,-204)
(57,-153,-159)
(46,-126,-132)
(22,-74,-90)
(41,-77,-89)
(34,-106,-106)
(-2,-114,-130)
(-22,-72,-106)
(-6,-50,-82)
(17,-65,-73)
(15,-77,-73)
(33,-115,-107)
(10,-128,-142)
(-32,-118,-150)
(-43,-83,-119)
(-47,-9,-83)
(-38,-14,-66)
(-22,-50,-70)
(16,-96,-98)
(30,-130,-124)
(25,-147,-137)
(-1,-105,-127)
(0,-30,-86)
(25,-33,-65)
(62,-68,-66)
(74,-98,-98)
(63,-133,-127)
(30,-148,-158)
(-10,-108,-136)
(-37,-79,-113)
(-25,-45,-97)
(-21,-11,-71)
(-1,-45,-59)
(8,-70,-76)
(-2,-112,-114)
(-50,-94,-136)
(-72,6,-106)
(-90,54,-116)
(-110,94,-134)
(-112,38,-118)
(-107,-7,-117)
(-123,-29,-147)
(-138,-24,-164)
(-145,21,-173)
(-143,87,-177)
(-134,104,-190)
(-140,64,-164)
(-144,16,-156)
(-139,-25,-163)
(-142,-16,-170)
(-152,28,-182)
(-161,85,-199)
(-152,128,-222)
(-148,114,-222)
(-153,53,-189)
(-147,-1,-181)
(-139,-15,-173)
(-140,-18,-174)
(-159,3,-187)
(-159,51,-189)
(-147,117,-213)
(-137,141,-227)
(-145,111,-223)
(-148,52,-202)
(-139,-13,-157)
(-132,-38,-152)
(-143,-23,-171)
(-154,2,-180)
(-153,61,-195)
(-142,112,-202)
(-125,151,-211)
(-123,171,-253)
(-122,166,-286)
(-153,137,-307)
(-159,97,-321)
(-173,61,-319)
(-170,50,-292)
(-175,55,-277)
(-175,55,-243)
(-170,40,-220)
(-162,8,-190)
(-137,5,-159)
(-142,2,-148)
(-120,-2,-130)
(-118,-26,-124)
(-95,-37,-115)
(-111,-31,-131)
(-120,-8,-144)
(-140,46,-162)
(-134,24,-136)
(-123,1,-127)
(-108,-50,-134)
(-126,-64,-178)
(-144,-56,-202)
(-157,-19,-213)
(-170,32,-212)
(-154,38,-192)
(-132,-26,-152)
(-121,-43,-153)
(-141,-59,-175)
(-138,-58,-184)
(-155,-25,-217)
(-159,45,-217)
(-149,55,-211)
(-149,13,-179)
(-140,-20,-176)
(-147,-35,-189)
(-165,-21,-221)
(-167,7,-245)
(-170,58,-266)
(-157,71,-269)
(-166,38,-228)
(-161,-3,-223)
(-174,-2,-232)
(-172,-6,-260)
(-173,43,-283)
(-166,114,-312)
(-161,103,-289)
(-164,56,-230)
(-148,10,-176)
(-109,-59,-135)
(-85,-97,-151)
(-84,-110,-168)
(-83,-111,-179)
(-114,-74,-200)
(-133,-23,-175)
(-109,-29,-143)
(-83,-71,-133)
(-56,-104,-144)
(-80,-114,-184)
(-87,-105,-187)
(-117,-53,-167)
(-99,-51,-137)
(-52,-78,-108)
(-23,-95,-89)
(-6,-110,-114)
(-18,-114,-128)
(-43,-81,-119)
(-56,-36,-108)
(-28,-58,-86)
(-2,-84,-90)
(11,-107,-97)
(5,-119,-127)
(13,-107,-115)
(32,-84,-100)
(44,-80,-84)
(85,-105,-107)
(108,-128,-128)
(85,-145,-155)
(53,-137,-151)
(30,-92,-102)
(50,-86,-98)
(89,-117,-111)
(108,-132,-130)
(130,-150,-162)
(112,-162,-210)
(75,-173,-231)
(50,-184,-240)
(36,-164,-190)
(53,-163,-181)
(94,-168,-196)
(123,-167,-229)
(112,-170,-286)
(95,-175,-323)
(59,-185,-321)
(46,-182,-334)
(67,-163,-361)
(93,-159,-385)
(83,-133,-403)
(113,-119,-429)
(113,-105,-441)
(115,-81,-459)
(119,-49,-465)
(114,-34,-478)
(122,-8,-490)
(124,24,-486)
(117,39,-481)
(125,67,-469)
(131,65,-467)
(134,68,-458)
(163,59,-447)
(180,18,-448)
(185,-3,-447)
(162,-80,-440)
(148,-102,-430)
(153,-117,-423)
(155,-79,-427)
(141,-33,-457)
(127,-5,-467)
(114,-22,-482)
(121,-47,-471)
(98,-82,-468)
(75,-131,-427)
(48,-170,-394)
(10,-182,-340)
(-44,-174,-318)
(-96,-126,-284)
(-137,-73,-285)
(-162,-34,-274)
(-175,15,-269)
(-170,66,-254)
(-159,87,-241)
(-158,110,-224)
(-137,131,-213)
(-118,148,-186)
(-95,157,-155)
(-44,156,-110)
(7,171,-99)
(43,161,-91)
(90,152,-76)
(118,136,-82)
(157,131,-89)
(166,142,-104)
(190,144,-110)
(197,151,-141)
(199,163,-147)
(203,149,-149)
(183,125,-103)
(159,101,-91)
(153,57,-83)
(139,3,-69)
(125,-35,-83)
(111,-65,-97)
(91,-115,-121)
(84,-136,-142)
(84,-150,-156)
(78,-162,-190)
(75,-167,-205)
(86,-170,-218)
(83,-171,-235)
(105,-169,-241)
(128,-168,-254)
(167,-153,-275)
(174,-142,-280)
(193,-119,-269)
(203,-115,-253)
(203,-113,-237)
(217,-105,-213)
(232,-88,-228)
(238,-76,-238)
(248,-58,-254)
(249,-45,-269)
(260,-36,-286)
(267,-23,-311)
(256,-8,-344)
(249,-5,-383)
(230,8,-410)
(212,4,-434)
(192,10,-436)
(184,12,-458)
(161,9,-471)
(137,17,-485)
(101,21,-483)
(59,23,-493)
(50,32,-492)
(12,54,-486)
(-3,59,-475)
(-23,71,-467)
(-42,86,-468)
(-32,84,-460)
(-45,101,-465)
(-40,108,-460)
(-62,114,-448)
(-74,110,-446)
(-98,120,-420)
(-114,112,-408)
(-127,115,-399)
(-132,106,-396)
(-138,102,-392)
(-144,70,-400)
(-151,19,-377)
(-146,-44,-330)
(-124,-84,-322)
(-126,-74,-348)
(-121,-43,-385)
(-102,4,-426)
(-104,28,-448)
(-69,55,-469)
(-68,34,-484)
(-80,-34,-458)
(-105,-73,-401)
(-101,-125,-337)
(-80,-138,-324)
(-60,-136,-350)
(-46,-114,-398)
(-43,-69,-439)
(-44,-36,-478)
(-42,-16,-498)
(-29,-17,-501)
(-64,-40,-470)
(-96,-68,-428)
(-107,-119,-345)
(-93,-135,-337)
(-92,-128,-336)
(-121,-95,-321)
(-158,-42,-276)
(-167,25,-233)
(-157,93,-213)
(-140,140,-222)
(-142,144,-254)
(-144,142,-282)
(-161,129,-305)
(-161,115,-299)
(-170,80,-300)
(-167,55,-301)
(-174,26,-300)
(-170,30,-326)
(-169,55,-343)
(-146,114,-346)
(-118,166,-356)
(-72,200,-400)
(-71,185,-425)
(-114,148,-404)
(-147,99,-369)
(-157,91,-355)
(-151,115,-355)
(-133,159,-341)
(-92,192,-362)
(-70,186,-416)
(-90,162,-426)
(-137,117,-385)
(-153,93,-361)
(-158,90,-358)
(-149,119,-351)
(-127,165,-369)
(-91,185,-403)
(-80,174,-436)
(-115,139,-431)
(-145,101,-387)
(-157,65,-357)
(-163,45,-343)
(-167,43,-347)
(-155,65,-359)
(-145,115,-363)
(-137,135,-363)
(-105,169,-369)
(-91,177,-415)
(-90,158,-436)
(-119,129,-431)
(-144,94,-386)
(-149,69,-375)
(-155,65,-369)
(-155,97,-373)
(-135,145,-367)
(-103,169,-401)
(-82,170,-440)
(-100,144,-438)
(-138,112,-416)
(-150,92,-376)
(-129,129,-381)
(-88,174,-394)
(-49,209,-397)
(-17,219,-407)
(22,240,-414)
(51,231,-421)
(59,207,-457)
(30,190,-472)
(-6,186,-478)
(-58,186,-422)
(-47,213,-391)
(-41,231,-367)
(-12,250,-366)
(32,234,-404)
(45,197,-453)
(18,178,-494)
(-37,179,-463)
(-89,167,-425)
(-121,155,-375)
(-140,134,-338)
(-141,147,-321)
(-127,175,-291)
(-111,203,-299)
(-86,212,-352)
(-84,198,-386)
(-124,162,-370)
(-150,124,-334)
(-156,108,-284)
(-161,115,-275)
(-154,128,-278)
(-136,170,-290)
(-102,206,-328)
(-111,189,-365)
(-147,135,-323)
(-177,89,-283)
(-169,73,-275)
(-176,86,-278)
(-162,114,-286)
(-129,175,-319)
(-130,176,-352)
(-141,145,-357)
(-169,91,-309)
(-174,46,-280)
(-181,43,-297)
(-171,43,-311)
(-160,68,-332)
(-160,88,-360)
(-151,115,-373)
(-147,109,-381)
(-154,118,-360)
(-169,85,-333)
(-171,51,-297)
(-174,10,-290)
(-164,0,-294)
(-161,-9,-325)
(-162,2,-348)
(-159,41,-363)
(-165,67,-361)
(-157,81,-379)
(-158,84,-372)
(-163,35,-337)
(-172,-8,-306)
(-155,-19,-317)
(-159,-21,-325)
(-157,3,-355)
(-164,44,-362)
(-164,58,-372)
(-163,67,-389)
(-147,63,-377)
(-169,21,-355)
(-160,-20,-326)
(-145,-53,-333)
(-134,-56,-356)
(-129,-63,-363)
(-118,-40,-396)
(-128,-12,-408)
(-122,10,-416)
(-129,29,-425)
(-145,27,-405)
(-155,23,-389)
(-160,-10,-358)
(-153,-51,-325)
(-134,-68,-344)
(-129,-69,-351)
(-131,-45,-383)
(-130,-22,-404)
(-136,6,-406)
(-131,39,-417)
(-136,36,-432)
(-144,24,-420)
(-147,21,-389)
(-154,-8,-366)
(-159,-33,-343)
(-142,-52,-326)
(-145,-35,-349)
(-157,21,-349)
(-167,77,-331)
(-159,117,-339)
(-154,146,-328)
(-131,183,-313)
(-115,203,-311)
(-101,207,-317)
(-119,181,-333)
(-148,150,-320)
(-152,126,-318)
(-151,145,-297)
(-141,177,-283)
(-115,193,-311)
(-114,190,-334)
(-121,177,-361)
(-142,150,-360)
(-157,107,-341)
(-174,74,-332)
(-163,55,-327)
(-162,76,-342)
(-146,120,-332)
(-138,162,-316)
(-114,192,-306)
(-87,221,-289)
(-76,238,-294)
(-49,255,-265)
(-31,263,-255)
(-5,261,-245)
(5,269,-237)
(21,267,-237)
(28,286,-228)
(30,272,-220)
(31,287,-227)
(23,271,-259)
(-6,264,-290)
(-26,258,-302)
(-45,249,-319)
(-71,235,-323)
(-93,217,-317)
(-106,196,-320)
(-107,191,-317)
(-102,204,-310)
(-82,230,-296)
(-53,253,-277)
(-18,262,-258)
(-14,266,-242)
(17,275,-237)
(30,270,-198)
(53,265,-201)
(63,265,-197)
(75,273,-201)
(83,269,-213)
(101,267,-209)
(103,271,-205)
(84,268,-220)
(68,272,-244)
(42,276,-274)
(5,273,-293)
(-22,262,-294)
(-58,246,-292)
(-96,216,-292)
(-118,194,-298)
(-138,174,-302)
(-149,143,-313)
(-157,113,-325)
(-160,116,-344)
(-147,137,-339)
(-131,165,-333)
(-114,192,-322)
(-78,230,-302)
(-69,235,-311)
(-43,249,-303)
(-21,245,-297)
(-8,268,-290)
(11,275,-287)
(-11,269,-309)
(-75,227,-317)
(-115,201,-283)
(-125,185,-269)
(-105,203,-249)
(-66,232,-244)
(-29,261,-265)
(-13,261,-319)
(-36,250,-348)
(-100,198,-342)
(-129,175,-299)
(-131,179,-289)
(-106,212,-258)
(-66,240,-236)
(-28,260,-258)
(-6,256,-316)
(-41,243,-373)
(-97,191,-355)
(-117,177,-331)
(-108,190,-294)
(-80,226,-266)
(-43,249,-241)
(-2,268,-312)
(-9,247,-361)
(-53,211,-401)
(-114,170,-386)
(-130,150,-342)
(-124,178,-314)
(-99,207,-291)
(-60,232,-272)
(-34,248,-280)
(-17,255,-301)
(9,263,-309)
(34,268,-322)
(51,263,-325)
(71,253,-335)
(97,257,-347)
(85,251,-379)
(71,231,-391)
(71,245,-381)
(40,240,-382)
(-5,229,-387)
(-38,238,-338)
(-22,252,-294)
(6,262,-256)
(67,271,-275)
(107,265,-295)
(142,242,-320)
(149,233,-363)
(138,228,-384)
(82,226,-402)
(24,238,-392)
(-7,251,-329)
(8,252,-296)
(58,268,-252)
(94,268,-242)
(132,252,-310)
(131,235,-389)
(108,212,-430)
(35,225,-427)
(-1,233,-389)
(-5,253,-347)
(27,263,-309)
(70,280,-268)
(110,266,-270)
(155,253,-309)
(152,234,-370)
(63,213,-441)
(-16,182,-452)
(-59,185,-397)
(-96,196,-334)
(-117,195,-287)
(-100,200,-244)
(-100,208,-238)
(-113,185,-227)
(-123,175,-221)
(-129,163,-217)
(-127,157,-221)
(-130,174,-246)
(-117,199,-285)
(-92,204,-328)
(-88,208,-370)
(-78,180,-404)
(-74,166,-436)
(-60,156,-466)
(-54,160,-474)
(-52,152,-466)
(-67,177,-429)
(-83,199,-389)
(-75,223,-333)
(-77,219,-279)
(-84,218,-268)
(-91,225,-255)
(-101,205,-249)
(-113,179,-261)
(-121,179,-261)
(-135,155,-267)
(-144,154,-258)
(-151,125,-249)
(-160,104,-254)
(-157,97,-257)
(-168,98,-262)
(-158,134,-276)
(-155,145,-281)
(-134,156,-270)
(-115,189,-297)
(-97,203,-335)
(-75,217,-369)
(-70,212,-384)
(-52,214,-410)
(-41,205,-433)
(-45,203,-433)
(-58,208,-402)
(-56,226,-352)
(-76,222,-268)
(-75,231,-271)
(-98,194,-200)
(-103,161,-157)
(-105,127,-125)
(-109,85,-101)
(-102,58,-92)
(-90,28,-82)
(-86,48,-100)
(-88,66,-98)
(-90,100,-118)
(-75,139,-143)
(-83,167,-169)
(-84,198,-212)
(-82,212,-252)
(-77,221,-275)
(-83,219,-291)
(-73,227,-317)
(-78,228,-296)
(-88,216,-250)
(-102,194,-222)
(-109,167,-183)
(-113,157,-173)
(-120,136,-180)
(-131,125,-171)
(-143,117,-183)
(-131,111,-201)
(-152,108,-196)
(-143,117,-211)
(-148,124,-214)
(-132,134,-210)
(-130,158,-222)
(-128,168,-226)
(-111,189,-251)
(-104,204,-276)
(-85,217,-291)
(-79,217,-279)
(-100,200,-230)
(-117,167,-191)
(-126,126,-164)
(-127,119,-167)
(-135,111,-155)
(-130,112,-158)
(-124,142,-180)
(-96,190,-220)
(-82,220,-270)
(-100,210,-270)
(-121,169,-221)
(-146,126,-180)
(-142,94,-164)
(-141,95,-159)
(-136,112,-196)
(-124,150,-220)
(-104,192,-256)
(-76,218,-284)
(-97,207,-293)
(-126,176,-244)
(-140,128,-198)
(-144,108,-180)
(-142,108,-190)
(-141,131,-199)
(-124,172,-226)
(-103,193,-237)
(-104,186,-206)
(-114,168,-186)
(-132,142,-196)
(-152,116,-196)
(-150,72,-198)
(-165,57,-211)
(-163,37,-233)
(-166,18,-246)
(-171,1,-251)
(-155,-33,-259)
(-145,-59,-249)
(-135,-85,-251)
(-137,-79,-245)
(-139,-67,-243)
(-139,-39,-213)
(-153,11,-217)
(-154,48,-220)
(-159,67,-233)
(-150,98,-242)
(-155,111,-263)
(-151,123,-285)
(-147,131,-287)
(-154,130,-274)
(-155,115,-253)
(-149,99,-197)
(-129,65,-161)
(-109,47,-131)
(-108,36,-108)
(-95,29,-115)
(-111,17,-115)
(-107,1,-125)
(-108,-2,-120)
(-110,12,-122)
(-96,58,-126)
(-78,82,-110)
(-62,76,-90)
(-20,66,-74)
(15,83,-59)
(41,113,-59)
(54,128,-46)
(75,129,-55)
(90,130,-52)
(103,107,-51)
(109,83,-39)
(101,27,-29)
(67,-39,-49)
(51,-73,-75)
(18,-94,-92)
(2,-114,-108)
(-37,-111,-127)
(-55,-115,-153)
(-88,-108,-184)
(-114,-98,-210)
(-129,-79,-247)
(-151,-47,-273)
(-170,-16,-292)
(-168,18,-304)
(-172,36,-288)
(-165,85,-305)
(-148,134,-308)
(-129,165,-323)
(-118,194,-344)
(-87,211,-357)
(-49,237,-393)
(-20,244,-396)
(4,248,-390)
(14,242,-392)
(23,253,-379)
(30,258,-388)
(40,264,-346)
(57,271,-325)
(70,280,-278)
(100,274,-264)
(120,268,-284)
(133,259,-313)
(134,248,-354)
(143,241,-357)
(162,224,-372)
(191,217,-371)
(193,209,-377)
(200,196,-386)
(206,182,-382)
(212,176,-394)
(213,161,-387)
(233,157,-393)
(239,143,-399)
(240,128,-394)
(234,160,-372)
(176,214,-352)
(141,249,-327)
(115,267,-281)
(126,258,-236)
(154,238,-216)
(190,230,-274)
(200,220,-360)
(173,187,-409)
(158,192,-440)
(122,228,-396)
(166,240,-334)
(210,206,-348)
(216,170,-384)
(223,127,-419)
(225,111,-407)
(250,110,-386)
(256,108,-368)
(255,79,-369)
(257,57,-379)
(247,73,-403)
(229,107,-389)
(252,112,-348)
(265,97,-335)
(267,67,-343)
(271,51,-333)
(274,50,-350)
(257,67,-381)
(225,103,-403)
(193,149,-423)
(164,176,-436)
(107,189,-451)
(56,188,-480)
(-12,168,-472)
(-83,147,-451)
(-133,115,-395)
(-154,82,-342)
(-178,18,-280)
(-146,-38,-234)
(-110,-86,-200)
(-47,-121,-171)
(-4,-140,-164)
(53,-157,-179)
(86,-168,-206)
(96,-180,-248)
(112,-176,-290)
(102,-178,-330)
(91,-161,-363)
(71,-147,-395)
(59,-135,-417)
(55,-131,-429)
(64,-148,-418)
(67,-173,-385)
(61,-185,-303)
(33,-185,-245)
(22,-170,-206)
(23,-161,-207)
(30,-154,-184)
(18,-156,-184)
(6,-154,-174)
(-1,-129,-151)
(-10,-84,-114)
(15,-63,-83)
(35,-51,-71)
(32,-38,-72)
(41,-55,-77)
(68,-84,-96)
(83,-119,-131)
(94,-142,-170)
(105,-161,-227)
(110,-170,-270)
(100,-176,-300)
(88,-190,-328)
(85,-171,-345)
(98,-166,-368)
(101,-159,-387)
(115,-145,-399)
(121,-129,-413)
(114,-118,-436)
(95,-117,-441)
(75,-131,-433)
(46,-150,-406)
(2,-174,-342)
(1,-171,-335)
(-20,-162,-232)
(-31,-117,-161)
(-44,-104,-152)
(-66,-16,-106)
(-71,47,-101)
(-63,63,-99)
(-88,94,-128)
(-96,100,-116)
(-82,38,-96)
(-64,-10,-90)
(-61,-43,-99)
(-62,-60,-116)
(-60,-56,-126)
(-52,-46,-114)
(-31,-21,-83)
(-25,-23,-81)
(8,-74,-88)
(50,-134,-126)
(40,-156,-192)
(-8,-160,-190)
(-23,-135,-171)
(7,-123,-135)
(66,-150,-164)
(101,-175,-217)
(95,-173,-277)
(78,-174,-340)
(71,-179,-349)
(12,-182,-316)
(5,-179,-279)
(37,-181,-233)
(81,-185,-229)
(90,-184,-270)
(69,-177,-321)
(50,-172,-360)
(8,-176,-332)
(-4,-178,-238)
(41,-163,-191)
(92,-178,-220)
(100,-176,-286)
(44,-168,-344)
(32,-174,-350)
(-13,-179,-255)
(-6,-178,-236)
(82,-186,-276)
(96,-174,-308)
(50,-176,-354)
(7,-183,-329)
(-10,-182,-264)
(20,-176,-232)
(80,-178,-226)
(113,-181,-267)
(93,-167,-327)
(66,-180,-344)
(47,-187,-295)
(53,-179,-241)
(78,-164,-192)
(75,-155,-177)
(43,-131,-147)
(26,-124,-132)
(12,-94,-112)
(1,-47,-83)
(35,-59,-79)
(78,-88,-88)
(58,-104,-104)
(37,-129,-131)
(18,-118,-134)
(21,-129,-127)
(42,-130,-138)
(39,-125,-127)
(43,-131,-141)
(73,-141,-155)
(91,-147,-165)
(81,-153,-169)
(86,-154,-184)
(94,-168,-192)
(91,-165,-211)
(82,-168,-216)
(72,-180,-228)
(86,-182,-232)
(67,-179,-245)
(68,-186,-250)
(50,-182,-248)
(49,-191,-255)
(36,-182,-248)
(15,-183,-245)
(-31,-167,-215)
(-46,-118,-178)
(-48,-76,-124)
(-37,-27,-97)
(-37,17,-85)
(-30,76,-80)
(-29,125,-97)
(-45,125,-111)
(-63,101,-111)
(-86,66,-108)
(-72,2,-120)
(-43,-65,-125)
(-28,-128,-148)
(-25,-147,-177)
(-21,-167,-201)
(-19,-159,-201)
(-38,-142,-194)
(-45,-119,-155)
(-55,-89,-131)
(-57,-47,-107)
(-53,-13,-85)
(-56,30,-88)
(-66,84,-98)
(-73,119,-119)
(-93,115,-117)
(-99,81,-129)
(-99,15,-125)
(-72,-50,-120)
(-41,-103,-135)
(-3,-133,-149)
(29,-157,-175)
(29,-165,-199)
(16,-164,-218)
(-21,-151,-209)
(-46,-144,-196)
(-71,-97,-149)
(-68,-82,-130)
(-72,8,-104)
(-86,70,-108)
(-98,100,-128)
(-106,122,-144)
(-116,134,-160)
(-114,152,-178)
(-94,180,-182)
(-65,199,-169)
(-37,209,-161)
(-11,223,-169)
(16,250,-202)
(46,262,-208)
(67,269,-235)
(79,271,-271)
(85,257,-297)
(97,257,-341)
(78,256,-376)
(68,238,-396)
(59,247,-405)
(42,228,-424)
(37,219,-431)
(39,205,-451)
(41,221,-435)
(46,226,-428)
(61,243,-399)
(71,255,-369)
(66,258,-336)
(63,267,-287)
(60,264,-262)
(40,256,-214)
(41,249,-177)
(20,228,-150)
(9,217,-131)
(1,189,-109)
(-9,167,-87)
(-17,145,-81)
(-15,107,-69)
(-12,72,-50)
(-3,23,-51)
(7,-3,-59)
(21,-49,-71)
(37,-83,-91)
(56,-108,-120)
(70,-140,-152)
(78,-156,-184)
(95,-169,-207)
(121,-165,-247)
(138,-160,-270)
(147,-161,-287)
(167,-147,-307)
(185,-143,-323)
(194,-130,-340)
(194,-118,-334)
(199,-139,-345)
(201,-125,-337)
(200,-126,-336)
(181,-139,-347)
(177,-131,-351)
(165,-149,-353)
(144,-164,-358)
(112,-172,-366)
(104,-162,-362)
(113,-171,-365)
(124,-168,-362)
(128,-156,-354)
(136,-168,-336)
(133,-165,-335)
(133,-173,-329)
(127,-173,-311)
(124,-180,-290)
(124,-176,-284)
(120,-174,-270)
(122,-176,-266)
(127,-167,-265)
(126,-174,-278)
(115,-179,-277)
(113,-183,-279)
(99,-181,-297)
(90,-182,-286)
(90,-180,-280)
(89,-187,-279)
(72,-186,-280)
(59,-179,-273)
(35,-183,-271)
(26,-180,-260)
(21,-179,-249)
(5,-171,-229)
(-11,-151,-197)
(-33,-115,-155)
(-26,-92,-124)
(-47,-51,-103)
(-45,-23,-95)
(-43,21,-87)
(-42,54,-92)
(-49,83,-81)
(-50,104,-102)
(-48,130,-110)
(-62,136,-132)
(-77,149,-143)
(-83,163,-159)
(-91,167,-181)
(-112,144,-186)
(-124,128,-196)
(-139,87,-197)
(-151,41,-195)
(-143,-1,-209)
(-140,-44,-208)
(-112,-82,-206)
(-91,-95,-211)
(-76,-126,-208)
(-42,-138,-204)
(-26,-156,-210)
(-16,-160,-212)
(-4,-176,-220)
(7,-171,-219)
(14,-176,-226)
(-1,-169,-225)
(-6,-172,-230)
(-21,-171,-239)
(-25,-167,-243)
(-48,-154,-276)
(-81,-141,-269)
(-98,-132,-256)
(-114,-112,-246)
(-121,-87,-219)
(-112,-86,-198)
(-100,-88,-186)
(-88,-90,-168)
(-64,-98,-156)
(-48,-110,-158)
(-27,-121,-141)
(-19,-129,-143)
(-14,-144,-150)
(-24,-132,-142)
(-13,-125,-133)
(-5,-123,-119)
(8,-114,-106)
(24,-84,-88)
(46,-74,-70)
(58,-24,-68)
(67,39,-55)
(71,65,-55)
(60,148,-80)
(38,172,-94)
(7,183,-113)
(-34,176,-132)
(-56,146,-122)
(-79,117,-111)
(-78,66,-116)
(-60,14,-92)
(-34,-44,-90)
(-11,-79,-105)
(15,-109,-121)
(53,-121,-133)
(78,-138,-146)
(104,-144,-162)
(129,-151,-183)
(143,-149,-203)
(159,-147,-223)
(168,-142,-242)
(178,-138,-262)
(181,-149,-277)
(179,-151,-293)
(153,-163,-309)
(152,-166,-302)
(156,-164,-290)
(148,-170,-272)
(139,-165,-251)
(123,-159,-223)
(100,-158,-190)
(71,-151,-171)
(35,-139,-155)
(6,-140,-152)
(-19,-131,-159)
(-40,-132,-168)
(-48,-134,-190)
(-53,-143,-213)
(-57,-141,-225)
(-40,-158,-226)
(-29,-159,-239)
(-14,-166,-218)
(14,-162,-226)
(35,-175,-231)
(68,-190,-242)
(86,-176,-250)
(93,-181,-257)
(97,-179,-261)
(114,-178,-270)
(120,-178,-292)
(133,-171,-289)
(134,-170,-296)
(148,-164,-312)
(143,-161,-313)
(139,-163,-317)
(114,-172,-338)
(106,-176,-340)
(94,-172,-340)
(91,-175,-337)
(77,-171,-337)
(69,-191,-325)
(49,-177,-317)
(38,-188,-288)
(17,-177,-267)
(5,-167,-219)
(-2,-126,-174)
(-14,-104,-136)
(-29,-63,-117)
(-53,-37,-113)
(-44,-38,-110)
(-31,-77,-119)
(-4,-106,-136)
(21,-139,-165)
(39,-175,-203)
(25,-177,-237)
(-3,-177,-255)
(-25,-167,-243)
(-44,-136,-206)
(-62,-76,-148)
(-63,-27,-115)
(-65,13,-101)
(-76,14,-98)
(-72,12,-96)
(-73,-25,-103)
(-45,-79,-127)
(-14,-122,-152)
(7,-161,-175)
(11,-173,-211)
(-12,-182,-244)
(-47,-157,-241)
(-72,-130,-208)
(-77,-99,-165)
(-84,-64,-132)
(-83,-15,-111)
(-92,52,-120)
(-101,99,-129)
(-127,81,-153)
(-130,38,-164)
(-112,-32,-150)
(-82,-92,-166)
(-43,-119,-171)
(-42,-140,-172)
(-51,-135,-185)
(-65,-109,-165)
(-88,-50,-126)
(-90,8,-118)
(-104,52,-118)
(-112,74,-138)
(-120,70,-154)
(-123,33,-167)
(-122,-30,-168)
(-98,-76,-178)
(-79,-111,-183)
(-52,-144,-212)
(-29,-163,-227)
(-5,-177,-253)
(23,-191,-267)
(32,-188,-270)
(44,-192,-302)
(59,-189,-301)
(62,-182,-292)
(74,-178,-298)
(78,-186,-298)
(67,-189,-301)
(46,-190,-294)
(25,-189,-293)
(-14,-170,-254)
(-50,-144,-212)
(-84,-114,-188)
(-84,-100,-172)
(-93,-87,-161)
(-98,-80,-150)
(-89,-59,-147)
(-98,-44,-136)
(-105,-23,-125)
(-106,-10,-132)
(-113,-7,-129)
(-106,0,-118)
(-97,-21,-125)
(-105,-9,-121)
(-93,-1,-111)
(-98,24,-118)
(-86,32,-110)
(-77,45,-113)
(-88,66,-110)
(-89,59,-115)
(-103,77,-125)
(-101,85,-125)
(-98,108,-136)
(-107,107,-135)
(-118,98,-146)
(-114,110,-162)
(-129,101,-169)
(-138,80,-182)
(-148,48,-186)
(-156,18,-200)
(-151,-3,-213)
(-157,-25,-217)
(-150,-54,-232)
(-146,-66,-232)
(-141,-71,-237)
(-125,-77,-245)
(-123,-93,-237)
(-131,-89,-241)
(-129,-95,-241)
(-122,-90,-254)
(-131,-95,-257)
(-125,-99,-255)
(-129,-91,-253)
(-127,-83,-249)
(-135,-89,-251)
(-128,-90,-248)
(-129,-95,-249)
(-129,-81,-249)
(-134,-92,-248)
(-135,-91,-251)
(-127,-91,-255)
(-131,-87,-243)
(-128,-86,-230)
(-130,-84,-230)
(-127,-77,-217)
(-130,-80,-214)
(-128,-76,-202)
(-126,-80,-208)
(-119,-87,-199)
(-117,-79,-201)
(-122,-78,-194)
(-115,-83,-189)
(-116,-90,-192)
(-115,-83,-185)
(-100,-84,-174)
(-109,-81,-173)
(-102,-82,-170)
(-103,-77,-159)
(-97,-81,-165)
(-100,-82,-158)
(-96,-82,-156)
(-93,-93,-157)
(-89,-89,-147)
(-78,-86,-150)
(-84,-104,-136)
(-88,-92,-148)
(-91,-89,-151)
(-91,-83,-145)
(-86,-84,-138)
(-89,-75,-123)
(-98,-72,-120)
(-107,-57,-121)
(-119,-41,-135)
(-126,-30,-152)
(-147,-3,-167)
(-144,30,-148)
(-132,36,-140)
(-125,45,-131)
(-109,41,-121)
(-112,20,-112)
(-111,-19,-111)
(-109,-49,-129)
(-129,-63,-155)
(-137,-31,-163)
(-143,-3,-159)
(-136,44,-144)
(-135,91,-145)
(-122,92,-146)
(-122,88,-148)
(-119,57,-143)
(-129,-1,-153)
(-128,-40,-160)
(-135,-59,-189)
(-143,-39,-197)
(-155,-27,-203)
(-160,6,-192)
(-160,54,-174)
(-155,87,-177)
(-137,121,-181)
(-132,130,-182)
(-134,140,-194)
(-139,157,-205)
(-126,174,-208)
(-120,174,-216)
(-118,178,-216)
(-114,186,-222)
(-110,188,-236)
(-109,187,-239)
(-106,188,-246)
(-116,184,-250)
(-117,183,-259)
(-117,177,-263)
(-133,169,-267)
(-142,154,-288)
(-144,126,-312)
(-168,86,-324)
(-155,55,-337)
(-164,22,-344)
(-153,-11,-347)
(-150,-16,-338)
(-145,-35,-345)
(-157,-45,-339)
(-146,-58,-324)
(-153,-59,-313)
(-144,-74,-300)
(-137,-71,-297)
(-143,-69,-299)
(-142,-70,-312)
(-136,-72,-318)
(-142,-68,-332)
(-143,-65,-327)
(-147,-59,-335)
(-150,-44,-332)
(-152,-38,-328)
(-154,-20,-324)
(-165,-9,-319)
(-153,-5,-323)
(-168,12,-320)
(-178,4,-308)
(-169,17,-295)
(-173,15,-273)
(-175,11,-249)
(-170,8,-220)
(-161,5,-193)
(-154,6,-182)
(-139,-15,-157)
(-120,-24,-148)
(-104,-36,-140)
(-82,-52,-122)
(-72,-66,-116)
(-44,-84,-126)
(-38,-100,-124)
(-27,-111,-127)
(-25,-119,-131)
(-26,-124,-130)
(-26,-124,-148)
(-25,-139,-153)
(-24,-130,-164)
(-19,-147,-179)
(-24,-156,-196)
(-36,-156,-194)
(-36,-156,-200)
(-41,-155,-211)
(-39,-145,-201)
(-45,-145,-197)
(-48,-126,-172)
(-55,-97,-147)
(-46,-90,-140)
(-53,-79,-127)
(-49,-85,-129)
(-51,-47,-115)
(-55,-43,-109)
(-42,-58,-110)
(-35,-63,-105)
(-25,-79,-105)
(-29,-71,-109)
(-24,-66,-114)
(-44,-68,-112)
(-73,-73,-125)
(-112,-72,-162)
(-139,-71,-199)
(-155,-43,-207)
(-163,-13,-227)
(-168,-8,-242)
(-169,3,-235)
(-173,-5,-231)
(-162,-14,-234)
(-141,-47,-197)
(-96,-70,-134)
(-22,-66,-86)
(10,-46,-66)
(60,-16,-58)
(58,-4,-48)
(65,13,-41)
(63,17,-33)
(52,14,-36)
(43,11,-35)
(15,21,-43)
(10,8,-44)
(-9,-11,-53)
(-24,8,-64)
(-34,4,-66)
(-37,5,-71)
(-47,-21,-73)
(-60,-4,-86)
(-67,25,-97)
(-65,-15,-81)
(-64,-56,-106)
(-90,-46,-130)
(-113,7,-139)
(-123,61,-147)
(-114,34,-146)
(-97,1,-119)
(-93,-33,-119)
(-119,-33,-153)
(-138,6,-164)
(-141,65,-181)
(-130,40,-150)
(-108,-10,-128)
(-110,-38,-136)
(-124,-44,-160)
(-148,-8,-182)
(-157,59,-189)
(-148,58,-184)
(-140,16,-172)
(-135,-27,-161)
(-115,-65,-169)
(-131,-81,-213)
(-149,-47,-231)
(-162,6,-216)
(-151,-17,-203)
(-146,-58,-212)
(-143,-69,-221)
(-157,-55,-243)
(-171,-5,-237)
(-171,17,-227)
(-143,-17,-195)
(-128,-70,-202)
(-139,-63,-219)
(-152,-48,-232)
(-169,3,-235)
(-164,38,-228)
(-168,28,-224)
(-152,-24,-204)
(-143,-55,-203)
(-140,-50,-216)
(-159,-35,-231)
(-166,8,-230)
(-168,26,-224)
(-163,35,-217)
(-142,-26,-186)
(-135,-57,-183)
(-140,-66,-214)
(-157,-43,-235)
(-172,4,-228)
(-163,45,-227)
(-156,24,-204)
(-128,-48,-172)
(-127,-71,-179)
(-139,-71,-201)
(-146,-54,-224)
(-168,6,-218)
(-160,46,-214)
(-154,18,-194)
(-123,-51,-173)
(-115,-79,-171)
(-134,-80,-212)
(-149,-49,-245)
(-172,14,-238)
(-170,68,-218)
(-167,79,-215)
(-146,26,-184)
(-118,-44,-158)
(-107,-79,-163)
(-132,-78,-216)
(-163,-25,-245)
(-175,55,-229)
(-157,93,-239)
(-168,72,-234)
(-173,33,-225)
(-157,-11,-229)
(-149,-51,-229)
(-113,-103,-253)
(-74,-148,-276)
(-18,-164,-332)
(11,-133,-391)
(45,-103,-433)
(62,-80,-458)
(66,-56,-468)
(56,-38,-484)
(28,-106,-444)
(23,-105,-437)
(27,-69,-445)
(35,-43,-445)
(36,2,-466)
(53,19,-487)
(56,4,-498)
(48,-12,-484)
(16,-38,-468)
(-6,-26,-454)
(-10,6,-462)
(-8,26,-464)
(32,68,-478)
(53,91,-477)
(22,80,-484)
(-8,72,-484)
(4,96,-478)
(29,127,-465)
(76,126,-450)
(56,114,-462)
(10,102,-462)
(-22,98,-454)
(-26,108,-448)
(20,134,-456)
(42,142,-452)
(31,115,-469)
(-7,101,-475)
(-24,104,-470)
(-4,126,-462)
(22,120,-462)
(27,99,-481)
(45,91,-479)
(49,95,-485)
(61,107,-489)
(71,41,-491)
(70,8,-494)
(44,4,-486)
(36,36,-482)
(51,73,-483)
(80,70,-484)
(77,15,-491)
(62,-24,-498)
(49,-73,-475)
(20,-78,-464)
(16,-38,-472)
(22,6,-488)
(34,28,-494)
(66,0,-492)
(70,-44,-490)
(49,-103,-451)
(24,-158,-364)
(-13,-171,-279)
(-69,-133,-229)
(-115,-71,-197)
(-141,-15,-197)
(-142,10,-198)
(-127,-33,-163)
(-99,-75,-169)
(-139,-65,-219)
(-169,-3,-239)
(-161,99,-263)
(-160,74,-224)
(-138,18,-184)
(-120,-54,-164)
(-106,-76,-184)
(-106,-96,-196)
(-140,-64,-226)
(-167,9,-209)
(-160,62,-206)
(-151,15,-205)
(-132,-40,-190)
(-124,-74,-204)
(-135,-71,-227)
(-163,-37,-235)
(-167,19,-229)
(-153,21,-211)
(-115,-43,-193)
(-82,-102,-196)
(-72,-136,-252)
(-87,-127,-259)
(-145,-57,-291)
(-167,3,-269)
(-166,28,-240)
(-138,-26,-202)
(-93,-101,-187)
(-65,-143,-223)
(-83,-135,-239)
(-140,-76,-310)
(-160,-20,-298)
(-177,25,-273)
(-151,15,-237)
(-134,-56,-204)
(-87,-117,-199)
(-115,-109,-285)
(-122,-94,-298)
(-172,-20,-294)
(-175,11,-285)
(-175,35,-269)
(-156,-22,-214)
(-107,-91,-201)
(-91,-117,-213)
(-128,-80,-276)
(-173,-3,-291)
(-172,44,-268)
(-165,59,-247)
(-153,11,-219)
(-114,-76,-214)
(-126,-86,-250)
(-159,-33,-289)
(-175,33,-271)
(-169,63,-263)
(-167,43,-253)
(-157,-21,-233)
(-133,-67,-251)
(-145,-65,-289)
(-138,-32,-336)
(-151,5,-351)
(-165,29,-345)
(-169,45,-313)
(-176,20,-278)
(-154,-38,-262)
(-127,-77,-275)
(-146,-50,-320)
(-158,-30,-328)
(-166,44,-328)
(-167,53,-313)
(-168,76,-304)
(-170,56,-280)
(-157,9,-225)
(-133,-27,-163)
(-87,-67,-133)
(-50,-110,-126)
(-44,-120,-132)
(-81,-115,-229)
(-131,-71,-237)
(-126,-36,-198)
(-103,-69,-181)
(-72,-114,-174)
(-49,-131,-197)
(-67,-139,-231)
(-94,-106,-260)
(-149,-63,-267)
(-166,20,-274)
(-164,40,-244)
(-140,-32,-198)
(-141,-63,-253)
(-152,-44,-284)
(-158,12,-286)
(-147,-11,-205)
(-79,-73,-151)
(-30,-130,-152)
(-60,-144,-258)
(-81,-125,-281)
(-141,-77,-265)
(-127,-65,-215)
(-79,-121,-199)
(-55,-139,-241)
(-85,-131,-305)
(-119,-101,-341)
(-146,-52,-326)
(-164,-16,-286)
(-156,-18,-248)
(-129,-73,-233)
(-156,-44,-280)
(-165,13,-295)
(-171,77,-273)
(-163,79,-275)
(-162,26,-224)
(-142,-6,-204)
(-135,-13,-175)
(-135,9,-185)
(-132,96,-182)
(-105,93,-129)
(-79,65,-101)
(-82,-14,-84)
(-103,-37,-127)
(-141,-9,-161)
(-148,76,-172)
(-122,90,-156)
(-93,19,-95)
(-80,12,-82)
(-101,-31,-121)
(-122,24,-148)
(-133,89,-163)
(-108,88,-138)
(-78,12,-86)
(-75,-39,-103)
(-99,-65,-139)
(-134,-38,-182)
(-141,63,-177)
(-129,81,-149)
(-96,52,-112)
(-88,24,-78)
(-61,-29,-71)
(-97,-67,-127)
(-122,-30,-168)
(-136,6,-170)
(-125,61,-141)
(-90,12,-106)
(-77,1,-99)
(-78,-54,-114)
(-82,-74,-122)
(-116,-52,-174)
(-132,-22,-172)
(-138,54,-170)
(-102,46,-126)
(-82,-14,-94)
(-89,-49,-123)
(-124,-28,-154)
(-141,75,-167)
(-116,132,-188)
(-85,179,-181)
(-42,190,-162)
(-31,187,-143)
(-13,155,-97)
(-15,139,-71)
(-19,163,-83)
(-23,201,-151)
(-46,206,-178)
(-45,213,-179)
(-69,163,-121)
(-48,114,-74)
(-49,101,-53)
(-46,54,-50)
(-72,52,-80)
(-88,110,-122)
(-80,150,-158)
(-70,142,-122)
(-50,114,-84)
(-35,85,-55)
(-28,60,-58)
(-66,86,-102)
(-81,135,-137)
(-76,156,-152)
(-77,127,-99)
(-47,91,-65)
(-33,65,-53)
(-57,49,-73)
(-91,81,-117)
(-86,98,-132)
(-81,153,-147)
(-68,122,-102)
(-41,77,-59)
(-33,55,-53)
(-32,40,-48)
(-84,54,-106)
(-100,110,-130)
(-77,119,-113)
(-72,106,-88)
(-39,67,-53)
(-47,43,-63)
(-92,64,-132)
(-95,113,-151)
(-91,93,-113)
(-92,48,-106)
(-89,7,-115)
(-101,-21,-127)
(-112,-16,-140)
(-125,55,-151)
(-107,23,-119)
(-86,-10,-110)
(-96,-30,-122)
(-104,-30,-126)
(-114,60,-142)
(-111,95,-141)
(-76,22,-80)
(-32,-28,-66)
(-18,-32,-60)
(-60,-20,-108)
(-71,63,-99)
(-34,-10,-58)
(26,-62,-64)
(55,-79,-77)
(55,-27,-67)
(43,-23,-67)
(54,-58,-66)
(87,-97,-91)
(105,-101,-99)
(138,-130,-134)
(110,-114,-144)
(100,-110,-126)
(91,-103,-101)
(115,-127,-133)
(141,-133,-161)
(141,-141,-199)
(117,-171,-205)
(89,-157,-187)
(10,-62,-92)
(-11,-57,-77)
(17,-95,-87)
(-3,-97,-93)
(-66,14,-98)
(-71,97,-119)
(-64,126,-128)
(-73,91,-117)
(-84,58,-92)
(-89,107,-129)
(-76,144,-136)
(-72,98,-96)
(-73,75,-85)
(-66,18,-80)
(-68,6,-86)
(-87,83,-121)
(-72,130,-136)
(-52,50,-78)
(-33,-5,-65)
(-69,-41,-101)
(-87,23,-119)
(-88,70,-112)
(-79,53,-101)
(-44,-12,-72)
(-29,-35,-71)
(-28,-50,-86)
(-59,5,-93)
(-62,28,-90)
(-54,20,-78)
(-52,-32,-86)
(-65,-51,-103)
(-87,-23,-119)
(-73,57,-117)
(-41,61,-81)
(-29,49,-63)
(24,36,-38)
(74,8,-38)
(46,-6,-56)
(2,66,-60)
(37,11,-43)
(46,-36,-62)
(-7,17,-57)
(-23,57,-61)
(25,-25,-49)
(43,-59,-69)
(10,-38,-82)
(3,-3,-75)
(-10,68,-72)
(11,23,-51)
(44,-18,-40)
(44,-58,-62)
(29,-31,-75)
(11,-5,-65)
(10,-4,-58)
(14,-24,-60)
(32,-66,-76)
(3,-19,-77)
(-14,16,-72)
(4,-12,-66)
(43,-73,-81)
(-84,-66,-420)
(-86,-60,-416)
(-88,-70,-416)
(-93,-77,-411)
(-89,-75,-419)
(-88,-72,-422)
(-84,-68,-408)
(-95,-63,-425)
(-92,-72,-420)
(-83,-61,-417)
(-83,-63,-433)
(-86,-36,-428)
(-88,-28,-434)
(-99,-23,-421)
(-94,-20,-424)
(-108,-10,-424)
(-103,-9,-431)
(-98,-2,-426)
(-116,4,-434)
(-116,4,-438)
(-109,-13,-421)
(-122,-14,-414)
(-120,-28,-414)
(-125,-21,-411)
(-117,-13,-415)
(-113,-17,-417)
(-109,-5,-429)
(-115,15,-423)
(-116,38,-402)
(-131,49,-393)
(-134,48,-376)
(-125,33,-369)
(-139,39,-353)
(-136,58,-358)
(-134,62,-406)
(-121,47,-427)
(-124,18,-430)
(-116,18,-434)
(-121,7,-431)
(-129,-9,-417)
(-133,-19,-393)
(-130,-24,-398)
(-124,-48,-372)
(-124,-68,-366)
(-123,-85,-359)
(-126,-80,-352)
(-138,-66,-306)
(-129,-81,-301)
(-117,-81,-337)
(-137,-63,-331)
(-134,-62,-262)
(-103,-103,-235)
(-106,-110,-300)
(-116,-96,-314)
(-141,-63,-293)
(-139,-59,-243)
(-127,-55,-243)
(-99,-99,-211)
(-93,-129,-289)
(-101,-117,-313)
(-134,-84,-302)
(-123,-69,-233)
(-114,-84,-224)
(-103,-107,-307)
(-110,-108,-318)
(-130,-70,-244)
(-116,-50,-190)
(-97,-71,-173)
(-83,-87,-173)
(-95,-87,-203)
(-110,-18,-160)
(-96,-8,-132)
(-86,-24,-130)
(-69,-121,-199)
(-102,-40,-178)
(-88,-12,-138)
(-77,-71,-153)
(-69,-127,-209)
(-94,-98,-222)
(-113,-45,-167)
(-103,-19,-153)
(-68,-74,-160)
(-63,-103,-177)
(-59,-139,-249)
(-67,-157,-251)
(-60,-144,-302)
(-69,-145,-331)
(-72,-120,-348)
(-102,-104,-360)
(-99,-93,-367)
(-122,-64,-358)
(-130,-64,-346)
(-155,-27,-313)
(-163,-35,-307)
(-173,1,-285)
(-174,22,-266)
(-158,12,-204)
(-137,-45,-185)
(-138,-70,-248)
(-143,-67,-265)
(-164,-8,-272)
(-143,-5,-203)
(-132,-58,-194)
(-139,-75,-241)
(-142,-80,-260)
(-162,-2,-274)
(-173,3,-257)
(-121,-57,-191)
(-127,-71,-201)
(-142,-64,-286)
(-150,-44,-298)
(-154,-12,-234)
(-145,-19,-213)
(-99,-103,-185)
(-117,-99,-243)
(-122,-86,-268)
(-153,-39,-263)
(-137,-67,-215)
(-122,-76,-222)
(-128,-80,-240)
(-124,-76,-240)
(-138,-34,-226)
(-124,-56,-202)
(-122,-60,-208)
(-121,-77,-233)
(-126,-90,-236)
(-116,-90,-236)
(-122,-96,-242)
