(-232,78,-278)
(-229,83,-277)
(-231,75,-269)
(-235,79,-273)
(-233,77,-275)
(-235,75,-273)
(-227,79,-275)
(-229,81,-273)
(-232,80,-270)
(-235,81,-275)
(-233,77,-273)
(-233,83,-273)
(-234,86,-276)
(-228,74,-266)
(-232,72,-248)
(-237,59,-229)
(-225,57,-183)
(-215,51,-143)
(-201,51,-99)
(-182,60,-56)
(-161,65,-27)
(-149,91,-3)
(-131,97,21)
(-114,130,50)
(-88,166,60)
(-67,201,61)
(-59,231,65)
(-36,246,64)
(-25,275,59)
(-18,294,42)
(2,322,32)
(-3,337,19)
(-1,359,-7)
(0,382,-26)
(4,390,-46)
(5,407,-77)
(14,420,-96)
(9,433,-139)
(4,440,-178)
(5,439,-199)
(6,446,-244)
(1,433,-251)
(-2,428,-280)
(-7,419,-301)
(-11,413,-329)
(-1,413,-357)
(-5,397,-375)
(-7,381,-385)
(-11,367,-411)
(-4,354,-420)
(-4,348,-428)
(-3,333,-435)
(5,329,-435)
(6,312,-442)
(1,305,-451)
(15,291,-447)
(16,288,-456)
(17,285,-457)
(19,265,-457)
(22,252,-462)
(44,246,-456)
(31,239,-449)
(46,238,-458)
(50,222,-446)
(54,216,-446)
(60,202,-452)
(57,225,-445)
(59,215,-453)
(51,219,-447)
(59,227,-449)
(49,235,-453)
(60,240,-450)
(46,258,-448)
(52,276,-450)
(45,279,-439)
(54,296,-438)
(39,301,-433)
(39,321,-425)
(38,342,-422)
(37,365,-411)
(19,373,-391)
(15,393,-377)
(16,410,-348)
(2,414,-332)
(0,436,-288)
(-8,434,-248)
(-17,437,-207)
(-11,425,-159)
(-19,427,-109)
(-15,415,-77)
(-20,392,-32)
(-10,364,0)
(-1,321,27)
(8,286,56)
(-6,252,74)
(-8,216,78)
(-19,171,83)
(-20,142,82)
(-31,125,75)
(-26,100,62)
(-39,65,43)
(-65,37,17)
(-78,22,-12)
(-96,2,-44)
(-129,5,-77)
(-155,-1,-125)
(-179,3,-165)
(-188,14,-204)
(-197,31,-237)
(-206,42,-260)
(-207,49,-289)
(-207,59,-299)
(-198,70,-316)
(-208,82,-328)
(-211,93,-349)
(-211,109,-351)
(-211,115,-369)
(-205,127,-375)
(-208,134,-376)
(-215,135,-381)
(-200,140,-384)
(-202,140,-386)
(-202,146,-394)
(-216,160,-386)
(-212,166,-384)
(-215,157,-389)
(-207,157,-387)
(-210,154,-384)
(-217,141,-375)
(-208,120,-368)
(-212,92,-348)
(-194,68,-330)
(-196,44,-320)
(-189,15,-283)
(-168,2,-236)
(-160,-14,-216)
(-153,-19,-193)
(-131,-31,-177)
(-109,-33,-161)
(-103,-31,-147)
(-75,-27,-111)
(-69,-27,-89)
(-66,-14,-68)
(-49,-5,-35)
(-24,8,-8)
(-9,25,-1)
(-1,53,15)
(20,76,42)
(12,94,46)
(14,132,66)
(13,159,73)
(15,201,75)
(13,241,65)
(13,271,65)
(6,312,46)
(11,333,23)
(2,362,-8)
(1,395,-35)
(9,407,-67)
(18,428,-104)
(19,437,-135)
(29,435,-157)
(20,436,-170)
(29,435,-193)
(35,439,-219)
(36,432,-232)
(19,441,-251)
(28,436,-268)
(20,440,-274)
(17,435,-281)
(21,435,-287)
(29,437,-281)
(26,430,-266)
(20,440,-238)
(0,442,-216)
(0,440,-172)
(0,432,-132)
(-11,421,-101)
(-24,404,-54)
(-28,390,-26)
(-48,360,-2)
(-60,328,24)
(-68,296,44)
(-72,266,60)
(-76,232,64)
(-93,209,67)
(-94,172,64)
(-98,156,62)
(-105,131,53)
(-108,96,50)
(-121,79,29)
(-133,53,1)
(-142,54,-18)
(-158,36,-46)
(-165,33,-67)
(-187,33,-105)
(-200,24,-148)
(-209,27,-177)
(-209,39,-215)
(-208,38,-238)
(-228,60,-264)
(-211,65,-289)
(-218,78,-306)
(-215,85,-329)
(-204,106,-348)
(-215,113,-361)
(-211,125,-367)
(-209,139,-379)
(-211,147,-385)
(-197,163,-393)
(-210,170,-392)
(-210,188,-402)
(-215,199,-399)
(-208,198,-392)
(-215,189,-393)
(-218,180,-388)
(-210,156,-382)
(-215,133,-379)
(-213,107,-357)
(-210,82,-336)
(-203,55,-301)
(-196,24,-264)
(-178,6,-230)
(-161,-9,-197)
(-148,-18,-156)
(-126,-14,-120)
(-106,-14,-80)
(-86,6,-42)
(-65,17,-15)
(-48,44,18)
(-23,71,41)
(-7,101,51)
(26,134,62)
(29,171,69)
(62,234,54)
(80,276,36)
(83,315,3)
(82,332,0)
(73,365,-39)
(79,385,-65)
(69,407,-103)
(58,418,-134)
(62,428,-172)
(49,429,-217)
(41,427,-253)
(39,423,-283)
(21,419,-325)
(26,406,-352)
(22,392,-368)
(20,380,-390)
(6,364,-404)
(17,333,-429)
(12,326,-430)
(23,311,-441)
(25,295,-447)
(38,280,-452)
(50,266,-452)
(53,237,-451)
(61,225,-447)
(60,210,-450)
(72,206,-446)
(84,190,-420)
(89,171,-427)
(86,152,-408)
(100,154,-408)
(97,167,-411)
(112,180,-404)
(115,205,-403)
(121,235,-401)
(118,256,-398)
(115,273,-395)
(109,293,-401)
(93,317,-395)
(81,349,-389)
(44,394,-376)
(10,400,-362)
(-1,411,-335)
(-5,431,-291)
(-33,435,-245)
(-52,434,-164)
(-49,413,-113)
(-53,385,-37)
(-51,375,-25)
(-60,320,24)
(-66,274,48)
(-85,227,55)
(-95,201,61)
(-109,167,63)
(-119,121,43)
(-133,103,23)
(-149,83,5)
(-163,69,-23)
(-192,76,-58)
(-210,80,-88)
(-228,100,-112)
(-243,107,-153)
(-252,120,-184)
(-243,123,-235)
(-244,120,-280)
(-240,112,-300)
(-229,103,-323)
(-220,116,-352)
(-213,123,-357)
(-220,132,-374)
(-224,138,-368)
(-213,159,-385)
(-219,145,-373)
(-217,151,-385)
(-223,145,-361)
(-221,139,-363)
(-213,129,-365)
(-210,116,-358)
(-199,83,-357)
(-199,63,-337)
(-186,40,-306)
(-186,20,-282)
(-187,29,-259)
(-190,16,-228)
(-193,23,-217)
(-197,17,-225)
(-199,19,-243)
(-199,23,-263)
(-187,31,-271)
(-200,44,-286)
(-205,57,-291)
(-210,68,-296)
(-227,83,-305)
(-227,89,-301)
(-245,87,-269)
(-240,88,-242)
(-242,80,-224)
(-240,72,-196)
(-231,73,-177)
(-230,70,-170)
(-234,78,-160)
(-233,83,-157)
(-232,76,-164)
(-230,56,-174)
(-216,48,-200)
(-213,37,-215)
(-214,34,-214)
(-215,43,-201)
(-210,44,-184)
(-212,50,-164)
(-210,52,-152)
(-200,44,-142)
(-206,34,-134)
(-198,34,-122)
(-175,29,-101)
(-157,15,-83)
(-135,17,-59)
(-111,21,-29)
(-81,29,-5)
(-45,51,29)
(-28,82,48)
(10,124,60)
(64,174,58)
(110,202,28)
(129,229,3)
(162,258,-28)
(167,287,-71)
(164,320,-130)
(155,349,-181)
(144,372,-220)
(130,396,-216)
(97,425,-229)
(70,440,-230)
(28,454,-224)
(7,451,-229)
(-19,455,-231)
(-45,447,-255)
(-85,427,-263)
(-107,415,-271)
(-126,404,-254)
(-151,381,-257)
(-177,361,-239)
(-205,341,-229)
(-209,323,-221)
(-216,300,-196)
(-232,282,-186)
(-237,261,-153)
(-238,238,-124)
(-231,225,-95)
(-220,220,-66)
(-216,210,-44)
(-185,185,-13)
(-170,154,10)
(-152,158,18)
(-139,189,27)
(-127,215,35)
(-106,252,36)
(-86,292,32)
(-52,336,8)
(-44,372,-36)
(-37,405,-81)
(-55,431,-149)
(-64,436,-206)
(-53,433,-259)
(-59,423,-307)
(-59,401,-357)
(-53,381,-381)
(-48,364,-402)
(-29,347,-433)
(-35,339,-439)
(-23,309,-461)
(-21,291,-457)
(-15,295,-459)
(-20,308,-452)
(-35,337,-443)
(-36,362,-418)
(-40,376,-400)
(-52,402,-352)
(-55,425,-309)
(-55,437,-271)
(-59,439,-217)
(-59,425,-171)
(-44,414,-102)
(-35,389,-45)
(-39,361,-5)
(-33,319,33)
(-33,301,49)
(-35,275,55)
(-37,265,53)
(-44,282,48)
(-49,319,29)
(-61,371,-35)
(-47,417,-89)
(-42,428,-154)
(-31,435,-217)
(-36,432,-262)
(-28,424,-304)
(-19,415,-347)
(-17,393,-371)
(-13,385,-389)
(-3,369,-403)
(14,348,-422)
(26,332,-430)
(47,319,-431)
(49,309,-433)
(57,301,-433)
(50,308,-424)
(45,337,-419)
(33,361,-401)
(20,374,-402)
(10,388,-376)
(-12,404,-366)
(-32,406,-346)
(-51,415,-313)
(-76,422,-266)
(-90,420,-216)
(-105,417,-181)
(-100,404,-138)
(-103,385,-87)
(-100,348,-34)
(-100,312,6)
(-96,276,42)
(-82,232,68)
(-71,201,69)
(-62,166,62)
(-76,176,68)
(-105,181,57)
(-154,224,18)
(-184,242,-28)
(-216,238,-72)
(-235,227,-99)
(-238,204,-120)
(-240,176,-136)
(-242,154,-154)
(-237,157,-153)
(-240,164,-158)
(-248,180,-168)
(-252,192,-178)
(-254,200,-186)
(-245,233,-221)
(-240,270,-254)
(-221,275,-289)
(-211,281,-313)
(-206,290,-318)
(-197,295,-329)
(-204,304,-310)
(-217,301,-285)
(-224,284,-256)
(-233,275,-229)
(-238,256,-206)
(-242,252,-172)
(-237,229,-151)
(-235,209,-113)
(-230,184,-108)
(-214,170,-74)
(-207,151,-59)
(-197,123,-43)
(-184,100,-40)
(-172,84,-32)
(-154,62,-38)
(-145,61,-27)
(-151,59,-29)
(-154,66,-32)
(-156,80,-20)
(-155,91,-5)
(-169,125,-11)
(-179,155,-17)
(-195,195,-29)
(-210,224,-52)
(-205,251,-75)
(-213,279,-95)
(-202,306,-134)
(-206,320,-164)
(-186,338,-200)
(-174,364,-240)
(-174,378,-272)
(-165,377,-291)
(-157,363,-317)
(-152,368,-314)
(-151,367,-309)
(-165,369,-297)
(-182,356,-248)
(-196,340,-226)
(-203,329,-185)
(-214,302,-150)
(-224,270,-122)
(-218,256,-84)
(-211,229,-63)
(-209,205,-47)
(-191,183,-19)
(-175,155,-7)
(-156,132,2)
(-135,95,11)
(-123,67,7)
(-109,45,-15)
(-105,27,-23)
(-97,5,-41)
(-89,-7,-69)
(-98,-16,-92)
(-94,-30,-116)
(-98,-26,-138)
(-123,-15,-177)
(-137,-9,-203)
(-153,-11,-227)
(-167,7,-259)
(-190,30,-272)
(-196,48,-298)
(-205,67,-313)
(-216,80,-322)
(-217,95,-333)
(-219,111,-337)
(-224,130,-336)
(-239,155,-347)
(-236,166,-342)
(-239,183,-337)
(-247,187,-331)
(-251,203,-329)
(-254,208,-316)
(-252,222,-310)
(-250,226,-302)
(-252,234,-296)
(-264,238,-298)
(-266,222,-280)
(-263,237,-279)
(-267,231,-275)
(-276,232,-266)
(-273,241,-249)
(-267,247,-241)
(-269,235,-227)
(-269,235,-221)
(-274,248,-222)
(-276,242,-214)
(-273,243,-215)
(-274,248,-220)
(-269,251,-233)
(-264,244,-236)
(-272,228,-250)
(-277,217,-265)
(-276,184,-264)
(-275,139,-245)
(-264,114,-224)
(-262,98,-204)
(-259,81,-203)
(-244,68,-176)
(-228,62,-150)
(-214,50,-126)
(-212,50,-108)
(-193,45,-85)
(-186,50,-68)
(-182,40,-64)
(-175,29,-73)
(-181,15,-99)
(-182,12,-122)
(-191,15,-153)
(-203,11,-179)
(-214,34,-224)
(-231,61,-237)
(-242,76,-262)
(-251,97,-275)
(-252,116,-278)
(-268,130,-282)
(-258,158,-286)
(-262,174,-296)
(-260,188,-288)
(-267,203,-293)
(-262,212,-290)
(-259,215,-287)
(-263,229,-285)
(-250,234,-290)
(-259,239,-273)
(-261,249,-275)
(-263,245,-267)
(-269,243,-251)
(-271,235,-247)
(-268,242,-230)
(-267,245,-235)
(-269,243,-223)
(-265,237,-237)
(-269,233,-237)
(-274,228,-242)
(-274,222,-260)
(-278,192,-246)
(-275,169,-245)
(-277,147,-223)
(-273,133,-225)
(-268,128,-214)
(-274,118,-202)
(-271,115,-191)
(-257,103,-177)
(-250,104,-166)
(-257,109,-169)
(-266,132,-180)
(-274,136,-222)
(-254,130,-298)
(-262,122,-280)
(-263,135,-271)
(-274,132,-260)
(-273,145,-221)
(-270,156,-198)
(-277,153,-181)
(-261,121,-161)
(-239,67,-147)
(-223,51,-137)
(-225,41,-153)
(-217,41,-153)
(-217,55,-119)
(-217,81,-87)
(-213,101,-65)
(-199,109,-35)
(-178,94,-20)
(-144,72,0)
(-120,78,14)
(-96,84,40)
(-67,129,59)
(-52,170,80)
(-32,208,80)
(-2,248,66)
(8,272,64)
(-33,281,59)
(-70,282,40)
(-119,257,25)
(-157,195,17)
(-182,166,-18)
(-204,120,-56)
(-229,129,-113)
(-250,136,-160)
(-254,150,-176)
(-258,150,-182)
(-256,154,-188)
(-255,153,-175)
(-250,146,-162)
(-246,136,-152)
(-253,127,-157)
(-242,120,-154)
(-245,111,-157)
(-239,101,-137)
(-218,90,-114)
(-202,78,-86)
(-168,52,-52)
(-94,28,-14)
(-43,41,21)
(3,69,39)
(29,99,53)
(54,114,56)
(65,143,51)
(57,149,69)
(34,146,68)
(2,132,74)
(-39,139,71)
(-92,148,72)
(-102,152,62)
(-88,140,60)
(-71,149,73)
(-45,171,89)
(-26,172,90)
(-18,168,82)
(-7,171,81)
(-7,183,83)
(-26,216,86)
(-33,225,87)
(-19,235,81)
(-7,259,69)
(-16,276,68)
(11,273,73)
(15,267,69)
(-19,281,61)
(-25,301,39)
(-44,342,12)
(-68,360,-20)
(-94,374,-62)
(-99,387,-89)
(-118,392,-106)
(-140,382,-132)
(-151,371,-133)
(-176,354,-132)
(-192,328,-128)
(-196,294,-104)
(-204,272,-70)
(-192,240,-38)
(-167,223,-7)
(-155,199,19)
(-116,198,44)
(-93,199,53)
(-63,207,67)
(-27,229,75)
(7,237,65)
(25,277,49)
(42,302,28)
(50,334,8)
(55,367,-29)
(52,396,-66)
(40,414,-104)
(17,433,-129)
(-12,442,-152)
(-32,436,-170)
(-56,430,-178)
(-94,424,-172)
(-114,412,-166)
(-140,394,-160)
(-157,377,-133)
(-170,352,-112)
(-171,315,-79)
(-169,303,-41)
(-137,291,-13)
(-111,301,9)
(-70,322,18)
(-30,336,18)
(-8,360,-4)
(19,385,-31)
(40,400,-64)
(29,419,-101)
(24,434,-130)
(10,440,-162)
(-24,442,-190)
(-41,437,-189)
(-69,437,-189)
(-91,425,-177)
(-119,405,-145)
(-136,380,-118)
(-148,354,-96)
(-151,337,-65)
(-136,314,-28)
(-122,304,-4)
(-89,311,15)
(-43,319,33)
(-24,326,26)
(3,349,13)
(22,368,-14)
(30,394,-48)
(28,408,-76)
(15,419,-85)
(-17,423,-111)
(-51,415,-107)
(-77,415,-105)
(-110,382,-90)
(-132,362,-74)
(-142,340,-50)
(-141,301,-17)
(-122,276,14)
(-112,258,40)
(-109,245,39)
(-103,233,49)
(-87,233,53)
(-67,253,45)
(-57,279,53)
(-35,317,27)
(-33,343,19)
(-32,358,-6)
(-28,362,-16)
(-40,388,-36)
(-76,388,-66)
(-104,378,-70)
(-137,357,-65)
(-160,318,-50)
(-174,282,-34)
(-188,244,-28)
(-173,203,-7)
(-152,174,18)
(-138,160,26)
(-108,156,42)
(-109,153,55)
(-66,174,70)
(-56,174,74)
(-39,205,77)
(-18,252,70)
(-31,281,47)
(-30,310,34)
(-70,322,16)
(-98,326,2)
(-119,309,-1)
(-148,278,-8)
(-171,241,1)
(-159,189,7)
(-153,151,19)
(-130,132,32)
(-107,123,41)
(-80,118,52)
(-59,123,65)
(-42,154,68)
(-26,170,80)
(-14,212,72)
(-11,245,73)
(-42,282,58)
(-48,294,40)
(-82,290,30)
(-118,282,24)
(-128,252,28)
(-144,228,24)
(-160,188,12)
(-157,149,15)
(-160,126,0)
(-138,102,0)
(-125,97,9)
(-114,90,24)
(-108,108,44)
(-79,133,57)
(-65,161,63)
(-54,194,70)
(-53,223,69)
(-62,254,52)
(-84,278,40)
(-97,289,21)
(-118,262,22)
(-138,222,20)
(-148,176,14)
(-142,122,6)
(-134,88,6)
(-113,57,-1)
(-92,42,-4)
(-78,36,-2)
(-84,46,10)
(-73,57,15)
(-102,90,30)
(-111,125,39)
(-133,157,35)
(-154,168,16)
(-168,168,0)
(-174,148,-10)
(-171,119,-9)
(-149,101,-15)
(-140,62,-6)
(-124,38,-32)
(-122,20,-56)
(-126,6,-78)
(-127,-1,-95)
(-143,-7,-131)
(-160,4,-166)
(-183,21,-181)
(-208,44,-190)
(-219,61,-193)
(-232,76,-170)
(-233,91,-147)
(-221,91,-111)
(-211,101,-73)
(-174,100,-28)
(-146,92,10)
(-109,95,23)
(-100,92,34)
(-71,73,37)
(-57,59,21)
(-35,41,19)
(-28,26,2)
(-24,14,-20)
(-32,-4,-46)
(-46,-22,-88)
(-60,-36,-122)
(-68,-30,-166)
(-99,-27,-207)
(-131,-13,-253)
(-140,2,-278)
(-146,28,-312)
(-153,37,-333)
(-157,57,-355)
(-164,70,-372)
(-169,89,-375)
(-193,105,-379)
(-187,121,-383)
(-197,137,-387)
(-205,145,-391)
(-203,159,-391)
(-204,182,-396)
(-198,184,-398)
(-198,204,-402)
(-189,217,-415)
(-199,233,-423)
(-185,233,-419)
(-187,247,-427)
(-175,263,-433)
(-163,265,-431)
(-166,272,-432)
(-155,293,-435)
(-158,306,-444)
(-138,308,-446)
(-132,306,-452)
(-129,301,-451)
(-118,316,-458)
(-125,313,-457)
(-118,322,-458)
(-114,324,-452)
(-114,328,-456)
(-114,332,-456)
(-102,340,-460)
(-96,344,-452)
(-95,349,-455)
(-83,349,-457)
(-96,354,-456)
(-91,349,-463)
(-82,350,-458)
(-65,355,-461)
(-65,355,-459)
(-61,365,-455)
(-55,375,-455)
(-56,380,-450)
(-59,377,-463)
(-56,382,-448)
(-50,388,-444)
(-49,383,-443)
(-49,391,-447)
(-45,383,-443)
(-35,387,-447)
(-30,382,-438)
(-39,387,-447)
(-33,387,-449)
(-34,384,-448)
(-41,387,-445)
(-51,387,-453)
(-41,379,-449)
(-47,381,-457)
(-50,380,-456)
(-64,374,-438)
(-102,382,-444)
(-114,364,-434)
(-123,359,-425)
(-135,361,-429)
(-161,343,-427)
(-172,320,-412)
(-187,311,-405)
(-194,294,-420)
(-204,280,-396)
(-219,257,-395)
(-224,236,-388)
(-222,226,-384)
(-232,206,-382)
(-233,179,-373)
(-228,162,-368)
(-236,148,-362)
(-238,134,-350)
(-229,113,-347)
(-234,94,-328)
(-233,81,-307)
(-220,64,-278)
(-224,46,-262)
(-207,27,-239)
(-182,14,-218)
(-175,-3,-191)
(-139,-19,-169)
(-120,-34,-138)
(-85,-35,-127)
(-60,-36,-108)
(-29,-31,-89)
(-21,-27,-97)
(1,-23,-83)
(23,-7,-73)
(46,8,-56)
(66,24,-58)
(90,40,-50)
(106,60,-46)
(118,90,-42)
(131,113,-43)
(145,145,-41)
(160,180,-46)
(174,210,-66)
(173,237,-75)
(171,263,-73)
(187,299,-75)
(174,320,-84)
(172,350,-104)
(152,382,-114)
(131,391,-131)
(114,406,-130)
(100,426,-140)
(75,441,-157)
(57,447,-171)
(41,461,-185)
(20,454,-204)
(7,447,-227)
(-14,458,-244)
(-22,460,-244)
(-32,454,-272)
(-41,443,-275)
(-51,443,-281)
(-58,430,-300)
(-69,427,-307)
(-73,417,-319)
(-86,410,-332)
(-89,399,-341)
(-109,381,-355)
(-122,378,-368)
(-124,366,-366)
(-124,370,-368)
(-121,373,-371)
(-114,374,-366)
(-114,380,-368)
(-119,377,-359)
(-113,383,-359)
(-97,381,-365)
(-83,403,-341)
(-74,414,-328)
(-58,424,-306)
(-52,434,-282)
(-39,441,-257)
(-22,438,-212)
(-13,443,-171)
(-4,424,-114)
(-6,410,-74)
(-1,379,-11)
(-11,335,17)
(-26,284,56)
(-56,230,72)
(-60,198,76)
(-82,158,58)
(-104,120,40)
(-127,77,15)
(-148,38,-44)
(-164,26,-88)
(-161,5,-135)
(-170,14,-190)
(-185,21,-249)
(-201,45,-283)
(-196,72,-312)
(-197,89,-345)
(-205,99,-351)
(-212,140,-372)
(-208,152,-376)
(-213,145,-363)
(-204,156,-372)
(-194,148,-380)
(-190,160,-392)
(-176,168,-412)
(-161,189,-425)
(-145,205,-437)
(-136,232,-434)
(-154,270,-424)
(-160,280,-404)
(-163,291,-395)
(-182,282,-374)
(-210,264,-360)
(-208,254,-350)
(-221,245,-341)
(-219,237,-331)
(-227,219,-327)
(-225,195,-323)
(-236,192,-308)
(-236,164,-286)
(-234,152,-284)
(-244,138,-280)
(-232,166,-300)
(-233,191,-311)
(-236,200,-306)
(-233,211,-287)
(-235,195,-289)
(-242,174,-280)
(-246,164,-276)
(-237,177,-271)
(-249,157,-221)
(-240,130,-190)
(-238,124,-158)
(-223,109,-127)
(-207,99,-87)
(-185,85,-53)
(-164,86,-40)
(-158,78,-46)
(-183,69,-69)
(-187,57,-107)
(-202,56,-156)
(-217,63,-197)
(-225,73,-243)
(-226,106,-282)
(-231,143,-309)
(-223,171,-325)
(-222,190,-340)
(-218,222,-338)
(-210,244,-342)
(-209,277,-343)
(-197,297,-345)
(-179,309,-345)
(-169,325,-341)
(-177,333,-347)
(-160,340,-340)
(-167,351,-321)
(-165,355,-317)
(-159,361,-297)
(-161,375,-285)
(-172,366,-272)
(-166,366,-264)
(-150,384,-264)
(-134,390,-264)
(-144,402,-254)
(-142,396,-240)
(-120,404,-240)
(-113,405,-237)
(-104,416,-236)
(-104,420,-238)
(-107,427,-245)
(-139,397,-261)
(-188,354,-252)
(-203,311,-259)
(-207,321,-255)
(-214,300,-252)
(-212,294,-248)
(-228,278,-238)
(-236,272,-236)
(-242,256,-230)
(-240,252,-234)
(-239,255,-237)
(-219,281,-249)
(-211,305,-263)
(-212,312,-270)
(-217,299,-257)
(-230,270,-230)
(-238,266,-210)
(-228,286,-234)
(-211,321,-253)
(-194,334,-270)
(-181,353,-287)
(-155,377,-281)
(-145,377,-293)
(-132,392,-296)
(-114,394,-294)
(-100,408,-296)
(-93,415,-287)
(-97,407,-289)
(-87,415,-279)
(-102,414,-284)
(-90,406,-282)
(-108,406,-278)
(-152,378,-274)
(-208,330,-256)
(-233,295,-253)
(-234,294,-252)
(-225,281,-249)
(-234,272,-248)
(-236,258,-236)
(-246,220,-214)
(-253,199,-207)
(-251,173,-197)
(-244,140,-198)
(-239,93,-189)
(-219,63,-147)
(-182,38,-102)
(-145,33,-53)
(-101,57,-7)
(-59,67,31)
(-20,112,50)
(27,169,59)
(54,218,44)
(88,280,16)
(94,320,-10)
(103,347,-63)
(94,388,-104)
(94,400,-144)
(61,415,-187)
(58,420,-202)
(35,429,-243)
(16,428,-272)
(-2,426,-298)
(-40,426,-292)
(-62,432,-280)
(-88,418,-288)
(-114,408,-270)
(-144,386,-252)
(-178,360,-238)
(-206,316,-222)
(-221,289,-225)
(-234,264,-206)
(-239,231,-207)
(-242,204,-218)
(-245,189,-223)
(-247,179,-249)
(-245,157,-251)
(-245,153,-265)
(-245,161,-259)
(-245,147,-255)
(-250,148,-240)
(-245,129,-213)
(-232,102,-170)
(-202,70,-112)
(-155,65,-43)
(-102,88,20)
(-14,132,66)
(39,173,55)
(90,222,34)
(129,273,-15)
(137,311,-57)
(147,329,-85)
(138,348,-124)
(130,380,-138)
(106,398,-186)
(76,420,-218)
(47,431,-237)
(18,430,-268)
(5,431,-285)
(17,415,-317)
(18,398,-338)
(20,410,-340)
(19,401,-343)
(16,416,-318)
(-6,424,-292)
(-9,441,-245)
(-17,433,-181)
(-21,417,-123)
(-22,392,-58)
(-11,337,13)
(5,277,49)
(1,219,71)
(11,173,79)
(21,155,71)
(18,116,56)
(33,115,49)
(24,152,66)
(5,221,63)
(-1,299,45)
(-7,349,1)
(-14,412,-64)
(-37,421,-131)
(-32,436,-162)
(-30,430,-222)
(-32,424,-272)
(-30,420,-332)
(-29,387,-353)
(-42,392,-368)
(-45,409,-337)
(-44,432,-282)
(-34,430,-216)
(-22,426,-146)
(5,411,-95)
(40,388,-44)
(41,339,-5)
(76,294,14)
(91,255,35)
(97,211,25)
(108,178,20)
(115,151,17)
(121,113,-5)
(100,78,-28)
(77,43,-45)
(65,31,-63)
(55,15,-59)
(59,21,-59)
(62,46,-24)
(62,66,-4)
(77,99,13)
(80,144,32)
(72,210,40)
(74,268,34)
(65,299,31)
(42,344,-6)
(31,365,-19)
(20,378,-54)
(21,403,-55)
(22,394,-68)
(33,375,-51)
(55,353,-11)
(62,316,18)
(76,260,34)
(99,219,35)
(99,179,27)
(100,132,16)
(86,80,-18)
(60,14,-58)
(34,-10,-100)
(-24,-18,-152)
(-70,-30,-208)
(-106,-12,-256)
(-135,7,-301)
(-148,42,-338)
(-152,72,-368)
(-168,96,-368)
(-161,119,-387)
(-168,132,-386)
(-176,154,-404)
(-181,181,-397)
(-186,208,-398)
(-189,217,-397)
(-187,233,-389)
(-198,248,-370)
(-203,265,-363)
(-199,291,-349)
(-190,282,-346)
(-196,282,-348)
(-191,279,-357)
(-189,285,-353)
(-192,292,-362)
(-184,292,-360)
(-183,293,-359)
(-179,293,-355)
(-190,308,-352)
(-172,308,-342)
(-183,323,-331)
(-195,335,-309)
(-190,330,-308)
(-184,334,-302)
(-187,339,-295)
(-187,333,-289)
(-181,335,-299)
(-183,339,-283)
(-185,341,-293)
(-189,341,-287)
(-189,337,-303)
(-194,336,-306)
(-192,318,-314)
(-204,286,-330)
(-198,284,-338)
(-216,244,-348)
(-227,211,-321)
(-232,178,-314)
(-239,163,-303)
(-235,121,-271)
(-236,100,-234)
(-228,80,-190)
(-216,66,-158)
(-194,66,-106)
(-161,65,-63)
(-140,58,-28)
(-133,63,-19)
(-95,43,-21)
(-93,19,-53)
(-106,4,-90)
(-127,-3,-129)
(-143,-1,-145)
(-153,11,-139)
(-169,35,-121)
(-183,61,-97)
(-187,87,-57)
(-178,94,-42)
(-153,117,-7)
(-127,143,13)
(-98,156,32)
(-90,142,40)
(-89,105,27)
(-97,75,9)
(-110,64,-2)
(-113,77,-3)
(-121,105,3)
(-113,151,21)
(-89,183,45)
(-65,235,43)
(-25,305,21)
(8,368,-30)
(18,394,-76)
(2,408,-86)
(-5,417,-93)
(-30,404,-100)
(-63,389,-73)
(-88,360,-62)
(-113,325,-35)
(-113,313,-33)
(-126,276,0)
(-123,251,21)
(-121,239,21)
(-106,230,28)
(-97,221,39)
(-64,220,52)
(-46,220,58)
(-22,264,34)
(-10,290,34)
(-15,299,27)
(-31,315,17)
(-61,325,-9)
(-88,338,-20)
(-116,338,-52)
(-128,324,-48)
(-142,294,-34)
(-145,243,1)
(-155,209,-1)
(-147,177,-1)
(-161,161,-7)
(-162,162,-2)
(-173,153,-27)
(-177,171,-25)
(-166,188,-18)
(-154,214,0)
(-131,231,19)
(-88,250,28)
(-77,269,39)
(-36,294,34)
(-37,297,23)
(-10,318,10)
(20,354,-10)
(25,373,-25)
(25,375,-41)
(15,361,-21)
(-24,340,0)
(-68,312,6)
(-97,271,27)
(-106,228,36)
(-116,196,36)
(-121,149,33)
(-114,110,26)
(-108,90,16)
(-113,73,-1)
(-107,59,-5)
(-104,42,-14)
(-94,42,-20)
(-105,29,-35)
(-95,33,-23)
(-93,39,-23)
(-110,46,-22)
(-133,57,-21)
(-153,81,-33)
(-168,110,-38)
(-180,116,-42)
(-200,146,-46)
(-212,168,-72)
(-229,193,-107)
(-231,215,-119)
(-229,219,-121)
(-226,228,-140)
(-230,256,-154)
(-229,281,-169)
(-226,292,-170)
(-219,305,-191)
(-227,301,-207)
(-217,305,-205)
(-214,288,-210)
(-224,296,-194)
(-228,272,-194)
(-239,247,-193)
(-244,206,-192)
(-243,197,-189)
(-243,179,-169)
(-237,175,-165)
(-241,135,-149)
(-227,127,-137)
(-230,112,-150)
(-230,116,-134)
(-234,146,-136)
(-231,205,-117)
(-218,234,-116)
(-211,263,-105)
(-202,278,-108)
(-201,273,-79)
(-223,235,-99)
(-241,171,-125)
(-233,141,-135)
(-228,122,-158)
(-238,118,-146)
(-235,139,-131)
(-229,157,-121)
(-225,197,-105)
(-224,206,-92)
(-225,209,-91)
(-226,172,-88)
(-225,123,-109)
(-214,86,-126)
(-204,80,-120)
(-203,69,-121)
(-204,68,-104)
(-196,78,-96)
(-186,92,-86)
(-205,127,-53)
(-187,159,-37)
(-179,167,-29)
(-174,162,-26)
(-168,136,-10)
(-149,91,-21)
(-154,64,-44)
(-159,51,-67)
(-161,59,-67)
(-174,76,-56)
(-191,111,-61)
(-200,138,-62)
(-203,173,-57)
(-211,157,-71)
(-222,146,-82)
(-220,122,-110)
(-213,103,-123)
(-218,86,-136)
(-217,83,-149)
(-218,68,-154)
(-216,86,-158)
(-233,99,-163)
(-232,122,-140)
(-228,154,-126)
(-223,143,-101)
(-211,135,-91)
(-214,122,-82)
(-204,102,-86)
(-184,66,-88)
(-178,48,-110)
(-183,43,-129)
(-197,43,-149)
(-203,57,-147)
(-220,82,-138)
(-216,100,-130)
(-216,106,-124)
(-211,105,-111)
(-210,86,-104)
(-193,71,-109)
(-184,38,-138)
(-175,21,-163)
(-181,25,-191)
(-196,32,-214)
(-209,53,-219)
(-221,67,-213)
(-232,78,-212)
(-228,88,-206)
(-218,80,-176)
(-202,52,-166)
(-189,27,-185)
(-198,22,-210)
(-197,35,-249)
(-203,49,-275)
(-215,79,-271)
(-235,91,-269)
(-235,95,-257)
(-229,71,-221)
(-205,47,-231)
(-193,29,-237)
(-190,36,-276)
(-212,66,-318)
(-213,95,-329)
(-214,124,-338)
(-223,137,-333)
(-218,140,-336)
(-221,107,-319)
(-206,94,-320)
(-210,96,-338)
(-213,125,-355)
(-214,152,-352)
(-216,156,-364)
(-216,144,-356)
(-207,129,-357)
(-207,91,-323)
(-208,60,-286)
(-202,44,-260)
(-204,42,-228)
(-204,42,-196)
(-195,39,-165)
(-201,51,-139)
(-193,65,-109)
(-191,79,-91)
(-197,95,-73)
(-196,116,-56)
(-198,118,-48)
(-190,132,-42)
(-193,151,-43)
(-195,173,-47)
(-193,201,-37)
(-189,219,-41)
(-190,246,-54)
(-198,270,-66)
(-184,296,-88)
(-171,323,-103)
(-170,348,-116)
(-159,351,-147)
(-144,390,-172)
(-122,402,-196)
(-104,420,-224)
(-93,409,-227)
(-81,419,-235)
(-52,434,-248)
(-35,437,-261)
(1,423,-273)
(25,423,-281)
(45,427,-265)
(55,419,-235)
(58,426,-208)
(57,423,-205)
(49,429,-221)
(58,420,-226)
(68,414,-220)
(71,419,-207)
(74,408,-146)
(77,409,-117)
(70,400,-90)
(65,381,-65)
(65,381,-61)
(48,384,-50)
(46,380,-48)
(37,381,-35)
(13,369,-23)
(14,374,-18)
(-5,375,-17)
(-3,385,-21)
(-16,378,-32)
(-22,392,-30)
(-15,391,-47)
(-14,400,-58)
(-17,401,-59)
(-15,415,-81)
(-28,426,-112)
(-36,420,-128)
(-59,441,-143)
(-77,429,-141)
(-92,396,-122)
(-113,369,-71)
(-118,340,-30)
(-121,319,-15)
(-114,318,-10)
(-100,318,0)
(-99,335,-15)
(-104,368,-54)
(-108,382,-86)
(-116,386,-110)
(-136,392,-148)
(-166,376,-178)
(-185,345,-211)
(-213,309,-219)
(-228,276,-200)
(-241,261,-185)
(-236,242,-152)
(-235,231,-133)
(-223,239,-97)
(-226,246,-112)
(-206,260,-94)
(-196,296,-114)
(-195,319,-139)
(-200,318,-154)
(-199,319,-157)
(-213,311,-185)
(-211,297,-201)
(-227,283,-221)
(-227,277,-213)
(-230,270,-202)
(-230,262,-168)
(-219,263,-129)
(-202,286,-124)
(-196,288,-118)
(-191,297,-121)
(-193,311,-125)
(-193,321,-141)
(-182,330,-142)
(-188,344,-174)
(-201,331,-201)
(-205,315,-211)
(-217,305,-207)
(-219,281,-201)
(-231,269,-187)
(-223,259,-155)
(-213,277,-151)
(-206,304,-128)
(-184,320,-144)
(-185,329,-167)
(-216,300,-162)
(-232,252,-144)
(-231,229,-119)
(-214,214,-100)
(-212,212,-86)
(-210,218,-74)
(-212,232,-68)
(-201,227,-63)
(-204,230,-72)
(-199,203,-61)
(-194,168,-48)
(-189,149,-43)
(-185,143,-51)
(-186,156,-40)
(-188,162,-40)
(-187,199,-41)
(-194,220,-50)
(-200,240,-66)
(-211,243,-81)
(-208,228,-84)
(-214,202,-84)
(-209,193,-71)
(-207,173,-75)
(-205,169,-69)
(-210,186,-68)
(-209,209,-71)
(-203,229,-69)
(-200,240,-72)
(-203,265,-85)
(-201,279,-113)
(-223,267,-143)
(-234,240,-170)
(-236,220,-182)
(-238,206,-180)
(-234,220,-170)
(-242,222,-160)
(-232,234,-152)
(-220,266,-152)
(-212,284,-164)
(-212,288,-178)
(-231,273,-187)
(-236,248,-200)
(-235,231,-199)
(-237,215,-181)
(-238,214,-162)
(-240,228,-142)
(-220,246,-138)
(-221,259,-131)
(-209,279,-137)
(-212,286,-156)
(-221,283,-191)
(-233,243,-205)
(-241,217,-193)
(-241,211,-185)
(-238,212,-162)
(-232,218,-136)
(-212,240,-106)
(-188,260,-88)
(-177,299,-75)
(-170,314,-84)
(-182,316,-126)
(-198,308,-146)
(-204,302,-174)
(-225,285,-205)
(-229,277,-253)
(-223,259,-295)
(-208,238,-340)
(-207,227,-349)
(-215,215,-349)
(-224,214,-334)
(-220,212,-328)
(-233,225,-313)
(-230,248,-300)
(-222,282,-274)
(-212,294,-256)
(-207,319,-221)
(-194,318,-204)
(-182,336,-170)
(-156,346,-110)
(-143,335,-65)
(-138,312,-36)
(-135,293,-7)
(-132,296,-18)
(-129,313,-23)
(-137,341,-55)
(-141,357,-97)
(-128,380,-132)
(-127,395,-171)
(-114,398,-234)
(-119,405,-277)
(-104,384,-324)
(-115,363,-377)
(-132,334,-376)
(-150,342,-356)
(-170,340,-336)
(-186,340,-294)
(-195,337,-235)
(-190,326,-136)
(-166,290,-54)
(-155,235,3)
(-136,188,18)
(-115,177,45)
(-109,183,43)
(-115,217,45)
(-123,269,31)
(-139,327,-15)
(-140,356,-68)
(-173,355,-117)
(-197,315,-165)
(-213,291,-159)
(-227,257,-135)
(-215,245,-121)
(-212,244,-100)
(-204,246,-98)
(-194,284,-104)
(-194,298,-106)
(-181,329,-125)
(-169,335,-145)
(-187,345,-177)
(-202,330,-176)
(-214,312,-188)
(-215,289,-179)
(-216,280,-162)
(-206,298,-130)
(-190,302,-124)
(-180,324,-140)
(-184,344,-162)
(-183,333,-177)
(-186,338,-176)
(-204,302,-162)
(-230,262,-142)
(-225,227,-115)
(-213,227,-109)
(-216,244,-92)
(-191,287,-99)
(-187,305,-109)
(-193,275,-81)
(-194,238,-54)
(-185,207,-35)
(-172,180,-24)
(-171,183,-17)
(-174,184,-30)
(-176,214,-20)
(-164,226,-18)
(-188,244,-36)
(-199,239,-57)
(-191,215,-53)
(-204,196,-50)
(-196,156,-42)
(-181,135,-29)
(-186,114,-42)
(-180,124,-34)
(-186,156,-40)
(-190,168,-34)
(-199,189,-51)
(-215,185,-69)
(-213,163,-81)
(-206,128,-92)
(-219,107,-89)
(-205,111,-87)
(-203,121,-75)
(-211,151,-65)
(-207,173,-57)
(-196,190,-56)
(-210,198,-50)
(-210,180,-44)
(-213,157,-75)
(-211,129,-81)
(-213,125,-91)
(-216,128,-90)
(-211,159,-87)
(-220,192,-76)
(-223,219,-89)
(-217,229,-89)
(-226,224,-108)
(-241,203,-121)
(-234,180,-126)
(-240,174,-138)
(-241,173,-135)
(-237,177,-125)
(-225,195,-111)
(-225,201,-113)
(-227,221,-107)
(-227,243,-113)
(-212,260,-108)
(-203,265,-105)
(-220,252,-118)
(-223,251,-121)
(-243,227,-121)
(-235,209,-133)
(-237,187,-135)
(-240,182,-146)
(-233,193,-127)
(-228,198,-114)
(-235,199,-107)
(-221,227,-105)
(-213,243,-97)
(-217,259,-91)
(-198,292,-98)
(-180,316,-100)
(-175,331,-105)
(-158,354,-110)
(-146,360,-112)
(-135,379,-117)
(-127,385,-117)
(-120,378,-114)
(-111,393,-115)
(-104,388,-106)
(-102,392,-110)
(-95,391,-103)
(-88,390,-96)
(-94,388,-90)
(-83,397,-91)
(-79,395,-101)
(-79,403,-91)
(-92,400,-100)
(-95,393,-107)
(-99,387,-121)
(-125,389,-143)
(-133,385,-153)
(-146,386,-160)
(-150,380,-188)
(-160,384,-192)
(-154,378,-192)
(-158,374,-194)
(-156,386,-200)
(-152,386,-212)
(-160,374,-218)
(-161,377,-231)
(-163,375,-233)
(-164,386,-222)
(-159,385,-225)
(-161,377,-211)
(-169,381,-207)
(-161,375,-189)
(-168,378,-180)
(-165,377,-159)
(-157,377,-161)
(-148,382,-152)
(-131,381,-135)
(-127,395,-143)
(-109,397,-141)
(-95,405,-133)
(-91,401,-131)
(-77,405,-137)
(-67,407,-147)
(-58,422,-148)
(-60,414,-158)
(-43,429,-167)
(-40,444,-186)
(-37,437,-203)
(-29,433,-225)
(-23,441,-245)
(-25,433,-247)
(-30,430,-264)
(-26,428,-274)
(-19,445,-271)
(-25,451,-277)
(-33,435,-277)
(-27,433,-291)
(-35,427,-291)
(-36,420,-308)
(-50,424,-304)
(-39,433,-289)
(-39,443,-267)
(-57,435,-237)
(-53,449,-219)
(-58,442,-198)
(-63,437,-185)
(-68,440,-194)
(-62,442,-200)
(-57,435,-221)
(-66,440,-248)
(-80,412,-264)
(-64,424,-272)
(-74,420,-264)
(-89,417,-243)
(-95,409,-263)
(-117,417,-277)
(-111,407,-293)
(-102,398,-310)
(-102,394,-312)
(-115,389,-319)
(-108,406,-318)
(-104,402,-320)
(-102,384,-316)
(-101,385,-331)
(-112,378,-324)
(-115,379,-325)
(-117,381,-329)
(-131,375,-317)
(-136,382,-294)
(-143,389,-269)
(-148,382,-268)
(-156,376,-272)
(-137,379,-263)
(-122,394,-238)
(-118,400,-198)
(-105,399,-185)
(-110,400,-184)
(-115,405,-193)
(-101,409,-189)
(-109,397,-203)
(-125,399,-217)
(-133,393,-231)
(-112,396,-208)
(-128,396,-214)
(-134,384,-206)
(-142,384,-196)
(-151,373,-195)
(-163,367,-195)
(-161,361,-179)
(-148,366,-182)
(-148,366,-174)
(-165,349,-167)
(-157,349,-143)
(-146,330,-110)
(-152,326,-88)
(-152,328,-92)
(-154,340,-102)
(-163,345,-121)
(-166,340,-126)
(-168,338,-134)
(-162,338,-110)
(-172,326,-100)
(-160,320,-76)
(-152,320,-56)
(-157,287,-45)
(-152,278,-30)
(-152,276,-30)
(-161,267,-15)
(-170,242,-32)
(-167,235,-19)
(-178,208,-26)
(-191,193,-39)
(-186,182,-30)
(-194,156,-58)
(-203,131,-61)
(-207,123,-95)
(-219,113,-95)
(-220,108,-134)
(-217,99,-139)
(-218,100,-160)
(-223,101,-171)
(-225,95,-183)
(-228,98,-202)
(-230,98,-210)
(-236,120,-230)
(-244,118,-242)
(-245,131,-241)
(-240,152,-244)
(-254,154,-264)
(-239,171,-265)
(-246,186,-260)
(-249,191,-261)
(-231,221,-273)
(-233,243,-273)
(-229,255,-273)
(-229,263,-279)
(-218,272,-288)
(-216,274,-298)
(-223,267,-291)
(-227,245,-295)
(-228,234,-294)
(-238,214,-294)
(-238,202,-288)
(-251,179,-279)
(-237,157,-263)
(-246,142,-264)
(-242,118,-246)
(-239,99,-235)
(-234,82,-224)
(-228,74,-208)
(-218,62,-194)
(-209,49,-191)
(-176,38,-146)
(-160,18,-104)
(-143,27,-73)
(-121,27,-41)
(-113,39,-27)
(-102,38,-22)
(-114,34,-32)
(-148,34,-66)
(-177,47,-99)
(-193,57,-131)
(-224,90,-176)
(-241,107,-213)
(-237,129,-241)
(-251,141,-251)
(-243,159,-261)
(-244,182,-262)
(-236,206,-268)
(-243,233,-269)
(-230,252,-274)
(-216,266,-280)
(-213,287,-287)
(-211,301,-287)
(-205,305,-287)
(-201,305,-297)
(-199,303,-297)
(-195,311,-303)
(-201,309,-305)
(-209,283,-293)
(-226,240,-298)
(-226,210,-312)
(-229,183,-307)
(-221,149,-309)
(-232,128,-292)
(-226,92,-270)
(-205,57,-239)
(-190,24,-210)
(-171,11,-171)
(-137,-1,-115)
(-102,-2,-70)
(-77,9,-33)
(-48,20,-26)
(-36,24,-14)
(-13,29,-3)
(-14,32,-6)
(-41,9,-23)
(-82,0,-48)
(-121,5,-93)
(-172,12,-142)
(-209,39,-203)
(-221,77,-241)
(-231,95,-279)
(-222,134,-300)
(-222,168,-308)
(-229,179,-323)
(-224,200,-320)
(-213,233,-335)
(-210,270,-330)
(-198,284,-342)
(-172,292,-360)
(-156,296,-386)
(-146,282,-402)
(-128,280,-418)
(-146,276,-420)
(-155,263,-407)
(-184,240,-394)
(-202,210,-368)
(-227,173,-325)
(-237,137,-275)
(-236,102,-226)
(-220,86,-192)
(-211,61,-155)
(-197,63,-131)
(-172,46,-94)
(-143,53,-57)
(-106,54,-2)
(-58,62,20)
(-5,87,27)
(22,108,46)
(66,140,34)
(94,176,38)
(114,214,12)
(117,277,-15)
(128,310,-46)
(119,361,-89)
(97,399,-125)
(84,406,-160)
(67,421,-215)
(55,425,-243)
(66,418,-268)
(61,419,-273)
(53,419,-251)
(57,417,-225)
(69,419,-211)
(77,419,-179)
(101,393,-139)
(116,366,-96)
(130,336,-64)
(124,304,-34)
(114,274,8)
(102,238,18)
(80,212,42)
(59,193,55)
(29,149,55)
(-7,127,65)
(-23,115,57)
(-8,150,68)
(11,175,63)
(26,180,66)
(32,150,62)
(31,125,61)
(45,147,55)
(30,176,66)
(11,171,71)
(-25,91,51)
(-58,64,24)
(-80,60,16)
(-71,85,39)
(-94,98,42)
(-116,62,-6)
(-134,28,-56)
(-151,21,-97)
(-157,23,-91)
(-162,52,-66)
(-185,71,-67)
(-184,60,-102)
(-204,56,-140)
(-193,63,-141)
(-206,68,-108)
(-212,78,-114)
(-218,72,-176)
(-226,86,-210)
(-230,88,-196)
(-235,93,-177)
(-221,101,-139)
(-215,77,-149)
(-202,54,-184)
(-211,45,-215)
(-225,75,-223)
(-231,91,-221)
(-235,105,-231)
(-249,129,-225)
(-246,158,-240)
(-249,171,-247)
(-245,199,-255)
(-247,225,-265)
(-237,265,-257)
(-235,267,-253)
(-229,295,-251)
(-219,307,-249)
(-208,320,-246)
(-197,345,-231)
(-190,352,-224)
(-185,347,-233)
(-174,362,-214)
(-167,373,-217)
(-160,380,-202)
(-157,391,-213)
(-151,393,-199)
(-148,388,-200)
(-160,394,-216)
(-160,378,-226)
(-186,356,-240)
(-210,324,-272)
(-210,292,-280)
(-233,241,-273)
(-239,207,-271)
(-246,168,-244)
(-247,127,-233)
(-239,95,-225)
(-215,59,-211)
(-201,33,-193)
(-185,19,-187)
(-168,6,-172)
(-159,-3,-159)
(-148,-8,-156)
(-123,-21,-139)
(-112,-16,-108)
(-101,-9,-67)
(-94,18,-34)
(-82,26,-18)
(-106,14,-50)
(-125,-3,-111)
(-139,-9,-159)
(-171,3,-209)
(-202,36,-240)
(-219,79,-255)
(-243,125,-261)
(-241,139,-257)
(-250,148,-254)
(-239,135,-257)
(-236,108,-258)
(-232,84,-234)
(-228,76,-192)
(-219,65,-151)
(-208,62,-120)
(-202,84,-100)
(-196,114,-56)
(-181,149,-29)
(-165,199,-13)
(-164,208,-2)
(-161,225,3)
(-150,190,16)
(-157,147,7)
(-163,97,-25)
(-167,67,-59)
(-165,41,-85)
(-187,35,-131)
(-188,22,-166)
(-206,32,-208)
(-214,42,-220)
(-208,50,-242)
(-213,55,-261)
(-221,61,-259)
(-237,91,-263)
(-238,108,-260)
(-244,132,-254)
(-253,155,-249)
(-250,166,-250)
(-254,172,-232)
(-251,177,-229)
(-262,182,-226)
(-257,171,-227)
(-253,173,-229)
(-242,144,-256)
(-238,114,-264)
(-226,76,-270)
(-215,61,-263)
(-203,49,-265)
(-194,24,-220)
(-165,13,-163)
(-153,23,-99)
(-114,32,-38)
(-76,30,2)
(-11,65,21)
(36,96,32)
(87,131,15)
(110,158,2)
(144,194,-8)
(149,243,-41)
(153,261,-51)
(151,325,-89)
(139,379,-109)
(128,392,-120)
(130,396,-156)
(111,415,-177)
(79,425,-199)
(42,434,-214)
(29,443,-223)
(13,447,-239)
(20,444,-254)
(30,438,-276)
(30,426,-280)
(32,440,-266)
(50,434,-264)
(52,430,-280)
(50,420,-306)
(59,413,-317)
(50,406,-334)
(52,400,-336)
(56,392,-342)
(54,402,-334)
(57,423,-303)
(56,424,-252)
(67,445,-201)
(71,431,-159)
(85,423,-131)
(98,410,-88)
(115,371,-45)
(125,347,-25)
(133,337,-11)
(140,320,-2)
(141,301,-1)
(122,328,-12)
(111,359,-31)
(98,398,-60)
(75,411,-83)
(58,436,-124)
(46,450,-158)
(46,444,-196)
(30,442,-226)
(47,437,-251)
(34,440,-224)
(39,441,-185)
(43,445,-169)
(59,433,-127)
(74,410,-82)
(89,387,-39)
(111,355,-13)
(116,352,-18)
(120,360,-18)
(95,371,-21)
(57,397,-33)
(13,381,-5)
(10,344,32)
(13,281,69)
(-15,235,69)
(-18,218,72)
(0,230,70)
(15,265,57)
(4,304,42)
(-32,314,32)
(-78,282,32)
(-99,211,51)
(-115,175,45)
(-123,167,41)
(-136,132,32)
(-109,133,39)
(-94,172,50)
(-74,236,58)
(-85,257,35)
(-113,281,19)
(-147,245,19)
(-186,216,-20)
(-200,192,-48)
(-202,176,-44)
(-184,174,-14)
(-146,198,14)
(-111,229,45)
(-98,260,42)
(-121,243,21)
(-167,217,5)
(-192,168,-36)
(-213,149,-65)
(-218,134,-84)
(-219,149,-73)
(-210,156,-48)
(-191,195,-31)
(-186,226,-20)
(-184,236,-22)
(-206,216,-42)
(-204,190,-52)
(-212,190,-58)
(-213,189,-53)
(-211,197,-59)
(-207,187,-63)
(-198,196,-42)
(-187,211,-31)
(-175,211,-19)
(-179,211,-11)
(-168,216,-10)
(-161,217,-3)
(-151,225,-1)
(-165,229,3)
(-161,247,5)
(-152,244,-2)
(-146,250,-4)
(-158,272,-6)
(-159,265,-5)
(-163,265,-21)
(-164,274,-28)
(-158,264,-30)
(-162,264,-24)
(-162,252,-20)
(-167,257,-13)
(-164,248,-6)
(-170,238,-22)
(-173,245,-13)
(-168,234,-10)
(-157,237,-9)
(-161,237,-7)
(-169,235,-9)
(-160,228,-4)
(-159,225,3)
(-157,225,5)
(-155,223,1)
(-160,230,8)
(-156,210,6)
(-153,219,3)
(-169,215,1)
(-162,214,-2)
(-178,206,0)
(-173,201,-3)
(-171,195,-7)
(-171,191,-11)
(-184,172,-6)
(-176,170,-14)
(-179,165,-13)
(-175,157,-13)
(-177,157,-13)
(-191,141,-21)
(-196,136,-26)
(-187,129,-35)
(-186,134,-34)
(-199,125,-45)
(-194,126,-52)
(-199,117,-65)
(-198,118,-58)
(-201,117,-57)
(-204,118,-60)
(-206,106,-66)
(-205,99,-77)
(-206,96,-86)
(-209,91,-89)
(-203,89,-101)
(-203,81,-111)
(-212,80,-108)
(-213,73,-123)
(-211,71,-121)
(-212,66,-136)
(-217,65,-145)
(-212,60,-158)
(-219,61,-171)
(-212,56,-172)
(-219,61,-173)
(-221,63,-155)
(-217,57,-153)
(-216,74,-144)
(-210,60,-148)
(-220,52,-178)
(-214,52,-190)
(-214,44,-190)
(-204,52,-182)
(-202,40,-154)
(-185,45,-109)
(-169,29,-91)
(-150,38,-68)
(-146,36,-52)
(-141,43,-51)
(-130,46,-24)
(-106,60,-2)
(-90,70,8)
(-57,69,29)
(-33,69,33)
(-28,58,28)
(28,94,42)
(72,110,32)
(104,134,10)
(148,158,-8)
(188,170,-46)
(200,182,-90)
(204,194,-166)
(203,207,-209)
(201,207,-253)
(182,198,-294)
(160,198,-334)
(144,194,-350)
(125,203,-373)
(118,188,-386)
(92,188,-408)
(75,181,-407)
(61,167,-413)
(47,157,-421)
(30,150,-428)
(7,149,-419)
(-20,146,-424)
(-19,137,-425)
(4,150,-436)
(24,164,-428)
(51,185,-425)
(95,207,-415)
(122,242,-392)
(148,278,-352)
(194,252,-276)
(200,224,-212)
(210,198,-156)
(209,173,-107)
(177,153,-67)
(163,131,-43)
(131,113,-9)
(115,93,9)
(68,74,20)
(33,57,19)
(-6,44,12)
(-50,22,-8)
(-102,10,-52)
(-138,8,-96)
(-176,22,-146)
(-187,31,-177)
(-199,41,-221)
(-209,45,-243)
(-210,62,-268)
(-204,64,-296)
(-192,68,-314)
(-185,69,-345)
(-160,76,-368)
(-138,80,-396)
(-112,76,-418)
(-99,95,-421)
(-77,101,-427)
(-69,97,-443)
(-49,95,-435)
(-35,105,-435)
(-63,109,-437)
(-61,109,-443)
(-74,104,-438)
(-95,103,-431)
(-124,96,-410)
(-144,84,-398)
(-156,86,-378)
(-178,76,-360)
(-186,64,-332)
(-199,73,-297)
(-218,52,-268)
(-213,57,-239)
(-222,60,-220)
(-218,60,-200)
(-219,63,-195)
(-208,64,-196)
(-216,64,-180)
(-214,76,-166)
(-222,60,-168)
(-210,66,-208)
(-215,61,-245)
(-220,64,-242)
(-227,65,-247)
(-218,62,-222)
(-215,53,-203)
(-219,55,-241)
(-202,50,-256)
(-207,49,-267)
(-207,55,-269)
(-205,55,-275)
(-206,52,-284)
(-207,47,-269)
(-203,45,-269)
(-204,40,-262)
(-207,43,-261)
(-200,30,-240)
(-195,33,-243)
(-195,27,-225)
(-197,33,-217)
(-202,32,-170)
(-209,43,-149)
(-208,58,-142)
(-205,71,-127)
(-208,82,-122)
(-217,85,-115)
(-213,67,-113)
(-197,55,-129)
(-194,42,-148)
(-184,12,-166)
(-183,9,-165)
(-164,6,-190)
(-166,2,-198)
(-171,-7,-211)
(-180,6,-228)
(-195,13,-213)
(-182,20,-192)
(-181,13,-207)
(-186,16,-242)
(-192,20,-260)
(-211,33,-233)
(-211,45,-205)
(-196,32,-206)
(-180,12,-234)
(-194,26,-264)
(-200,32,-264)
(-202,40,-248)
(-211,33,-217)
(-189,33,-219)
(-166,6,-238)
(-172,16,-272)
(-179,25,-283)
(-195,35,-267)
(-196,44,-248)
(-207,51,-231)
(-200,30,-220)
(-184,20,-254)
(-190,26,-274)
(-202,42,-286)
(-213,49,-259)
(-219,51,-231)
(-215,47,-225)
(-188,20,-228)
(-170,8,-250)
(-156,16,-270)
(-178,26,-280)
(-170,26,-278)
(-162,16,-252)
(-158,-4,-220)
(-152,-2,-196)
(-129,-21,-151)
(-135,-5,-127)
(-140,14,-96)
(-137,49,-55)
(-142,52,-34)
(-135,55,-39)
(-112,40,-24)
(-93,27,-27)
(-83,25,-13)
(-56,64,14)
(-47,81,31)
(-38,64,20)
(-29,11,-19)
(-25,-7,-65)
(-24,-24,-86)
(-12,-14,-68)
(-11,15,-23)
(-12,22,-6)
(-6,22,-22)
(-1,3,-53)
(-10,-18,-82)
(-1,-17,-91)
(-8,4,-44)
(0,40,4)
(4,56,16)
(12,38,-14)
(4,-10,-76)
(-25,-25,-101)
(-25,-19,-87)
(-35,-7,-49)
(-51,-23,-85)
(-84,-22,-130)
(-130,-24,-196)
(-182,22,-236)
(-213,51,-271)
(-222,84,-288)
(-232,116,-298)
(-236,148,-296)
(-242,184,-286)
(-236,236,-286)
(-225,267,-277)
(-217,289,-279)
(-219,309,-273)
(-215,301,-275)
(-218,300,-280)
(-224,280,-280)
(-225,273,-289)
(-225,249,-293)
(-228,216,-316)
(-230,170,-320)
(-226,104,-290)
(-218,70,-258)
(-195,33,-221)
(-185,17,-207)
(-181,3,-195)
(-169,7,-149)
(-149,-7,-133)
(-157,3,-179)
(-189,21,-209)
(-209,39,-195)
(-216,48,-162)
(-210,60,-190)
(-207,51,-231)
(-206,32,-256)
(-198,50,-264)
(-203,43,-263)
(-214,60,-232)
(-224,82,-206)
(-229,83,-171)
(-221,67,-181)
(-215,51,-211)
(-211,43,-223)
(-210,42,-220)
(-216,46,-210)
(-209,53,-181)
(-227,73,-157)
(-215,77,-135)
(-200,62,-160)
(-210,42,-190)
(-216,70,-228)
(-229,75,-233)
(-239,73,-213)
(-219,63,-211)
(-204,38,-198)
(-176,12,-168)
(-131,3,-131)
(-97,-19,-99)
(-50,-14,-80)
(-15,-5,-43)
(13,9,-33)
(11,19,-27)
(20,16,-40)
(-7,1,-63)
(-34,8,-44)
(-50,26,-8)
(-47,33,-13)
(-42,-12,-66)
(-65,-27,-117)
(-87,-25,-119)
(-68,-12,-78)
(-11,5,-47)
(30,38,-16)
(64,76,10)
(107,147,17)
(123,195,11)
(114,234,6)
(112,286,-2)
(80,326,-12)
(54,360,-20)
(10,382,-38)
(-43,399,-67)
(-61,397,-77)
(-62,396,-86)
(-75,405,-115)
(-79,411,-139)
(-73,415,-151)
(-65,415,-135)
(-27,419,-101)
(11,397,-79)
(58,374,-44)
(91,329,-15)
(98,296,-4)
(113,283,7)
(92,286,4)
(87,329,-11)
(55,343,-11)
(40,324,14)
(37,261,49)
(53,229,53)
(67,203,47)
(73,231,47)
(60,290,32)
(25,303,31)
(3,293,53)
(-17,227,61)
(-8,188,70)
(-12,184,76)
(22,236,56)
(5,293,35)
(-11,319,31)
(-44,296,28)
(-62,246,54)
(-67,199,63)
(-27,209,63)
(-2,262,54)
(4,300,32)
(2,336,12)
(-51,279,43)
(-95,225,47)
(-70,140,56)
(-45,75,43)
(14,54,16)
(29,29,-27)
(44,20,-46)
(54,20,-42)
(61,33,-29)
(88,78,-18)
(104,138,2)
(99,201,27)
(76,240,42)
(21,271,47)
(-19,263,45)
(-60,230,54)
(-87,197,59)
(-83,121,57)
(-81,67,19)
(-78,24,-14)
(-82,4,-56)
(-74,-16,-82)
(-64,-26,-76)
(-35,-5,-57)
(3,13,-33)
(40,48,-2)
(69,107,21)
(97,153,23)
(107,211,29)
(89,253,13)
(87,295,3)
(55,339,1)
(18,338,10)
(-20,300,44)
(-51,229,59)
(-57,159,65)
(-56,82,50)
(-44,34,14)
(-24,36,10)
(16,52,10)
(64,102,22)
(112,162,10)
(125,237,-11)
(127,291,-27)
(103,355,-69)
(80,384,-90)
(46,406,-108)
(3,419,-125)
(-17,423,-135)
(-65,405,-115)
(-105,369,-73)
(-141,303,-33)
(-173,245,-15)
(-165,197,-1)
(-159,129,-1)
(-148,110,0)
(-118,104,24)
(-77,131,49)
(-14,160,66)
(43,211,53)
(75,265,33)
(88,316,6)
(65,341,-13)
(24,346,-2)
(-30,338,12)
(-72,298,16)
(-96,248,34)
(-122,208,36)
(-125,161,31)
(-157,131,1)
(-181,97,-35)
(-203,95,-83)
(-217,105,-121)
(-234,114,-156)
(-243,131,-185)
(-245,143,-213)
(-238,164,-238)
(-243,167,-257)
(-241,189,-275)
(-247,207,-279)
(-238,222,-294)
(-226,244,-292)
(-232,252,-288)
(-234,262,-270)
(-232,264,-274)
(-226,268,-268)
(-229,275,-265)
(-230,294,-250)
(-230,292,-226)
(-226,290,-208)
(-232,278,-188)
(-236,262,-170)
(-242,232,-174)
(-247,219,-199)
(-255,171,-223)
(-251,139,-235)
(-242,114,-258)
(-219,73,-265)
(-204,40,-244)
(-174,6,-218)
(-139,-7,-157)
(-108,-10,-88)
(-66,12,-32)
(-23,55,15)
(5,81,37)
(26,128,52)
(51,165,55)
(36,174,56)
(-1,133,65)
(-38,90,48)
(-76,48,0)
(-117,29,-51)
(-161,29,-95)
(-197,47,-147)
(-219,71,-181)
(-241,99,-209)
(-238,124,-216)
(-250,150,-226)
(-253,169,-233)
(-248,192,-236)
(-256,212,-238)
(-252,212,-222)
(-253,221,-215)
(-247,213,-207)
(-247,207,-191)
(-243,217,-177)
(-245,209,-167)
(-246,208,-174)
(-243,201,-175)
(-243,193,-185)
(-251,195,-181)
(-251,183,-205)
(-256,176,-202)
(-253,173,-195)
(-250,166,-204)
(-253,169,-201)
(-253,171,-209)
(-257,175,-213)
(-249,181,-227)
(-250,188,-228)
(-242,200,-232)
(-243,187,-237)
(-246,184,-234)
(-240,178,-238)
(-245,195,-245)
(-240,204,-278)
(-246,206,-264)
(-241,185,-263)
(-247,173,-265)
(-239,159,-277)
(-245,143,-283)
(-239,147,-281)
(-236,142,-280)
(-238,142,-272)
(-242,144,-268)
(-237,141,-261)
(-245,151,-255)
(-245,159,-217)
(-252,174,-202)
(-252,180,-200)
(-257,183,-177)
(-263,177,-167)
(-252,174,-162)
(-253,175,-149)
(-247,177,-149)
(-245,175,-143)
(-251,173,-135)
(-244,174,-128)
(-242,180,-128)
(-241,187,-157)
(-255,185,-185)
(-259,177,-209)
(-240,172,-222)
(-252,162,-240)
(-246,152,-240)
(-243,151,-253)
(-244,148,-238)
(-249,139,-233)
(-246,148,-236)
(-253,153,-225)
(-252,152,-214)
(-247,165,-195)
(-247,161,-189)
(-256,160,-184)
(-249,159,-167)
(-246,156,-160)
(-246,150,-142)
(-241,141,-145)
(-235,135,-131)
(-232,132,-126)
(-226,126,-116)
(-225,111,-117)
(-224,120,-104)
(-235,109,-111)
(-236,122,-122)
(-242,126,-126)
(-243,147,-127)
(-248,154,-144)
(-248,164,-160)
(-250,168,-174)
(-249,173,-177)
(-246,170,-178)
(-247,151,-171)
(-246,152,-158)
(-231,145,-129)
(-245,149,-103)
(-229,165,-107)
(-235,149,-117)
(-243,125,-173)
(-242,106,-204)
(-244,112,-216)
(-250,118,-194)
(-230,134,-148)
(-235,145,-123)
(-224,140,-112)
(-230,134,-130)
(-235,113,-159)
(-233,95,-197)
(-235,95,-185)
(-235,105,-167)
(-228,104,-136)
(-222,118,-92)
(-201,127,-51)
(-179,135,-19)
(-156,146,-2)
(-162,140,-4)
(-164,106,-28)
(-171,79,-45)
(-160,40,-82)
(-177,29,-125)
(-183,17,-141)
(-176,20,-148)
(-182,32,-124)
(-182,42,-100)
(-163,53,-69)
(-160,68,-40)
(-159,95,-21)
(-187,105,-33)
(-204,116,-78)
(-204,88,-114)
(-217,63,-161)
(-218,56,-210)
(-214,62,-234)
(-221,59,-243)
(-216,66,-218)
(-220,72,-168)
(-222,82,-128)
(-203,85,-79)
(-163,85,-35)
(-154,102,-6)
(-133,109,13)
(-151,103,-5)
(-173,105,-29)
(-172,86,-40)
(-181,59,-81)
(-171,47,-97)
(-180,26,-144)
(-189,29,-175)
(-197,35,-221)
(-212,38,-230)
(-223,65,-233)
(-234,70,-206)
(-231,75,-179)
(-223,85,-143)
(-211,73,-115)
(-192,72,-72)
(-174,68,-40)
(-149,71,-19)
(-144,64,-28)
(-159,67,-33)
(-157,55,-55)
(-159,31,-91)
(-172,22,-138)
(-172,12,-182)
(-191,29,-215)
(-211,53,-255)
(-213,75,-269)
(-232,94,-298)
(-235,125,-301)
(-235,153,-311)
(-222,206,-312)
(-233,221,-303)
(-229,239,-289)
(-238,238,-282)
(-232,256,-252)
(-229,265,-231)
(-239,269,-217)
(-240,274,-196)
(-232,274,-178)
(-231,279,-175)
(-230,272,-176)
(-232,272,-186)
(-239,259,-195)
(-229,267,-217)
(-252,238,-262)
(-241,201,-253)
(-252,162,-248)
(-247,141,-227)
(-241,127,-197)
(-237,107,-173)
(-234,114,-162)
(-232,98,-144)
(-235,99,-163)
(-242,114,-192)
(-249,137,-219)
(-245,157,-243)
(-247,169,-255)
(-242,200,-262)
(-242,222,-268)
(-235,237,-263)
(-242,250,-246)
(-232,258,-254)
(-234,272,-250)
(-222,292,-254)
(-214,300,-266)
(-223,295,-275)
(-224,286,-268)
(-230,266,-276)
(-240,248,-258)
(-248,218,-252)
(-246,192,-240)
(-250,172,-224)
(-260,156,-206)
(-246,136,-190)
(-242,110,-166)
(-235,101,-169)
(-226,96,-170)
(-238,96,-168)
(-243,125,-195)
(-259,143,-211)
(-252,190,-226)
(-237,221,-269)
(-235,259,-279)
(-226,290,-284)
(-211,291,-285)
(-208,304,-286)
(-196,320,-280)
(-200,330,-290)
(-194,324,-300)
(-186,334,-308)
(-184,334,-304)
(-177,325,-329)
(-170,322,-352)
(-172,312,-366)
(-179,309,-361)
(-202,298,-332)
(-225,277,-287)
(-232,258,-260)
(-245,221,-233)
(-248,186,-204)
(-259,153,-191)
(-251,131,-173)
(-235,113,-149)
(-224,96,-136)
(-221,81,-133)
(-201,59,-97)
(-189,51,-79)
(-187,49,-81)
(-212,82,-112)
(-243,113,-161)
(-250,144,-212)
(-260,170,-244)
(-240,212,-280)
(-230,250,-304)
(-210,276,-326)
(-192,278,-344)
(-185,289,-361)
(-182,282,-370)
(-182,276,-388)
(-177,273,-391)
(-197,253,-371)
(-223,211,-329)
(-239,195,-305)
(-243,175,-287)
(-246,158,-270)
(-251,145,-245)
(-256,120,-234)
(-241,115,-213)
(-247,115,-201)
(-240,116,-212)
(-243,145,-249)
(-243,167,-291)
(-232,196,-328)
(-212,224,-354)
(-190,250,-382)
(-187,251,-391)
(-176,250,-396)
(-177,251,-389)
(-187,245,-385)
(-213,227,-371)
(-223,207,-349)
(-239,193,-311)
(-247,185,-289)
(-246,172,-274)
(-247,161,-271)
(-241,159,-243)
(-250,146,-242)
(-249,157,-249)
(-241,163,-273)
(-241,177,-299)
(-219,185,-351)
(-206,190,-362)
(-218,188,-352)
(-237,181,-305)
(-250,166,-264)
(-257,157,-215)
(-244,140,-186)
(-239,123,-189)
(-240,102,-222)
(-230,96,-238)
(-231,87,-259)
(-242,100,-248)
(-237,95,-233)
(-243,95,-193)
(-232,102,-168)
(-234,108,-144)
(-229,99,-149)
(-235,95,-193)
(-225,85,-239)
(-230,84,-276)
(-228,90,-278)
(-233,93,-265)
(-237,95,-231)
(-242,102,-194)
(-232,96,-170)
(-225,87,-151)
(-226,98,-148)
(-231,87,-177)
(-233,81,-213)
(-223,73,-269)
(-221,83,-289)
(-212,82,-298)
(-216,96,-290)
(-241,109,-269)
(-238,102,-244)
(-245,109,-223)
(-238,98,-210)
(-229,101,-189)
(-235,101,-151)
(-221,93,-131)
(-215,91,-141)
(-226,78,-188)
(-218,60,-260)
(-203,77,-287)
(-215,79,-295)
(-205,83,-311)
(-204,98,-330)
(-202,118,-350)
(-210,150,-368)
(-199,175,-363)
(-210,202,-364)
(-216,226,-354)
(-212,258,-334)
(-218,266,-322)
(-226,254,-308)
(-227,261,-287)
(-229,255,-281)
(-228,248,-286)
(-228,236,-298)
(-234,226,-304)
(-232,178,-312)
(-236,160,-294)
(-244,126,-240)
(-238,106,-200)
(-232,98,-140)
(-208,86,-98)
(-186,76,-58)
(-151,73,-33)
(-118,54,-14)
(-68,60,14)
(-29,65,33)
(-7,65,31)
(-27,61,31)
(-75,51,13)
(-129,55,-29)
(-183,69,-83)
(-235,101,-147)
(-250,130,-210)
(-243,165,-277)
(-227,193,-333)
(-207,215,-377)
(-188,228,-388)
(-173,245,-403)
(-170,262,-398)
(-160,266,-398)
(-161,277,-401)
(-166,270,-402)
(-156,286,-400)
(-145,291,-407)
(-174,268,-396)
(-167,257,-401)
(-173,245,-395)
(-165,245,-403)
(-184,226,-386)
(-198,214,-370)
(-210,208,-346)
(-215,187,-329)
(-234,150,-300)
(-237,141,-289)
(-241,127,-269)
(-236,132,-290)
(-232,140,-294)
(-224,166,-320)
(-215,187,-357)
(-182,196,-394)
(-154,178,-420)
(-158,160,-410)
(-157,155,-421)
(-139,135,-423)
(-141,131,-411)
(-142,124,-420)
(-156,128,-404)
(-167,137,-401)
(-182,144,-382)
(-184,136,-382)
(-188,132,-368)
(-189,129,-371)
(-194,120,-366)
(-190,104,-362)
(-188,104,-362)
(-186,104,-370)
(-184,94,-368)
(-184,108,-368)
(-182,96,-356)
(-188,122,-372)
(-200,136,-374)
(-211,135,-351)
(-228,136,-328)
(-233,131,-289)
(-240,124,-278)
(-233,121,-279)
(-216,114,-314)
(-213,111,-341)
(-195,131,-371)
(-185,147,-391)
(-192,164,-382)
(-206,152,-374)
(-216,140,-342)
(-218,126,-332)
(-218,104,-314)
(-209,87,-301)
(-199,75,-297)
(-194,64,-292)
(-201,59,-289)
(-209,55,-279)
(-211,71,-285)
(-221,85,-293)
(-227,113,-305)
(-224,148,-330)
(-214,180,-356)
(-224,162,-338)
(-222,152,-326)
(-222,144,-320)
(-220,132,-322)
(-217,127,-333)
(-214,114,-330)
(-216,118,-324)
(-220,110,-320)
(-219,103,-289)
(-232,82,-262)
(-227,63,-253)
(-222,56,-246)
(-219,59,-239)
(-215,59,-235)
(-224,64,-232)
(-230,64,-234)
(-230,86,-230)
(-241,107,-231)
(-248,126,-244)
(-231,147,-285)
(-235,143,-305)
(-222,158,-328)
(-220,148,-336)
(-222,146,-334)
(-234,146,-320)
(-230,142,-302)
(-234,126,-256)
(-235,99,-227)
(-230,74,-228)
(-223,65,-211)
(-227,63,-213)
(-222,54,-208)
(-228,60,-202)
(-239,79,-209)
(-243,117,-233)
(-233,123,-265)
(-238,130,-278)
(-236,126,-296)
(-222,114,-302)
(-213,97,-291)
(-221,73,-267)
(-226,66,-252)
(-208,38,-226)
(-185,17,-187)
(-158,-4,-154)
(-126,-10,-122)
(-101,-17,-93)
(-62,-10,-56)
(-23,1,-59)
(19,9,-43)
(19,9,-53)
(30,2,-44)
(0,10,-24)
(-34,26,-8)
(-75,55,11)
(-102,90,26)
(-122,122,32)
(-143,153,19)
(-179,161,-15)
(-210,140,-68)
(-234,124,-128)
(-238,116,-190)
(-247,137,-233)
(-247,165,-261)
(-246,176,-270)
(-239,199,-287)
(-238,216,-292)
(-239,245,-293)
(-230,262,-278)
(-223,281,-287)
(-223,305,-261)
(-206,322,-246)
(-193,323,-233)
(-189,337,-239)
(-186,332,-228)
(-203,325,-227)
(-204,306,-220)
(-224,292,-212)
(-231,259,-237)
(-240,238,-258)
(-237,219,-271)
(-243,209,-255)
(-244,208,-256)
(-249,203,-249)
(-250,210,-246)
(-242,194,-224)
(-251,201,-215)
(-243,199,-215)
(-249,195,-177)
(-250,184,-166)
(-249,159,-181)
(-246,156,-190)
(-246,168,-170)
(-241,175,-131)
(-231,169,-81)
(-199,149,-53)
(-180,144,-22)
(-177,163,-11)
(-202,172,-52)
(-216,164,-82)
(-227,155,-123)
(-238,136,-132)
(-231,113,-149)
(-226,110,-140)
(-218,94,-110)
(-202,96,-78)
(-189,113,-39)
(-175,153,-15)
(-167,153,-9)
(-193,163,-41)
(-207,141,-65)
(-224,110,-118)
(-230,84,-160)
(-246,104,-212)
(-250,136,-234)
(-255,139,-227)
(-247,135,-203)
(-230,114,-132)
(-222,108,-118)
(-199,93,-61)
(-160,88,-24)
(-108,90,22)
(-50,108,48)
(4,128,58)
(54,152,58)
(77,195,31)
(123,229,7)
(136,286,-34)
(148,324,-86)
(136,346,-110)
(139,359,-147)
(132,368,-192)
(116,380,-250)
(118,380,-260)
(113,379,-297)
(116,384,-318)
(106,384,-320)
(96,386,-310)
(115,407,-259)
(113,399,-263)
(117,401,-249)
(108,412,-194)
(116,398,-138)
(130,392,-98)
(144,366,-78)
(156,348,-66)
(165,323,-55)
(167,313,-49)
(164,328,-60)
(156,344,-70)
(148,362,-88)
(130,386,-96)
(115,395,-81)
(97,379,-51)
(96,352,-14)
(119,321,9)
(131,303,17)
(143,295,-5)
(150,306,-26)
(151,339,-51)
(140,354,-74)
(127,377,-75)
(111,369,-31)
(101,347,3)
(118,300,8)
(120,296,20)
(142,296,-16)
(156,320,-52)
(164,346,-80)
(134,366,-68)
(107,377,-49)
(86,396,-44)
(39,391,-17)
(19,381,-3)
(17,375,17)
(10,350,40)
(28,332,46)
(36,330,40)
(37,349,31)
(21,387,5)
(-1,397,-11)
(-24,386,2)
(-23,351,37)
(11,329,57)
(35,315,59)
(54,310,52)
(71,319,45)
(68,334,38)
(77,357,1)
(56,390,-22)
(13,401,-31)
(4,386,-18)
(-5,353,21)
(20,312,50)
(49,293,63)
(78,312,48)
(59,351,25)
(36,372,-10)
(-1,395,-21)
(-32,382,-14)
(-43,335,-1)
(-38,304,38)
(-1,257,69)
(20,226,68)
(33,231,59)
(57,269,41)
(50,316,26)
(26,316,22)
(13,277,55)
(3,227,67)
(8,176,86)
(19,167,73)
(31,181,69)
(38,242,66)
(30,292,42)
(12,298,42)
(-29,277,57)
(-40,216,70)
(-27,173,71)
(-30,136,66)
(-19,125,67)
(-4,150,64)
(1,199,73)
(-7,217,71)
(-52,202,78)
(-65,139,61)
(-81,81,37)
(-77,65,17)
(-86,56,16)
(-93,45,3)
(-64,68,22)
(-56,110,52)
(-94,130,56)
(-122,124,30)
(-135,75,-11)
(-148,52,-42)
(-163,47,-65)
(-160,48,-66)
(-185,71,-65)
(-214,102,-82)
(-243,149,-141)
(-257,193,-185)
(-257,213,-197)
(-246,226,-224)
(-243,225,-231)
(-243,215,-225)
(-241,211,-227)
(-256,230,-236)
(-236,262,-264)
(-228,280,-278)
(-234,246,-284)
(-250,194,-248)
(-240,136,-210)
(-236,96,-166)
(-202,68,-114)
(-161,43,-55)
(-113,51,-1)
(-76,58,22)
(-45,79,33)
(-12,94,50)
(15,129,51)
(52,162,58)
(85,191,43)
(88,228,28)
(113,247,11)
(120,264,-4)
(122,282,-34)
(139,297,-55)
(136,310,-68)
(136,342,-92)
(139,351,-107)
(120,364,-122)
(123,375,-129)
(109,385,-147)
(99,395,-147)
(80,396,-154)
(81,397,-167)
(79,409,-185)
(90,406,-168)
(107,385,-147)
(122,376,-156)
(114,380,-176)
(109,389,-167)
(85,401,-125)
(80,368,-72)
(87,339,-31)
(114,306,-12)
(117,295,-11)
(127,303,-23)
(123,337,-67)
(107,361,-83)
(82,386,-84)
(53,375,-55)
(62,352,-34)
(96,336,-28)
(102,330,-50)
(112,342,-52)
(112,356,-72)
(89,381,-77)
(51,383,-69)
(40,386,-56)
(42,414,-98)
(49,421,-143)
(41,423,-169)
(30,408,-128)
(1,407,-95)
(0,394,-60)
(2,362,-18)
(12,320,24)
(32,296,34)
(38,292,44)
(33,293,47)
(43,311,21)
(46,292,40)
(58,242,46)
(75,245,43)
(70,240,46)
(42,336,2)
(36,328,12)
(39,333,11)
(54,372,-38)
(58,400,-92)
(42,412,-136)
(31,419,-127)
(2,416,-98)
(34,398,-76)
(65,405,-107)
(72,420,-154)
(48,422,-174)
(25,419,-167)
(15,419,-161)
(-12,416,-132)
(-41,403,-79)
(-40,382,-60)
(-18,380,-32)
(24,378,-38)
(66,382,-66)
(88,404,-118)
(71,407,-137)
(61,413,-135)
(21,425,-113)
(-8,398,-78)
(-32,374,-26)
(-33,343,1)
(-16,326,24)
(10,348,0)
(49,387,-49)
(87,391,-97)
(68,394,-74)
(34,380,-46)
(-17,367,-27)
(-61,355,-15)
(-94,334,-22)
(-109,315,-9)
(-132,302,-10)
(-140,280,-4)
(-159,279,-9)
(-175,277,-19)
(-186,274,-46)
(-185,263,-51)
(-201,265,-65)
(-206,278,-80)
(-211,265,-79)
(-205,273,-77)
(-205,265,-77)
(-198,268,-66)
(-211,257,-81)
(-218,258,-90)
(-224,250,-106)
(-231,239,-121)
(-235,239,-91)
(-217,257,-65)
(-198,266,-58)
(-187,285,-45)
(-196,256,-72)
(-218,244,-104)
(-237,227,-119)
(-235,211,-113)
(-230,218,-100)
(-196,226,-42)
(-186,254,-42)
(-205,253,-67)
(-223,233,-101)
(-232,212,-140)
(-238,196,-150)
(-235,201,-127)
(-236,192,-116)
(-226,216,-94)
(-213,239,-61)
(-222,248,-84)
(-235,215,-131)
(-246,196,-160)
(-242,182,-152)
(-239,187,-141)
(-229,197,-91)
(-204,222,-56)
(-188,238,-34)
(-216,196,-68)
(-233,161,-101)
(-236,162,-106)
(-211,181,-59)
(-184,210,-22)
(-177,245,-17)
(-191,263,-43)
(-207,251,-57)
(-219,217,-81)
(-228,212,-86)
(-216,208,-70)
(-184,216,-24)
(-157,251,3)
(-146,278,4)
(-179,277,-35)
(-203,231,-53)
(-205,215,-57)
(-186,216,-24)
(-176,240,-12)
(-152,252,6)
(-159,265,-9)
(-184,250,-28)
(-182,220,-24)
(-168,226,-10)
(-142,246,4)
(-121,289,-1)
(-124,310,-20)
(-151,319,-41)
(-173,289,-35)
(-181,257,-21)
(-146,278,2)
(-97,303,5)
(-93,337,-11)
(-104,340,-26)
(-106,322,2)
(-108,290,6)
(-82,310,16)
(-65,347,-7)
(-50,354,-18)
(-56,320,16)
(-78,304,20)
(-91,325,1)
(-65,347,-17)
(-38,354,-2)
(-33,331,7)
(-84,292,28)
(-139,261,15)
(-158,246,-2)
(-166,194,8)
(-162,162,2)
(-166,132,-14)
(-169,105,-9)
(-170,72,-34)
(-164,60,-44)
(-156,44,-52)
(-155,45,-47)
(-144,42,-44)
(-153,45,-43)
(-152,50,-38)
(-168,68,-38)
(-163,87,-19)
(-157,73,-31)
(-156,56,-32)
(-151,51,-35)
(-132,50,-20)
(-122,72,-8)
(-141,95,11)
(-151,69,-17)
(-154,46,-48)
(-157,47,-55)
(-160,78,-22)
(-161,131,-5)
(-165,139,5)
(-167,91,-17)
(-177,65,-61)
(-169,59,-61)
(-166,92,-30)
(-171,109,-7)
(-161,153,5)
(-168,148,2)
(-178,106,-18)
(-192,70,-66)
(-214,64,-138)
(-228,96,-206)
(-241,107,-243)
(-244,136,-260)
(-251,153,-299)
(-238,182,-318)
(-229,209,-327)
(-216,250,-340)
(-205,265,-353)
(-198,298,-338)
(-201,299,-335)
(-205,289,-329)
(-207,277,-327)
(-222,258,-332)
(-224,216,-334)
(-230,170,-310)
(-243,117,-271)
(-238,68,-234)
(-209,43,-199)
(-198,28,-182)
(-174,16,-132)
(-144,16,-78)
(-102,48,-8)
(-60,74,24)
(-2,130,58)
(51,193,57)
(54,218,50)
(66,270,36)
(86,322,-18)
(79,367,-53)
(69,375,-65)
(62,402,-104)
(42,418,-156)
(20,424,-208)
(14,430,-246)
(3,423,-281)
(10,420,-292)
(10,414,-302)
(14,426,-298)
(23,427,-263)
(46,428,-238)
(49,423,-233)
(74,416,-212)
(87,407,-191)
(105,395,-135)
(97,387,-99)
(95,373,-69)
(95,353,-47)
(88,342,-34)
(90,338,-26)
(82,326,-18)
(69,335,-1)
(70,316,8)
(60,314,18)
(70,310,18)
(81,303,15)
(78,304,12)
(73,297,29)
(65,283,33)
(40,270,50)
(19,257,57)
(-2,236,54)
(-18,226,70)
(-44,214,74)
(-72,194,70)
(-81,195,63)
(-79,177,59)
(-95,187,63)
(-111,193,51)
(-138,174,28)
(-174,168,2)
(-194,158,-24)
(-191,165,-11)
(-158,176,12)
(-147,187,23)
(-155,179,23)
(-168,170,0)
(-182,176,-14)
(-189,155,-25)
(-197,131,-35)
(-183,141,-19)
(-150,130,8)
(-140,136,26)
(-171,169,-1)
(-190,166,-12)
(-195,135,-27)
(-194,102,-42)
(-176,86,-32)
(-161,91,-19)
(-145,105,3)
(-145,153,25)
(-148,176,30)
(-156,166,14)
(-174,112,-14)
(-175,99,-29)
(-175,75,-35)
(-165,75,-29)
(-153,103,-7)
(-136,146,22)
(-140,188,28)
(-156,186,8)
(-181,143,-11)
(-192,106,-50)
(-191,65,-69)
(-177,63,-57)
(-167,81,-19)
(-138,110,10)
(-148,146,22)
(-174,148,0)
(-191,125,-33)
(-190,92,-54)
(-184,70,-58)
(-156,90,-14)
(-146,128,10)
(-142,152,26)
(-176,162,2)
(-184,114,-28)
(-196,94,-62)
(-181,77,-43)
(-166,90,-28)
(-153,129,17)
(-113,167,47)
(-121,173,39)
(-154,174,12)
(-181,139,-17)
(-185,113,-25)
(-176,96,-30)
(-169,79,-29)
(-170,64,-44)
(-159,63,-51)
(-174,48,-66)
(-182,54,-70)
(-176,54,-64)
(-176,64,-64)
(-194,90,-50)
(-199,131,-55)
(-203,133,-51)
(-218,150,-58)
(-224,170,-74)
(-230,186,-90)
(-233,189,-105)
(-233,181,-119)
(-247,179,-131)
(-237,173,-117)
(-223,153,-93)
(-216,126,-76)
(-203,107,-51)
(-196,98,-50)
(-178,80,-36)
(-159,67,-39)
(-158,54,-46)
(-143,53,-47)
(-148,60,-48)
(-161,73,-25)
(-164,110,-14)
(-189,137,-25)
(-207,153,-45)
(-211,169,-65)
(-228,190,-80)
(-233,191,-83)
(-227,185,-101)
(-229,175,-93)
(-220,148,-64)
(-195,127,-47)
(-183,107,-27)
(-172,86,-22)
(-156,80,-22)
(-133,83,3)
(-108,94,22)
(-90,118,32)
(-115,153,39)
(-136,178,30)
(-147,197,19)
(-135,223,19)
(-113,237,39)
(-61,245,45)
(2,264,56)
(53,243,49)
(66,238,46)
(103,209,25)
(135,203,-17)
(157,213,-47)
(167,205,-61)
(187,189,-63)
(189,173,-65)
(181,173,-71)
(190,160,-82)
(177,135,-109)
(160,108,-120)
(152,70,-144)
(126,42,-158)
(86,10,-154)
(29,-5,-169)
(-30,-34,-182)
(-93,-29,-187)
(-140,-16,-184)
(-153,1,-183)
(-181,23,-191)
(-212,64,-208)
(-244,94,-214)
(-243,109,-219)
(-249,133,-231)
(-246,174,-252)
(-237,197,-277)
(-238,222,-286)
(-232,244,-282)
(-236,254,-278)
(-232,262,-288)
(-227,261,-285)
(-236,212,-262)
(-244,158,-226)
(-233,93,-181)
(-189,51,-121)
(-150,36,-62)
(-94,32,-10)
(-18,58,22)
(36,100,38)
(75,135,29)
(108,188,22)
(116,258,-6)
(126,318,-50)
(121,357,-89)
(102,382,-114)
(82,402,-126)
(56,418,-120)
(48,404,-112)
(45,403,-107)
(53,397,-77)
(81,369,-59)
(112,322,-26)
(112,282,0)
(101,251,19)
(74,236,38)
(46,238,52)
(41,265,49)
(18,296,36)
(-12,310,18)
(-47,299,41)
(-45,223,69)
(-39,189,69)
(-28,178,68)
(-2,194,66)
(-2,258,56)
(-19,297,37)
(-94,298,22)
(-167,257,-11)
(-209,225,-65)
(-241,189,-121)
(-238,182,-132)
(-255,177,-173)
(-254,188,-220)
(-252,198,-250)
(-249,199,-253)
(-247,201,-281)
(-237,215,-311)
(-224,226,-336)
(-211,229,-345)
(-219,239,-343)
(-238,252,-300)
(-260,200,-254)
(-259,147,-237)
(-226,58,-222)
(-158,-2,-198)
(-143,-17,-187)
(-61,-33,-155)
(14,-24,-114)
(41,-9,-103)
(108,64,-94)
(151,141,-71)
(177,213,-57)
(169,279,-49)
(158,318,-58)
(136,380,-88)
(123,395,-113)
(103,405,-121)
(78,406,-112)
(75,403,-79)
(87,405,-85)
(94,404,-84)
(109,395,-111)
(121,389,-107)
(128,384,-106)
(139,383,-119)
(143,375,-131)
(126,396,-140)
(83,417,-93)
(14,414,-52)
(-66,358,0)
(-110,280,22)
(-130,230,32)
(-145,207,25)
(-139,201,19)
(-135,235,23)
(-147,253,15)
(-163,285,-15)
(-195,273,-67)
(-223,231,-113)
(-237,169,-183)
(-239,151,-249)
(-239,177,-289)
(-236,212,-288)
(-240,240,-268)
(-239,257,-275)
(-236,254,-246)
(-242,228,-228)
(-252,162,-250)
(-231,107,-265)
(-198,44,-278)
(-134,-2,-256)
(-86,-30,-208)
(-23,-35,-135)
(48,-4,-80)
(110,76,-56)
(150,166,-36)
(159,275,-55)
(140,334,-84)
(106,392,-134)
(74,416,-220)
(73,409,-285)
(65,395,-303)
(54,410,-278)
(37,423,-149)
(19,379,-43)
(44,288,32)
(71,199,51)
(82,112,12)
(100,90,-24)
(105,51,-87)
(92,24,-146)
(76,16,-218)
(55,11,-241)
(34,30,-304)
(12,48,-352)
(16,82,-382)
(24,104,-394)
(38,88,-372)
(63,71,-347)
(81,93,-345)
(96,112,-342)
(131,145,-339)
(154,170,-316)
(178,188,-288)
(183,189,-277)
(161,151,-301)
(135,95,-293)
(82,60,-312)
(33,37,-305)
(-26,42,-306)
(-76,30,-324)
(-108,52,-340)
(-151,97,-363)
(-170,130,-362)
(-190,162,-366)
(-184,194,-364)
(-196,194,-372)
(-196,164,-356)
(-185,119,-343)
(-157,55,-331)
(-112,26,-330)
(-41,3,-319)
(24,18,-324)
(80,50,-308)
(125,107,-309)
(151,135,-285)
(187,173,-255)
(202,176,-206)
(202,202,-176)
(201,211,-159)
(196,278,-110)
(184,308,-86)
(162,342,-100)
(139,383,-113)
(100,418,-114)
(80,440,-140)
(59,445,-181)
(63,443,-215)
(51,429,-261)
(47,421,-307)
(45,405,-335)
(45,395,-347)
(44,388,-342)
(41,409,-317)
(36,430,-268)
(-9,429,-145)
(-28,404,-106)
(-63,365,-35)
(-124,278,8)
(-159,211,1)
(-201,155,-41)
(-217,137,-111)
(-231,115,-161)
(-247,151,-203)
(-246,188,-220)
(-252,226,-228)
(-238,232,-226)
(-242,260,-226)
(-240,280,-208)
(-226,288,-188)
(-227,267,-171)
(-241,239,-149)
(-246,218,-134)
(-232,202,-122)
(-228,168,-100)
(-220,156,-104)
(-220,126,-112)
(-221,113,-103)
(-209,83,-123)
(-206,66,-120)
(-201,63,-123)
(-197,51,-127)
(-179,49,-129)
(-183,33,-131)
(-172,20,-140)
(-149,3,-165)
(-155,-3,-161)
(-152,-4,-164)
(-152,0,-162)
(-164,8,-138)
(-196,56,-104)
(-196,64,-92)
(-207,83,-83)
(-205,117,-75)
(-213,203,-69)
(-227,243,-105)
(-233,267,-157)
(-232,270,-220)
(-234,284,-264)
(-226,260,-312)
(-229,271,-325)
(-228,274,-294)
(-215,299,-307)
(-189,307,-331)
(-159,341,-355)
(-148,370,-336)
(-131,395,-321)
(-116,404,-300)
(-107,407,-295)
(-104,406,-284)
(-135,403,-257)
(-150,390,-234)
(-182,370,-214)
(-205,313,-187)
(-236,244,-136)
(-238,190,-124)
(-214,134,-88)
(-206,98,-70)
(-180,74,-62)
(-177,69,-69)
(-190,86,-64)
(-209,121,-81)
(-243,197,-101)
(-234,254,-146)
(-217,317,-175)
(-198,346,-188)
(-178,358,-208)
(-160,386,-216)
(-156,396,-226)
(-148,388,-208)
(-163,385,-189)
(-179,363,-137)
(-187,337,-109)
(-216,226,-78)
(-217,171,-59)
(-204,134,-56)
(-192,106,-44)
(-200,110,-58)
(-184,110,-24)
(-170,136,-6)
(-146,160,18)
(-120,220,32)
(-107,263,27)
(-70,256,52)
(-5,255,55)
(49,283,41)
(95,297,11)
(146,300,-44)
(156,314,-92)
(161,313,-121)
(177,323,-155)
(177,339,-191)
(169,331,-213)
(173,339,-203)
(164,334,-178)
(156,342,-132)
(131,353,-65)
(80,336,0)
(17,337,19)
(-42,322,26)
(-109,315,11)
(-148,316,-32)
(-195,311,-81)
(-219,309,-141)
(-219,309,-197)
(-220,306,-256)
(-199,307,-311)
(-185,317,-359)
(-148,310,-400)
(-116,314,-422)
(-94,314,-434)
(-84,326,-434)
(-95,311,-435)
(-127,307,-423)
(-139,307,-419)
(-209,299,-315)
(-240,256,-182)
(-236,240,-152)
(-235,247,-143)
(-229,235,-99)
(-211,237,-67)
(-192,248,-38)
(-182,234,-28)
(-162,246,-10)
(-142,242,10)
(-133,241,15)
(-123,243,35)
(-99,245,51)
(-74,240,60)
(-70,238,56)
(-66,234,62)
(-80,250,56)
(-100,256,38)
(-143,267,9)
(-168,270,-22)
(-197,269,-49)
(-192,276,-66)
(-213,281,-89)
(-220,286,-124)
(-222,280,-132)
(-224,294,-154)
(-225,299,-179)
(-222,308,-214)
(-226,310,-244)
(-217,315,-281)
(-208,310,-314)
(-201,307,-339)
(-191,315,-341)
(-193,307,-343)
(-203,313,-325)
(-214,308,-292)
(-219,311,-281)
(-227,303,-279)
(-225,293,-249)
(-230,292,-210)
(-221,295,-189)
(-231,287,-183)
(-231,281,-175)
(-223,291,-137)
(-229,271,-121)
(-228,274,-118)
(-221,271,-109)
(-225,271,-91)
(-220,256,-88)
(-207,267,-73)
(-205,257,-67)
(-211,259,-71)
(-222,258,-88)
(-232,270,-152)
(-234,280,-180)
(-232,256,-138)
(-229,243,-103)
(-233,223,-87)
(-220,202,-62)
(-204,172,-36)
(-174,148,-20)
(-179,147,-15)
(-172,122,-6)
(-169,119,-7)
(-190,132,-28)
(-211,173,-59)
(-228,208,-96)
(-240,236,-130)
(-248,236,-148)
(-243,263,-189)
(-238,272,-226)
(-237,263,-225)
(-241,257,-171)
(-234,248,-118)
(-217,241,-67)
(-197,211,-37)
(-171,183,-9)
(-168,178,-10)
(-161,147,9)
(-149,119,13)
(-119,73,13)
(-90,44,-2)
(-95,21,-29)
(-83,7,-45)
(-57,-1,-53)
(-59,-1,-39)
(-63,27,-9)
(-82,54,8)
(-114,88,18)
(-140,136,14)
(-160,178,4)
(-182,208,-18)
(-200,238,-42)
(-207,263,-77)
(-215,261,-89)
(-219,271,-79)
(-200,256,-52)
(-166,244,-12)
(-157,231,-3)
(-132,180,32)
(-94,140,46)
(-77,109,49)
(-63,101,43)
(-19,77,37)
(4,66,30)
(10,66,24)
(24,70,24)
(26,84,26)
(9,103,51)
(-30,124,52)
(-81,143,49)
(-129,167,35)
(-153,191,29)
(-156,220,0)
(-174,228,-12)
(-188,250,-46)
(-191,249,-33)
(-172,240,-2)
(-141,235,25)
(-123,223,35)
(-115,185,51)
(-89,157,47)
(-62,126,42)
(-74,186,58)
(-58,270,36)
(-19,313,23)
(1,337,15)
(43,345,-3)
(82,362,-44)
(95,367,-65)
(112,376,-88)
(118,388,-120)
(120,390,-158)
(139,385,-175)
(122,392,-210)
(127,397,-241)
(113,405,-253)
(89,403,-287)
(79,409,-291)
(53,413,-293)
(35,431,-297)
(9,423,-303)
(-1,417,-315)
(-18,424,-328)
(-37,415,-329)
(-64,402,-350)
(-94,386,-356)
(-99,373,-375)
(-98,380,-370)
(-77,385,-369)
(-30,386,-380)
(19,395,-361)
(48,406,-342)
(72,398,-326)
(77,403,-313)
(96,410,-224)
(107,409,-161)
(97,403,-117)
(73,383,-67)
(44,376,-22)
(6,338,18)
(-39,301,23)
(-80,284,34)
(-122,264,12)
(-159,253,-7)
(-200,240,-42)
(-223,241,-103)
(-245,241,-165)
(-239,251,-239)
(-226,262,-302)
(-212,254,-340)
(-194,258,-380)
(-169,261,-403)
(-162,258,-416)
(-210,204,-372)
(-232,138,-302)
(-232,88,-250)
(-207,39,-189)
(-156,2,-144)
(-106,-18,-108)
(-84,-12,-106)
(-41,-15,-87)
(26,-18,-78)
(96,24,-94)
(143,77,-147)
(165,107,-173)
(185,123,-167)
(183,121,-127)
(160,96,-98)
(127,63,-53)
(76,42,-30)
(17,11,-37)
(-42,4,-50)
(-73,1,-73)
(-97,-3,-101)
(-129,1,-143)
(-152,14,-186)
(-142,14,-242)
(-118,14,-272)
(-91,15,-297)
(-78,22,-282)
(-69,27,-295)
(-101,29,-269)
(-143,27,-215)
(-140,32,-140)
(-120,20,-72)
(-70,30,-18)
(-24,16,-20)
(22,30,-18)
(62,40,-34)
(103,63,-57)
(133,73,-91)
(151,77,-157)
(145,75,-203)
(139,65,-239)
(114,56,-252)
(96,46,-270)
(83,37,-277)
(46,36,-304)
(18,26,-312)
(2,2,-274)
(-61,-15,-257)
(-137,3,-253)
(-185,37,-243)
(-239,89,-235)
(-244,154,-210)
(-249,213,-205)
(-241,273,-187)
(-200,314,-166)
(-182,356,-158)
(-159,371,-147)
(-122,388,-134)
(-109,399,-129)
(-95,405,-117)
(-97,399,-123)
(-100,402,-110)
(-135,381,-117)
(-186,340,-134)
(-228,276,-152)
(-243,221,-183)
(-245,135,-225)
(-217,65,-241)
(-201,41,-243)
(-147,-5,-171)
(-110,-10,-110)
(-87,-9,-91)
(-77,-13,-85)
(-61,-9,-81)
(-8,22,-18)
(40,98,26)
(69,181,37)
(72,232,36)
(54,278,26)
(46,300,24)
(59,307,21)
(53,299,39)
(39,303,29)
(-29,295,55)
(-138,290,0)
(-198,282,-70)
(-215,285,-149)
(-238,274,-202)
(-227,273,-259)
(-228,270,-298)
(-219,277,-321)
(-191,295,-343)
(-154,342,-366)
(-120,390,-316)
(-81,433,-283)
(-44,440,-230)
(-27,437,-187)
(-17,439,-159)
(-37,439,-149)
(-55,419,-109)
(-62,386,-68)
(-60,300,28)
(-108,170,54)
(-134,70,-10)
(-165,33,-79)
(-199,33,-155)
(-221,77,-233)
(-244,120,-278)
(-239,163,-295)
(-235,195,-321)
(-232,230,-328)
(-228,244,-332)
(-217,263,-333)
(-214,286,-326)
(-214,284,-316)
(-185,335,-311)
(-167,361,-281)
(-160,370,-226)
(-167,359,-191)
(-194,342,-172)
(-214,312,-160)
(-229,291,-207)
(-245,207,-213)
(-249,147,-217)
(-228,84,-212)
(-176,26,-178)
(-127,-17,-117)
(-84,-4,-70)
(-57,21,-27)
(2,44,2)
(32,84,30)
(46,128,46)
(70,146,36)
(103,155,17)
(133,149,-1)
(105,99,-19)
(46,28,-18)
(-17,-1,-39)
(-33,-3,-39)
(-79,9,-31)
(-116,36,-32)
(-163,73,-37)
(-202,96,-66)
(-227,137,-99)
(-239,145,-143)
(-252,180,-188)
(-251,183,-217)
(-251,181,-243)
(-254,168,-218)
(-249,135,-203)
(-230,98,-164)
(-200,44,-132)
(-157,9,-127)
(-114,-6,-96)
(-62,-16,-90)
(-15,-11,-73)
(22,-10,-66)
(56,20,-50)
(90,56,-36)
(102,74,-26)
(110,136,-2)
(105,181,27)
(83,187,43)
(45,197,55)
(1,181,73)
(-36,154,66)
(-58,110,54)
(-71,67,29)
(-65,47,-1)
(-66,26,-8)
(-52,18,-10)
(-44,40,12)
(-25,71,37)
(-12,138,58)
(-21,175,75)
(-30,208,72)
(-75,193,63)
(-98,158,50)
(-119,121,35)
(-108,62,10)
(-96,48,-6)
(-84,40,-10)
(-63,61,25)
(-61,93,41)
(-66,128,60)
(-89,129,53)
(-119,95,17)
(-115,55,-19)
(-109,33,-25)
(-78,30,-16)
(-103,35,-21)
(-154,52,-48)
(-147,45,-43)
(-82,46,2)
(-19,67,23)
(30,86,34)
(64,94,26)
(73,109,29)
(97,137,19)
(115,149,-9)
(132,158,-6)
(132,154,-8)
(123,159,-7)
(127,159,-7)
(121,157,-9)
(128,150,2)
(121,153,-13)
(128,154,-6)
