(-60,-106,-8)
(-58,-100,-14)
(-58,-96,-12)
(-58,-100,-2)
(-60,-102,0)
(-60,-100,-6)
(-62,-98,-8)
(-55,-105,-5)
(-59,-99,-9)
(-57,-101,-7)
(-66,-90,2)
(-60,-100,-10)
(-67,-103,-1)
(-65,-95,-7)
(-62,-98,-4)
(-58,-94,-14)
(-56,-104,-10)
(-68,-100,10)
(-65,-97,1)
(-67,-97,9)
(-69,-93,-1)
(-71,-99,-11)
(-68,-100,-2)
(-81,-83,1)
(-85,-93,-11)
(-77,-91,-11)
(-74,-98,-6)
(-72,-96,-6)
(-77,-93,1)
(-67,-91,-1)
(-81,-97,-5)
(-67,-97,3)
(-69,-87,5)
(-71,-95,-7)
(-70,-96,4)
(-61,-91,1)
(-67,-95,1)
(-62,-84,10)
(-66,-98,6)
(-54,-104,-2)
(-58,-98,10)
(-62,-102,8)
(-56,-88,2)
(-63,-99,3)
(-56,-98,2)
(-55,-89,9)
(-66,-96,-4)
(-71,-99,-1)
(-68,-102,-4)
(-73,-101,-7)
(-68,-92,-4)
(-65,-101,-3)
(-65,-97,3)
(-80,-98,-2)
(-75,-101,-1)
(-69,-89,-5)
(-61,-97,-1)
(-62,-102,6)
(-67,-93,-9)
(-58,-94,-8)
(-63,-107,-3)
(-73,-101,-9)
(-72,-94,-2)
(-68,-88,0)
(-68,-84,-12)
(-74,-98,-6)
(-69,-99,-9)
(-76,-88,4)
(-71,-93,-5)
(-74,-86,0)
(-75,-85,-7)
(-74,-90,-10)
(-75,-91,-3)
(-73,-91,-15)
(-71,-91,-3)
(-79,-87,-5)
(-81,-95,-5)
(-90,-86,-2)
(-80,-92,-10)
(-77,-91,1)
(-82,-88,-2)
(-84,-78,-2)
(-81,-95,-1)
(-80,-92,2)
(-83,-91,-7)
(-86,-92,-4)
(-75,-91,-1)
(-82,-86,-6)
(-74,-94,-8)
(-83,-91,-11)
(-72,-100,-14)
(-69,-97,-9)
(-68,-96,-6)
(-71,-97,-7)
(-68,-84,-4)
(-73,-87,3)
(-81,-97,-3)
(-71,-97,-17)
(-67,-93,-23)
(-67,-101,-11)
(-71,-95,-9)
(-72,-94,-16)
(-63,-95,-17)
(-61,-105,-13)
(-68,-100,-18)
(-60,-98,-12)
(-59,-95,-13)
(-63,-97,-9)
(-62,-98,-12)
(-64,-98,-12)
(-63,-97,-15)
(-67,-99,-5)
(-71,-93,-19)
(-76,-98,-24)
(-71,-97,-25)
(-84,-88,-22)
(-84,-98,-24)
(-76,-94,-28)
(-74,-92,-30)
(-84,-96,-28)
(-81,-99,-29)
(-72,-94,-26)
(-78,-94,-36)
(-75,-95,-27)
(-66,-102,-28)
(-68,-100,-34)
(-70,-90,-26)
(-85,-93,-29)
(-71,-101,-27)
(-82,-96,-34)
(-75,-103,-35)
(-78,-96,-32)
(-75,-93,-35)
(-86,-88,-42)
(-87,-89,-27)
(-82,-86,-40)
(-101,-79,-41)
(-87,-99,-45)
(-97,-85,-55)
(-105,-79,-47)
(-123,-83,-61)
(-130,-70,-40)
(-135,-71,-53)
(-145,-63,-57)
(-163,-41,-55)
(-170,-36,-48)
(-190,-20,-44)
(-195,1,-43)
(-206,22,-34)
(-215,27,-23)
(-214,40,-24)
(-219,55,-7)
(-211,57,7)
(-204,72,24)
(-199,97,35)
(-191,107,61)
(-178,128,80)
(-171,149,91)
(-157,163,91)
(-152,172,98)
(-139,191,109)
(-134,196,104)
(-125,201,111)
(-116,204,122)
(-101,211,117)
(-91,199,123)
(-56,218,124)
(-45,221,131)
(-38,220,132)
(-24,222,130)
(-8,216,130)
(-6,206,128)
(-4,184,140)
(7,161,151)
(12,138,160)
(29,115,161)
(39,81,167)
(39,47,155)
(38,22,148)
(38,0,130)
(30,-38,110)
(23,-59,77)
(29,-79,49)
(23,-97,19)
(12,-110,-12)
(0,-108,-38)
(-17,-115,-53)
(-28,-110,-82)
(-52,-106,-94)
(-56,-100,-120)
(-90,-88,-126)
(-110,-78,-128)
(-131,-65,-131)
(-151,-53,-119)
(-170,-34,-120)
(-188,-14,-100)
(-201,1,-89)
(-216,32,-58)
(-222,74,-34)
(-228,98,-16)
(-227,129,3)
(-206,168,24)
(-195,199,29)
(-179,239,37)
(-149,253,31)
(-127,259,37)
(-118,258,56)
(-108,254,78)
(-84,236,94)
(-96,212,116)
(-79,193,131)
(-61,157,143)
(-55,129,145)
(-36,84,166)
(-22,48,152)
(-26,24,140)
(-20,4,120)
(-20,-28,108)
(-25,-43,97)
(-12,-70,62)
(-23,-83,35)
(-19,-95,11)
(-34,-106,-24)
(-37,-109,-61)
(-34,-110,-80)
(-28,-106,-108)
(-26,-92,-128)
(-9,-93,-147)
(-1,-91,-153)
(15,-83,-149)
(13,-89,-163)
(14,-84,-154)
(14,-90,-148)
(14,-94,-154)
(19,-81,-157)
(24,-84,-156)
(17,-89,-147)
(32,-94,-150)
(31,-85,-163)
(32,-84,-164)
(40,-82,-164)
(38,-74,-174)
(38,-60,-192)
(52,-50,-198)
(43,-47,-213)
(39,-29,-227)
(30,-24,-238)
(34,-4,-248)
(19,7,-257)
(19,15,-265)
(16,20,-266)
(17,29,-271)
(19,35,-273)
(15,37,-271)
(13,47,-277)
(14,42,-276)
(9,51,-281)
(1,49,-273)
(3,41,-275)
(2,22,-274)
(-4,2,-254)
(-10,-34,-218)
(-23,-53,-201)
(-28,-70,-166)
(-25,-83,-143)
(-36,-104,-92)
(-44,-112,-76)
(-58,-104,-60)
(-93,-91,-49)
(-120,-70,-22)
(-137,-53,-3)
(-156,-26,-6)
(-163,-13,5)
(-177,-3,9)
(-185,25,21)
(-176,44,34)
(-187,49,33)
(-192,82,38)
(-197,105,41)
(-183,135,39)
(-184,138,48)
(-189,131,47)
(-181,125,61)
(-182,104,60)
(-161,79,77)
(-150,46,76)
(-148,12,64)
(-142,-10,46)
(-128,-28,40)
(-116,-44,26)
(-114,-64,2)
(-115,-77,-5)
(-126,-58,-22)
(-143,-53,-23)
(-146,-44,-10)
(-147,-39,-1)
(-140,-36,10)
(-147,-23,23)
(-153,15,47)
(-156,70,72)
(-160,88,78)
(-168,150,80)
(-166,202,56)
(-150,242,24)
(-148,272,-2)
(-137,287,-33)
(-140,296,-32)
(-139,291,-45)
(-139,299,-59)
(-147,293,-71)
(-152,286,-104)
(-137,289,-131)
(-132,286,-152)
(-112,290,-158)
(-112,298,-160)
(-102,304,-158)
(-77,295,-175)
(-68,304,-194)
(-53,301,-209)
(-37,293,-219)
(-18,276,-234)
(-14,266,-252)
(8,234,-266)
(15,233,-273)
(37,221,-269)
(52,212,-280)
(66,188,-270)
(100,176,-270)
(116,170,-248)
(131,161,-247)
(152,154,-234)
(176,160,-204)
(185,167,-185)
(200,158,-166)
(199,159,-149)
(197,151,-141)
(209,149,-133)
(205,147,-141)
(197,151,-155)
(188,156,-172)
(182,164,-194)
(169,183,-205)
(152,180,-228)
(119,183,-241)
(100,206,-256)
(87,221,-253)
(57,237,-251)
(27,267,-239)
(2,284,-230)
(-22,304,-212)
(-46,306,-192)
(-76,324,-168)
(-85,327,-125)
(-108,318,-94)
(-125,315,-67)
(-126,310,-34)
(-128,296,-12)
(-132,294,10)
(-136,272,32)
(-136,260,54)
(-133,233,77)
(-127,215,99)
(-129,203,107)
(-114,188,118)
(-113,163,135)
(-100,146,140)
(-90,132,144)
(-103,139,135)
(-124,136,126)
(-125,153,109)
(-158,170,90)
(-165,205,65)
(-182,232,24)
(-182,244,-2)
(-189,247,-67)
(-182,256,-110)
(-162,248,-156)
(-158,238,-208)
(-121,237,-233)
(-111,225,-249)
(-82,218,-266)
(-49,201,-281)
(-9,201,-291)
(25,201,-291)
(75,193,-281)
(75,211,-271)
(113,191,-245)
(138,198,-228)
(164,202,-202)
(169,197,-191)
(181,199,-171)
(184,190,-172)
(181,201,-173)
(181,189,-187)
(167,191,-203)
(159,195,-207)
(140,204,-232)
(117,213,-241)
(92,226,-258)
(70,240,-268)
(39,247,-257)
(5,275,-249)
(-28,290,-224)
(-49,305,-205)
(-77,319,-167)
(-105,321,-125)
(-118,316,-86)
(-129,311,-41)
(-133,299,-5)
(-136,276,24)
(-132,244,64)
(-123,233,95)
(-120,202,110)
(-113,171,135)
(-103,155,137)
(-90,126,142)
(-64,106,152)
(-42,80,146)
(-39,61,153)
(-19,53,153)
(-5,39,149)
(3,33,151)
(7,37,151)
(-11,51,153)
(-28,60,156)
(-67,83,157)
(-106,116,128)
(-132,130,120)
(-169,149,83)
(-192,170,48)
(-189,193,15)
(-194,208,-36)
(-194,224,-70)
(-192,214,-116)
(-181,213,-159)
(-173,219,-197)
(-144,212,-226)
(-118,206,-250)
(-85,203,-273)
(-47,181,-293)
(-13,185,-297)
(22,174,-292)
(48,174,-282)
(79,173,-275)
(110,174,-256)
(135,175,-249)
(147,183,-221)
(164,180,-206)
(184,184,-188)
(180,176,-174)
(183,177,-169)
(187,177,-165)
(183,187,-177)
(171,177,-181)
(173,181,-193)
(159,181,-207)
(145,185,-219)
(117,183,-245)
(98,186,-268)
(72,192,-270)
(32,190,-280)
(-4,204,-284)
(-17,207,-287)
(-59,217,-269)
(-87,241,-243)
(-117,247,-213)
(-133,263,-189)
(-149,269,-153)
(-157,273,-109)
(-162,280,-40)
(-160,268,-36)
(-151,259,11)
(-144,244,44)
(-138,222,72)
(-130,212,100)
(-114,178,120)
(-100,168,142)
(-92,144,144)
(-60,120,154)
(-43,91,163)
(-17,67,161)
(-4,56,158)
(23,39,151)
(28,46,148)
(47,27,143)
(62,32,138)
(90,16,112)
(93,5,105)
(111,-7,81)
(123,-11,65)
(128,-8,48)
(131,-13,35)
(133,-19,29)
(143,-17,29)
(155,-17,11)
(153,-17,3)
(160,-18,-12)
(162,-16,-28)
(166,-22,-42)
(157,-11,-51)
(154,-20,-56)
(142,-24,-72)
(148,-22,-68)
(139,-31,-91)
(135,-35,-97)
(122,-30,-106)
(129,-33,-113)
(113,-33,-131)
(106,-24,-138)
(101,-27,-145)
(103,-31,-151)
(96,-24,-150)
(99,-29,-147)
(97,-37,-157)
(89,-37,-143)
(92,-26,-140)
(112,-38,-124)
(135,-47,-95)
(142,-44,-66)
(134,-44,-24)
(125,-31,17)
(128,-22,60)
(88,-16,94)
(84,24,130)
(60,56,152)
(39,97,177)
(8,132,170)
(-26,168,160)
(-56,192,148)
(-73,213,131)
(-93,225,105)
(-118,244,78)
(-139,255,55)
(-157,243,9)
(-180,242,-34)
(-191,229,-71)
(-195,219,-99)
(-193,197,-131)
(-190,182,-172)
(-180,154,-202)
(-171,143,-215)
(-140,120,-242)
(-110,100,-264)
(-81,79,-275)
(-44,72,-284)
(-14,64,-294)
(21,61,-293)
(54,78,-286)
(97,93,-271)
(123,107,-243)
(157,137,-211)
(174,142,-196)
(183,179,-163)
(184,202,-140)
(178,222,-124)
(173,243,-107)
(155,263,-77)
(145,277,-51)
(138,282,-20)
(133,283,-15)
(140,288,-8)
(143,277,-9)
(145,275,-1)
(160,264,-8)
(151,259,-7)
(158,260,-2)
(158,260,-8)
(146,278,-10)
(120,290,-8)
(94,316,-14)
(93,317,-13)
(108,314,-10)
(119,305,-9)
(129,293,-23)
(126,298,-28)
(142,294,-34)
(129,299,-37)
(146,286,-80)
(158,258,-124)
(163,231,-175)
(148,212,-202)
(125,217,-235)
(92,242,-240)
(67,263,-233)
(45,293,-205)
(23,317,-175)
(24,330,-158)
(35,325,-137)
(61,333,-113)
(90,320,-128)
(127,291,-133)
(141,263,-161)
(152,232,-184)
(163,197,-183)
(165,189,-199)
(157,161,-207)
(172,142,-202)
(170,142,-202)
(164,134,-196)
(176,118,-200)
(164,92,-210)
(147,77,-221)
(124,68,-236)
(89,65,-271)
(75,97,-277)
(72,132,-288)
(80,184,-284)
(71,217,-261)
(72,250,-240)
(71,277,-203)
(56,314,-180)
(42,326,-154)
(51,331,-131)
(39,335,-93)
(44,342,-72)
(42,338,-58)
(46,342,-38)
(34,326,-12)
(28,324,4)
(23,325,35)
(23,313,43)
(10,314,50)
(-9,325,43)
(-2,328,10)
(17,339,-25)
(39,341,-55)
(25,347,-61)
(21,345,-63)
(4,348,-32)
(-9,337,5)
(-25,325,39)
(-33,309,55)
(-30,314,50)
(-28,310,54)
(-18,316,62)
(-18,302,78)
(-24,286,92)
(-15,275,101)
(-17,261,115)
(-22,248,124)
(-9,231,135)
(-10,206,144)
(-13,183,153)
(-14,168,156)
(-11,143,173)
(-9,125,171)
(-19,129,173)
(-18,146,166)
(-15,173,161)
(-34,208,146)
(-26,236,132)
(-27,259,115)
(-24,288,96)
(-27,301,69)
(-27,315,47)
(-21,337,15)
(-16,338,-10)
(-19,341,3)
(-18,330,12)
(-19,317,43)
(-9,295,89)
(-10,274,110)
(-7,243,127)
(-7,217,147)
(-13,193,153)
(-12,164,158)
(-11,141,167)
(-12,120,172)
(-17,103,163)
(-13,69,161)
(-5,57,155)
(-10,38,148)
(2,18,148)
(13,13,133)
(9,13,133)
(11,3,129)
(13,11,143)
(0,38,154)
(3,71,167)
(-28,114,168)
(-62,170,156)
(-74,214,140)
(-80,264,110)
(-93,285,69)
(-93,303,45)
(-106,322,-8)
(-113,317,-43)
(-116,324,-62)
(-109,323,-79)
(-112,318,-94)
(-109,315,-79)
(-105,321,-57)
(-105,327,-33)
(-88,320,8)
(-86,308,42)
(-71,289,77)
(-58,260,108)
(-56,230,136)
(-51,179,163)
(-37,137,173)
(-20,112,160)
(-29,87,169)
(-20,62,162)
(-14,34,148)
(-9,9,131)
(7,-11,123)
(22,-22,112)
(39,-35,89)
(59,-47,79)
(73,-51,67)
(92,-56,52)
(108,-48,46)
(128,-38,28)
(145,-31,21)
(143,-31,1)
(153,-27,-3)
(161,-23,3)
(154,-20,-4)
(149,-25,-7)
(147,-27,-3)
(147,-15,25)
(149,-1,53)
(131,33,97)
(105,55,139)
(68,102,154)
(14,132,176)
(-27,179,157)
(-57,207,137)
(-85,233,117)
(-119,259,81)
(-139,267,41)
(-163,273,-5)
(-175,261,-53)
(-178,260,-98)
(-182,248,-140)
(-167,243,-179)
(-162,212,-202)
(-154,198,-232)
(-123,171,-247)
(-101,151,-279)
(-68,134,-286)
(-39,121,-297)
(-18,110,-300)
(10,100,-296)
(39,79,-289)
(54,74,-284)
(74,60,-280)
(98,48,-256)
(126,48,-238)
(136,50,-214)
(148,48,-202)
(168,48,-176)
(182,50,-162)
(202,68,-136)
(212,86,-108)
(215,97,-101)
(215,109,-79)
(217,115,-63)
(224,114,-50)
(220,112,-62)
(219,103,-65)
(213,101,-91)
(211,83,-113)
(191,101,-157)
(170,86,-186)
(147,83,-219)
(125,91,-229)
(91,91,-273)
(65,101,-285)
(28,120,-298)
(-4,144,-304)
(-40,154,-302)
(-75,183,-283)
(-108,216,-252)
(-143,225,-219)
(-170,244,-168)
(-183,241,-121)
(-195,231,-71)
(-200,214,-12)
(-201,183,37)
(-174,148,72)
(-146,128,110)
(-123,91,127)
(-83,47,133)
(-60,14,116)
(-21,-7,135)
(11,-31,113)
(43,-37,91)
(63,-41,81)
(84,-50,52)
(89,-57,35)
(109,-41,31)
(111,-49,19)
(123,-41,5)
(130,-40,0)
(134,-32,-2)
(129,-41,1)
(138,-30,-8)
(151,-31,-19)
(157,-29,-13)
(160,-24,-22)
(173,-25,-39)
(166,-24,-50)
(168,-26,-50)
(167,-19,-57)
(168,-18,-70)
(149,-31,-79)
(149,-25,-97)
(147,-27,-113)
(136,-24,-112)
(140,-26,-122)
(134,-24,-128)
(115,-21,-141)
(116,-22,-156)
(101,-11,-159)
(104,-6,-164)
(105,5,-173)
(111,9,-191)
(110,32,-200)
(114,38,-208)
(101,61,-211)
(100,64,-218)
(93,69,-241)
(94,78,-234)
(92,76,-238)
(89,75,-241)
(99,79,-239)
(95,65,-231)
(90,66,-234)
(91,63,-229)
(96,42,-230)
(101,51,-231)
(93,59,-227)
(88,60,-224)
(74,88,-224)
(52,110,-230)
(46,120,-214)
(35,141,-193)
(35,141,-199)
(31,135,-207)
(18,144,-226)
(18,142,-228)
(14,154,-224)
(-1,161,-223)
(-12,180,-222)
(-27,191,-209)
(-32,190,-214)
(-43,203,-207)
(-45,201,-213)
(-53,205,-205)
(-52,202,-210)
(-53,211,-225)
(-43,191,-233)
(-43,181,-241)
(-18,162,-254)
(-20,134,-270)
(0,94,-266)
(17,41,-253)
(33,9,-233)
(47,-53,-179)
(81,-69,-113)
(71,-79,-53)
(64,-84,-2)
(40,-74,46)
(20,-32,88)
(-7,1,137)
(-3,51,163)
(-33,107,163)
(-61,159,161)
(-73,211,133)
(-103,241,93)
(-126,264,56)
(-145,265,9)
(-176,258,-42)
(-179,241,-99)
(-189,207,-143)
(-171,163,-207)
(-139,127,-235)
(-102,84,-268)
(-71,51,-277)
(-32,40,-272)
(8,28,-272)
(48,22,-268)
(99,33,-261)
(131,55,-235)
(161,77,-201)
(196,112,-166)
(199,143,-129)
(199,157,-95)
(197,203,-63)
(175,249,-59)
(137,279,-47)
(110,312,-58)
(75,331,-41)
(52,336,-34)
(59,329,-7)
(66,326,6)
(63,325,9)
(55,311,31)
(20,322,28)
(-14,320,26)
(-55,327,35)
(-109,295,25)
(-144,280,32)
(-169,253,17)
(-198,236,-32)
(-202,232,-106)
(-188,226,-178)
(-148,226,-228)
(-71,217,-255)
(-36,174,-288)
(-29,157,-293)
(-19,131,-297)
(-59,133,-283)
(-107,153,-273)
(-155,163,-239)
(-167,191,-211)
(-166,212,-208)
(-145,215,-225)
(-98,238,-238)
(-35,227,-269)
(3,203,-283)
(-4,162,-294)
(-17,143,-295)
(-63,141,-305)
(-106,154,-272)
(-140,160,-240)
(-171,185,-201)
(-187,183,-199)
(-163,177,-209)
(-132,186,-250)
(-75,183,-283)
(-48,188,-288)
(-70,182,-280)
(-121,195,-255)
(-176,214,-174)
(-187,225,-97)
(-188,216,-16)
(-189,153,51)
(-157,87,79)
(-124,38,92)
(-85,-11,79)
(-61,-41,57)
(-54,-48,36)
(-57,-53,31)
(-92,-26,42)
(-115,5,55)
(-124,10,56)
(-119,9,59)
(-95,-11,61)
(-68,-30,58)
(-30,-52,26)
(-4,-62,28)
(9,-69,15)
(-16,-58,20)
(-31,-47,35)
(-76,-26,44)
(-106,-10,54)
(-103,9,77)
(-89,17,89)
(-68,14,96)
(-39,-15,99)
(-4,-30,80)
(37,-51,47)
(75,-49,25)
(72,-54,8)
(58,-52,4)
(39,-57,-3)
(11,-61,13)
(-27,-53,31)
(-84,-24,50)
(-91,-5,65)
(-83,-1,81)
(-73,-17,89)
(-60,-22,66)
(-21,-53,41)
(18,-64,12)
(42,-74,-12)
(69,-71,-19)
(77,-61,-37)
(97,-49,-41)
(95,-53,-49)
(91,-43,-55)
(85,-49,-57)
(89,-47,-59)
(89,-47,-69)
(78,-32,-84)
(84,-42,-86)
(94,-32,-94)
(95,-29,-107)
(94,-16,-120)
(98,-10,-132)
(96,-18,-122)
(89,-23,-127)
(87,-35,-129)
(76,-34,-134)
(84,-28,-142)
(82,-20,-162)
(67,11,-199)
(54,40,-218)
(24,72,-232)
(18,96,-216)
(24,120,-210)
(7,127,-201)
(11,135,-201)
(12,148,-202)
(14,144,-220)
(15,147,-237)
(13,143,-241)
(16,126,-240)
(27,107,-247)
(39,45,-235)
(35,17,-213)
(35,-17,-193)
(38,-30,-170)
(34,-46,-160)
(33,-31,-169)
(39,-17,-195)
(31,11,-219)
(31,45,-243)
(28,68,-238)
(26,84,-234)
(28,110,-234)
(39,119,-229)
(39,117,-219)
(41,123,-225)
(39,111,-239)
(40,86,-254)
(49,21,-231)
(43,5,-203)
(50,-34,-154)
(45,-51,-115)
(47,-53,-77)
(46,-66,-36)
(40,-60,4)
(39,-41,41)
(41,-23,77)
(35,9,109)
(21,49,127)
(8,92,144)
(-39,135,141)
(-60,168,132)
(-85,205,113)
(-100,232,78)
(-110,252,60)
(-123,259,25)
(-146,264,-2)
(-161,255,-47)
(-180,256,-88)
(-168,226,-150)
(-157,205,-193)
(-150,180,-230)
(-120,158,-256)
(-81,119,-281)
(-35,105,-299)
(4,86,-292)
(49,75,-285)
(98,80,-262)
(127,55,-229)
(151,39,-203)
(172,28,-156)
(192,26,-122)
(194,40,-98)
(196,40,-64)
(205,39,-59)
(200,32,-88)
(168,16,-130)
(136,24,-184)
(126,28,-220)
(98,44,-246)
(62,46,-262)
(16,56,-282)
(-17,29,-275)
(-40,10,-254)
(-59,-11,-233)
(-71,-23,-213)
(-89,-31,-213)
(-90,-42,-184)
(-105,-53,-165)
(-113,-51,-129)
(-128,-44,-126)
(-126,-54,-92)
(-130,-58,-72)
(-123,-45,-49)
(-107,-61,-9)
(-84,-64,16)
(-38,-64,40)
(-7,-55,57)
(15,-37,87)
(35,-1,111)
(59,9,113)
(71,17,109)
(97,19,97)
(112,20,80)
(128,26,70)
(140,20,60)
(144,24,48)
(159,35,47)
(164,34,42)
(163,39,33)
(160,40,32)
(143,29,49)
(136,8,52)
(117,1,57)
(114,2,56)
(110,0,50)
(101,-7,51)
(95,-21,41)
(86,-36,48)
(62,-48,32)
(44,-56,44)
(45,-57,39)
(39,-61,43)
(24,-62,24)
(5,-63,27)
(-15,-67,15)
(-32,-64,-2)
(-26,-64,-8)
(12,-66,22)
(36,-40,64)
(70,-28,68)
(80,-8,86)
(85,17,99)
(105,33,95)
(115,55,91)
(134,50,80)
(155,57,63)
(159,47,41)
(173,37,17)
(173,21,5)
(167,11,7)
(151,-15,-1)
(143,-27,-13)
(134,-28,-32)
(134,-34,-24)
(134,-40,-44)
(132,-34,-62)
(129,-51,-57)
(135,-45,-61)
(127,-57,-45)
(119,-55,-69)
(114,-68,-72)
(88,-64,-78)
(72,-78,-84)
(29,-87,-83)
(-18,-92,-66)
(-36,-90,-50)
(-22,-96,-38)
(21,-83,-49)
(44,-80,-46)
(75,-61,-87)
(79,-69,-121)
(80,-62,-108)
(83,-63,-115)
(79,-59,-99)
(85,-63,-111)
(83,-51,-127)
(85,-51,-145)
(98,-54,-130)
(93,-49,-131)
(89,-39,-133)
(99,-45,-131)
(96,-38,-132)
(95,-47,-141)
(96,-46,-134)
(99,-41,-129)
(98,-44,-126)
(88,-44,-126)
(79,-45,-145)
(66,-52,-142)
(59,-53,-133)
(59,-51,-133)
(48,-50,-148)
(45,-55,-147)
(35,-51,-167)
(39,-39,-185)
(25,-23,-217)
(16,-10,-220)
(0,28,-262)
(-9,51,-267)
(-2,68,-272)
(-16,92,-276)
(-28,102,-268)
(-33,119,-275)
(-45,111,-271)
(-60,110,-276)
(-78,114,-272)
(-80,114,-278)
(-109,105,-265)
(-118,102,-264)
(-136,102,-256)
(-138,104,-248)
(-151,105,-261)
(-151,111,-249)
(-157,107,-227)
(-160,98,-218)
(-175,99,-203)
(-181,91,-193)
(-182,86,-180)
(-181,77,-161)
(-192,74,-156)
(-194,70,-154)
(-185,67,-163)
(-185,77,-153)
(-183,83,-161)
(-176,96,-186)
(-155,79,-221)
(-123,67,-261)
(-113,57,-257)
(-76,10,-250)
(-43,3,-249)
(-37,-3,-237)
(-20,6,-238)
(-25,27,-261)
(-34,46,-270)
(-49,73,-295)
(-77,85,-291)
(-100,80,-274)
(-123,67,-249)
(-141,71,-217)
(-150,56,-204)
(-159,45,-183)
(-174,32,-154)
(-173,25,-139)
(-177,1,-133)
(-165,1,-103)
(-168,-12,-92)
(-162,-22,-84)
(-168,-22,-76)
(-164,-20,-80)
(-172,-22,-84)
(-165,-11,-111)
(-164,0,-128)
(-164,12,-136)
(-168,28,-162)
(-161,25,-175)
(-135,25,-203)
(-108,14,-224)
(-80,18,-238)
(-47,13,-237)
(-25,-3,-247)
(-8,10,-242)
(-1,5,-241)
(13,15,-247)
(8,18,-240)
(-9,29,-253)
(-7,43,-247)
(-44,50,-264)
(-71,47,-255)
(-104,42,-252)
(-117,37,-231)
(-136,34,-212)
(-147,23,-187)
(-159,15,-161)
(-158,8,-136)
(-163,-7,-127)
(-164,-16,-114)
(-159,-23,-105)
(-155,-29,-93)
(-155,-31,-89)
(-150,-30,-78)
(-147,-39,-75)
(-150,-38,-68)
(-145,-47,-67)
(-137,-47,-69)
(-137,-49,-49)
(-126,-52,-50)
(-116,-64,-48)
(-116,-64,-40)
(-107,-77,-39)
(-102,-72,-36)
(-108,-86,-38)
(-105,-83,-37)
(-94,-86,-36)
(-91,-79,-29)
(-81,-89,-19)
(-72,-94,-20)
(-77,-87,-17)
(-74,-100,-24)
(-88,-90,-20)
(-93,-83,-33)
(-111,-67,-41)
(-127,-57,-49)
(-132,-64,-74)
(-155,-53,-79)
(-152,-34,-98)
(-161,-23,-113)
(-154,-22,-130)
(-159,-3,-147)
(-149,9,-173)
(-139,23,-185)
(-148,26,-208)
(-130,30,-222)
(-122,30,-210)
(-134,12,-182)
(-138,-6,-154)
(-139,-39,-131)
(-112,-44,-148)
(-94,-40,-176)
(-90,-32,-200)
(-89,-11,-211)
(-83,1,-233)
(-76,14,-240)
(-81,11,-231)
(-86,18,-228)
(-104,20,-214)
(-121,9,-195)
(-146,-4,-160)
(-151,-15,-143)
(-155,-39,-79)
(-137,-51,-61)
(-122,-70,-62)
(-100,-80,-80)
(-92,-78,-102)
(-85,-77,-133)
(-71,-57,-161)
(-68,-54,-188)
(-61,-31,-201)
(-47,-35,-211)
(-23,-5,-241)
(8,18,-254)
(46,36,-260)
(75,53,-243)
(90,44,-228)
(108,40,-210)
(122,36,-198)
(116,16,-188)
(121,3,-177)
(111,-27,-165)
(86,-34,-182)
(46,-44,-190)
(7,-41,-201)
(-43,-39,-209)
(-95,-29,-191)
(-119,-19,-175)
(-136,-32,-146)
(-143,-33,-131)
(-135,-45,-135)
(-130,-48,-132)
(-116,-50,-152)
(-102,-34,-176)
(-86,-20,-206)
(-60,-6,-240)
(-14,16,-272)
(33,43,-277)
(64,60,-258)
(84,64,-240)
(104,54,-218)
(98,24,-210)
(100,6,-190)
(74,-24,-192)
(52,-36,-194)
(8,-48,-192)
(-28,-46,-200)
(-59,-25,-203)
(-77,-21,-199)
(-84,-10,-212)
(-90,-10,-208)
(-87,-7,-213)
(-76,2,-224)
(-65,13,-245)
(-45,27,-239)
(-22,36,-248)
(10,42,-256)
(44,48,-242)
(62,32,-232)
(58,36,-240)
(37,47,-241)
(-3,53,-249)
(-51,57,-241)
(-84,46,-236)
(-106,42,-204)
(-119,37,-207)
(-106,30,-198)
(-97,37,-229)
(-58,48,-244)
(-22,64,-262)
(5,67,-265)
(41,83,-257)
(53,85,-247)
(59,77,-231)
(47,79,-233)
(-6,46,-238)
(-53,39,-243)
(-80,38,-226)
(-107,25,-201)
(-121,9,-193)
(-115,13,-199)
(-108,0,-198)
(-94,14,-242)
(-85,35,-251)
(-38,58,-276)
(-5,85,-279)
(39,103,-279)
(60,108,-250)
(63,77,-237)
(30,52,-242)
(16,46,-242)
(-37,29,-235)
(-90,22,-220)
(-113,21,-199)
(-117,9,-195)
(-118,2,-186)
(-114,-14,-182)
(-98,-4,-212)
(-84,12,-234)
(-77,21,-253)
(-41,33,-269)
(5,51,-281)
(41,67,-271)
(56,56,-224)
(79,55,-227)
(72,12,-208)
(100,-24,-148)
(100,-44,-112)
(114,-50,-78)
(93,-43,5)
(94,-46,24)
(63,15,101)
(59,57,133)
(64,92,132)
(52,106,140)
(45,121,139)
(30,140,138)
(1,167,139)
(-30,186,140)
(-64,212,122)
(-90,226,100)
(-118,234,82)
(-157,239,39)
(-184,232,-26)
(-203,195,-83)
(-202,156,-128)
(-196,136,-172)
(-199,119,-191)
(-147,87,-231)
(-116,58,-264)
(-87,49,-275)
(-72,42,-268)
(-59,41,-277)
(-23,55,-285)
(-1,61,-301)
(17,81,-303)
(41,99,-303)
(61,99,-299)
(93,127,-285)
(114,146,-268)
(115,153,-263)
(143,189,-229)
(166,210,-216)
(169,225,-185)
(162,240,-164)
(170,240,-150)
(173,251,-125)
(169,249,-109)
(174,262,-86)
(166,258,-74)
(165,269,-65)
(158,278,-64)
(153,279,-55)
(148,282,-46)
(125,291,-35)
(128,304,-24)
(98,322,-10)
(54,324,2)
(27,335,9)
(-11,333,15)
(-34,326,10)
(-60,326,18)
(-82,322,12)
(-92,312,14)
(-114,306,28)
(-111,295,23)
(-128,256,62)
(-130,238,74)
(-130,220,88)
(-125,203,101)
(-125,201,119)
(-116,184,118)
(-99,175,143)
(-86,158,148)
(-74,152,152)
(-72,138,154)
(-85,121,155)
(-83,113,159)
(-93,91,147)
(-97,63,135)
(-109,49,123)
(-119,35,113)
(-133,29,81)
(-143,39,87)
(-154,66,76)
(-175,53,61)
(-179,59,39)
(-193,61,17)
(-205,75,-15)
(-221,77,-39)
(-221,89,-49)
(-221,101,-59)
(-221,95,-49)
(-215,135,-37)
(-212,142,-4)
(-203,153,19)
(-190,154,56)
(-174,140,60)
(-184,144,68)
(-182,124,62)
(-195,107,37)
(-204,116,24)
(-218,108,-26)
(-224,98,-74)
(-222,110,-86)
(-211,107,-119)
(-221,113,-111)
(-220,116,-108)
(-216,120,-78)
(-218,102,-56)
(-214,98,-32)
(-217,87,-11)
(-206,60,4)
(-190,50,42)
(-180,48,30)
(-186,32,14)
(-188,40,8)
(-194,44,6)
(-205,47,-27)
(-205,55,-47)
(-212,66,-48)
(-215,73,-37)
(-213,99,-33)
(-210,126,-2)
(-202,144,20)
(-186,152,42)
(-181,151,71)
(-174,156,74)
(-171,131,69)
(-193,115,45)
(-208,114,12)
(-212,130,-26)
(-220,126,-48)
(-212,140,-110)
(-208,172,-140)
(-200,180,-144)
(-198,204,-130)
(-188,228,-104)
(-188,238,-54)
(-171,245,-31)
(-161,235,13)
(-171,221,29)
(-172,206,50)
(-172,196,52)
(-198,172,30)
(-198,156,24)
(-205,145,-5)
(-211,145,-55)
(-212,146,-70)
(-202,172,-94)
(-206,170,-102)
(-204,194,-94)
(-194,194,-80)
(-187,213,-41)
(-181,217,-19)
(-175,221,5)
(-173,223,15)
(-179,213,17)
(-182,188,2)
(-209,185,-21)
(-207,169,-35)
(-202,170,-90)
(-201,181,-105)
(-201,183,-109)
(-204,184,-100)
(-209,185,-89)
(-203,199,-55)
(-194,194,-28)
(-198,198,2)
(-196,190,16)
(-197,183,27)
(-203,159,15)
(-209,151,-5)
(-209,151,-23)
(-218,160,-66)
(-205,165,-73)
(-205,177,-91)
(-207,185,-93)
(-192,196,-56)
(-199,201,-35)
(-184,214,10)
(-169,205,55)
(-158,192,74)
(-176,166,68)
(-184,136,54)
(-193,133,43)
(-211,135,11)
(-211,143,9)
(-208,164,-18)
(-204,166,-18)
(-193,193,-1)
(-198,196,6)
(-171,197,61)
(-159,199,61)
(-141,185,95)
(-138,154,108)
(-145,127,103)
(-155,125,99)
(-172,120,68)
(-180,122,64)
(-195,133,29)
(-208,138,12)
(-206,160,8)
(-201,167,3)
(-197,189,33)
(-177,187,57)
(-176,192,60)
(-144,188,98)
(-133,159,111)
(-140,148,104)
(-143,125,111)
(-149,115,107)
(-158,94,84)
(-170,104,78)
(-181,101,57)
(-194,118,44)
(-195,139,35)
(-205,143,27)
(-199,163,45)
(-188,178,46)
(-158,188,88)
(-138,174,110)
(-128,164,120)
(-124,154,126)
(-124,114,134)
(-110,110,124)
(-120,80,114)
(-153,75,97)
(-167,81,69)
(-177,91,57)
(-198,130,44)
(-190,134,38)
(-196,158,46)
(-184,164,66)
(-170,174,70)
(-137,163,115)
(-138,154,124)
(-114,134,136)
(-107,101,129)
(-104,98,128)
(-116,66,104)
(-143,55,95)
(-139,63,87)
(-166,64,72)
(-170,68,60)
(-182,94,62)
(-182,104,54)
(-178,132,68)
(-175,139,73)
(-137,141,111)
(-131,133,117)
(-104,116,134)
(-83,89,143)
(-73,71,149)
(-73,49,139)
(-57,29,131)
(-33,1,127)
(-40,-18,112)
(-56,-2,104)
(-93,13,109)
(-107,45,115)
(-113,81,121)
(-82,86,138)
(-78,68,144)
(-48,46,150)
(-34,16,134)
(-29,9,133)
(-19,-13,113)
(-37,-9,103)
(-27,-29,103)
(-30,-30,106)
(-28,-28,90)
(-48,-24,96)
(-61,-3,103)
(-99,17,91)
(-121,47,97)
(-128,58,96)
(-109,51,113)
(-95,37,115)
(-95,37,117)
(-108,30,90)
(-117,19,77)
(-155,29,49)
(-180,56,18)
(-195,55,-1)
(-218,90,-40)
(-221,95,-51)
(-210,124,-96)
(-210,136,-100)
(-195,143,-119)
(-207,153,-123)
(-206,172,-100)
(-213,177,-85)
(-206,190,-38)
(-207,191,-31)
(-205,189,-1)
(-196,170,16)
(-201,167,21)
(-211,153,-5)
(-220,148,-16)
(-220,158,-72)
(-213,167,-115)
(-199,167,-135)
(-193,163,-163)
(-193,173,-159)
(-195,179,-149)
(-194,182,-142)
(-202,180,-106)
(-195,185,-91)
(-206,188,-50)
(-201,195,-55)
(-221,183,-53)
(-214,178,-50)
(-224,184,-68)
(-212,188,-80)
(-216,178,-112)
(-210,184,-122)
(-200,180,-156)
(-187,185,-165)
(-183,181,-169)
(-198,182,-156)
(-200,178,-144)
(-201,177,-119)
(-208,180,-104)
(-204,182,-60)
(-215,175,-43)
(-211,163,-11)
(-213,153,-3)
(-218,112,-12)
(-218,94,-18)
(-229,99,-23)
(-229,97,-61)
(-226,112,-66)
(-219,115,-101)
(-217,121,-111)
(-198,140,-130)
(-205,141,-135)
(-205,149,-129)
(-207,147,-131)
(-211,149,-121)
(-209,149,-117)
(-213,157,-77)
(-202,180,-60)
(-202,190,-30)
(-197,187,-17)
(-200,168,6)
(-204,156,6)
(-217,143,-9)
(-217,147,-15)
(-220,160,-74)
(-213,159,-87)
(-212,166,-134)
(-189,169,-175)
(-170,168,-210)
(-159,171,-211)
(-153,159,-233)
(-153,141,-237)
(-159,143,-235)
(-161,147,-223)
(-167,145,-219)
(-184,158,-198)
(-200,178,-162)
(-198,184,-146)
(-190,196,-100)
(-202,196,-84)
(-201,209,-45)
(-184,200,-4)
(-183,203,19)
(-160,192,76)
(-150,186,92)
(-124,170,112)
(-99,143,135)
(-90,130,146)
(-62,90,156)
(-57,77,157)
(-44,48,152)
(-38,32,148)
(-91,41,117)
(-95,51,123)
(-139,65,89)
(-155,77,89)
(-180,114,56)
(-196,122,30)
(-207,137,17)
(-211,143,-5)
(-216,148,0)
(-207,147,-19)
(-214,150,-24)
(-215,147,-59)
(-225,147,-79)
(-216,150,-94)
(-207,143,-99)
(-211,139,-121)
(-208,132,-118)
(-209,127,-129)
(-197,129,-143)
(-203,129,-147)
(-199,121,-159)
(-196,108,-170)
(-190,100,-170)
(-174,88,-196)
(-149,71,-219)
(-142,58,-226)
(-123,45,-233)
(-121,31,-235)
(-101,39,-247)
(-98,44,-254)
(-90,50,-260)
(-79,61,-271)
(-53,95,-297)
(-23,121,-307)
(-6,148,-298)
(0,160,-296)
(46,196,-278)
(60,204,-268)
(105,235,-241)
(103,237,-225)
(133,243,-193)
(137,249,-185)
(143,261,-159)
(142,282,-124)
(153,285,-97)
(141,281,-79)
(146,274,-50)
(151,281,-35)
(153,269,-21)
(160,266,-38)
(159,247,-27)
(174,246,-34)
(175,239,-41)
(183,243,-35)
(165,253,-21)
(140,290,-16)
(121,295,-9)
(71,317,-9)
(54,328,-20)
(6,336,-6)
(-24,340,-16)
(-66,318,6)
(-96,304,22)
(-114,270,48)
(-117,257,69)
(-117,225,109)
(-97,195,129)
(-82,182,136)
(-76,172,150)
(-45,151,147)
(-27,131,159)
(-19,133,171)
(-21,73,159)
(-28,48,164)
(-27,47,159)
(-26,34,156)
(-22,26,148)
(-12,-4,136)
(-4,-20,120)
(-10,-26,118)
(11,-37,101)
(14,-38,100)
(9,-31,99)
(15,-21,117)
(-3,-21,117)
(-12,6,142)
(-29,21,135)
(-48,56,146)
(-91,85,135)
(-107,111,125)
(-131,119,117)
(-148,130,98)
(-164,140,78)
(-166,144,74)
(-184,142,48)
(-189,147,51)
(-182,146,42)
(-200,136,30)
(-200,154,18)
(-201,153,-7)
(-209,147,-17)
(-212,148,-48)
(-217,151,-51)
(-210,144,-74)
(-212,148,-78)
(-210,152,-94)
(-211,143,-89)
(-217,149,-91)
(-208,144,-122)
(-217,141,-117)
(-197,135,-139)
(-194,118,-146)
(-195,119,-163)
(-192,114,-170)
(-185,103,-185)
(-183,105,-185)
(-183,103,-183)
(-199,115,-169)
(-194,122,-168)
(-207,141,-137)
(-207,155,-101)
(-212,156,-92)
(-220,168,-60)
(-205,181,-25)
(-199,193,-17)
(-178,202,20)
(-174,220,32)
(-155,221,67)
(-152,214,66)
(-137,221,91)
(-121,219,97)
(-124,204,116)
(-113,197,111)
(-108,184,132)
(-95,163,137)
(-78,154,140)
(-70,138,144)
(-54,120,158)
(-45,101,157)
(-42,86,160)
(-31,79,161)
(-39,81,151)
(-41,87,159)
(-77,101,143)
(-76,106,136)
(-111,135,133)
(-121,137,125)
(-140,144,106)
(-150,152,98)
(-149,161,85)
(-172,170,74)
(-177,175,63)
(-185,183,31)
(-187,183,31)
(-193,181,17)
(-195,185,7)
(-201,191,-5)
(-198,190,-12)
(-186,194,4)
(-190,196,30)
(-188,180,36)
(-194,184,34)
(-199,165,11)
(-205,159,-1)
(-214,146,-40)
(-207,153,-75)
(-209,149,-67)
(-205,177,-91)
(-194,208,-92)
(-194,224,-84)
(-178,232,-76)
(-173,257,-53)
(-179,253,-51)
(-171,251,-25)
(-182,240,-20)
(-192,218,-46)
(-195,199,-73)
(-202,188,-110)
(-203,189,-131)
(-193,197,-149)
(-196,198,-138)
(-191,219,-107)
(-183,239,-69)
(-188,244,-52)
(-164,248,-10)
(-159,253,19)
(-157,255,19)
(-159,231,31)
(-173,211,25)
(-204,194,-18)
(-209,179,-57)
(-210,170,-88)
(-216,176,-114)
(-206,176,-126)
(-204,182,-130)
(-204,198,-118)
(-205,199,-113)
(-196,224,-72)
(-176,232,-38)
(-166,246,2)
(-153,251,27)
(-140,234,60)
(-144,214,82)
(-149,199,91)
(-155,165,89)
(-172,144,74)
(-195,133,37)
(-207,123,11)
(-222,124,-28)
(-220,138,-50)
(-211,143,-67)
(-209,171,-85)
(-198,182,-84)
(-200,214,-72)
(-188,246,-24)
(-160,250,18)
(-143,247,51)
(-139,239,63)
(-145,217,81)
(-152,198,82)
(-154,176,82)
(-171,167,69)
(-197,161,47)
(-203,171,15)
(-210,182,-20)
(-200,194,-50)
(-203,225,-69)
(-187,239,-91)
(-166,276,-112)
(-135,299,-123)
(-103,319,-125)
(-70,346,-122)
(-35,353,-127)
(-1,341,-123)
(27,339,-131)
(60,336,-132)
(73,331,-129)
(90,320,-120)
(86,328,-118)
(99,317,-89)
(97,325,-95)
(97,327,-81)
(102,328,-82)
(114,314,-94)
(128,300,-100)
(137,297,-105)
(146,280,-130)
(161,257,-137)
(165,253,-151)
(162,246,-174)
(163,233,-183)
(149,231,-193)
(160,232,-188)
(152,224,-194)
(160,230,-190)
(162,234,-178)
(158,262,-158)
(141,277,-145)
(130,298,-128)
(102,312,-120)
(87,333,-105)
(66,330,-96)
(43,347,-83)
(30,344,-54)
(12,348,-34)
(10,348,-14)
(-19,333,15)
(-27,323,35)
(-33,331,41)
(-44,308,54)
(-66,300,66)
(-76,290,72)
(-82,286,76)
(-85,283,75)
(-91,271,77)
(-92,280,82)
(-97,277,77)
(-91,277,77)
(-78,280,84)
(-78,272,90)
(-75,257,93)
(-80,246,100)
(-87,237,109)
(-93,219,123)
(-94,204,130)
(-90,182,132)
(-90,176,130)
(-87,171,147)
(-86,174,144)
(-81,187,139)
(-70,208,130)
(-55,237,125)
(-44,264,110)
(-31,293,79)
(-31,315,57)
(-29,323,41)
(-33,329,27)
(-30,326,20)
(-33,331,37)
(-35,309,55)
(-43,285,79)
(-57,263,97)
(-64,240,126)
(-66,218,136)
(-64,196,140)
(-69,177,157)
(-69,137,157)
(-64,104,154)
(-63,67,147)
(-39,29,145)
(-27,-3,127)
(-9,-11,119)
(-6,-28,98)
(11,-53,83)
(4,-52,84)
(3,-53,73)
(20,-50,88)
(10,-48,94)
(22,-12,122)
(20,6,132)
(6,40,158)
(-20,64,158)
(-48,106,160)
(-77,129,151)
(-93,159,139)
(-107,179,133)
(-124,178,126)
(-133,201,103)
(-142,202,92)
(-141,223,79)
(-165,235,53)
(-166,234,20)
(-172,244,-6)
(-182,240,-24)
(-189,245,-47)
(-195,239,-75)
(-196,234,-98)
(-188,234,-128)
(-191,215,-149)
(-186,202,-174)
(-177,209,-175)
(-186,218,-170)
(-183,225,-153)
(-184,234,-126)
(-180,244,-94)
(-185,251,-65)
(-192,232,-38)
(-192,232,-18)
(-198,220,0)
(-205,201,3)
(-205,205,-41)
(-215,199,-79)
(-202,214,-96)
(-193,231,-77)
(-191,235,-65)
(-181,241,-31)
(-183,237,-3)
(-210,218,-4)
(-209,199,-49)
(-209,211,-87)
(-204,194,-134)
(-202,198,-160)
(-200,204,-154)
(-194,224,-122)
(-212,218,-96)
(-202,196,-122)
(-198,166,-166)
(-187,153,-201)
(-171,139,-213)
(-189,141,-197)
(-194,160,-170)
(-211,181,-135)
(-210,176,-132)
(-202,170,-152)
(-194,168,-180)
(-180,158,-210)
(-180,146,-214)
(-188,158,-184)
(-208,188,-146)
(-200,218,-104)
(-186,248,-50)
(-195,249,-17)
(-183,237,11)
(-203,205,17)
(-218,190,-30)
(-211,191,-71)
(-206,216,-94)
(-191,233,-71)
(-182,238,-18)
(-169,231,33)
(-173,191,53)
(-193,173,41)
(-210,168,-8)
(-211,193,-49)
(-204,216,-52)
(-192,224,-20)
(-189,211,9)
(-201,181,5)
(-204,180,-16)
(-216,192,-76)
(-208,196,-118)
(-202,192,-152)
(-188,196,-144)
(-200,214,-116)
(-193,219,-107)
(-200,206,-126)
(-192,200,-166)
(-180,186,-192)
(-171,185,-205)
(-175,203,-185)
(-198,224,-120)
(-185,241,-63)
(-186,230,2)
(-194,182,46)
(-176,150,82)
(-146,128,100)
(-134,104,112)
(-113,73,119)
(-105,73,123)
(-99,53,127)
(-103,69,129)
(-110,74,118)
(-118,94,118)
(-147,97,111)
(-157,117,93)
(-174,124,70)
(-193,129,37)
(-207,131,11)
(-221,125,-19)
(-219,123,-23)
(-224,122,-38)
(-225,127,-37)
(-226,124,-42)
(-222,132,-58)
(-220,136,-78)
(-219,139,-81)
(-222,148,-70)
(-206,182,-42)
(-192,214,-24)
(-186,226,-8)
(-185,221,27)
(-196,202,8)
(-215,181,-43)
(-217,177,-89)
(-214,196,-112)
(-195,241,-85)
(-170,266,-32)
(-147,269,23)
(-134,252,60)
(-150,206,82)
(-174,166,78)
(-192,154,48)
(-209,165,5)
(-212,168,-30)
(-208,198,-46)
(-197,219,-23)
(-163,227,27)
(-153,207,71)
(-149,167,99)
(-153,155,111)
(-176,140,70)
(-193,139,29)
(-225,157,-9)
(-215,177,-37)
(-198,218,-48)
(-173,249,-5)
(-149,243,47)
(-138,218,88)
(-140,172,108)
(-155,151,93)
(-182,136,60)
(-206,146,34)
(-209,163,3)
(-206,180,-8)
(-195,201,21)
(-157,219,61)
(-140,196,98)
(-137,169,119)
(-134,112,110)
(-148,84,96)
(-150,66,90)
(-148,72,82)
(-170,88,72)
(-176,120,72)
(-156,144,88)
(-125,137,123)
(-110,116,132)
(-100,78,122)
(-110,42,104)
(-121,35,91)
(-144,42,74)
(-153,49,61)
(-181,73,45)
(-178,104,68)
(-163,125,87)
(-138,120,110)
(-121,99,115)
(-115,65,105)
(-104,36,98)
(-116,18,86)
(-120,12,66)
(-128,14,66)
(-128,16,66)
(-129,21,67)
(-123,31,89)
(-112,36,102)
(-93,51,115)
(-98,34,112)
(-88,14,104)
(-106,0,74)
(-116,-10,54)
(-119,-17,53)
(-110,-8,56)
(-103,-13,61)
(-94,-4,80)
(-82,4,92)
(-86,8,102)
(-77,-5,103)
(-68,-20,92)
(-57,-43,79)
(-67,-31,61)
(-93,-19,61)
(-123,3,65)
(-152,36,58)
(-157,55,75)
(-164,74,80)
(-135,75,89)
(-132,54,88)
(-129,33,75)
(-143,19,59)
(-161,25,35)
(-170,32,32)
(-198,54,-6)
(-197,93,13)
(-173,103,69)
(-146,88,94)
(-123,49,103)
(-104,34,96)
(-105,7,85)
(-117,3,55)
(-144,14,44)
(-163,41,45)
(-166,70,58)
(-168,94,74)
(-148,118,100)
(-133,93,109)
(-125,49,93)
(-127,33,73)
(-149,27,47)
(-176,34,12)
(-195,53,-21)
(-210,78,-50)
(-223,101,-59)
(-218,128,-48)
(-218,148,-50)
(-222,152,-102)
(-202,152,-148)
(-190,150,-184)
(-187,139,-197)
(-188,130,-200)
(-197,151,-175)
(-202,172,-142)
(-210,198,-110)
(-215,199,-101)
(-201,195,-123)
(-194,176,-162)
(-185,171,-191)
(-176,156,-194)
(-192,188,-158)
(-196,196,-104)
(-196,216,-60)
(-198,194,-12)
(-206,156,20)
(-209,131,3)
(-220,114,-44)
(-218,134,-74)
(-216,128,-98)
(-209,141,-81)
(-207,173,-25)
(-191,187,17)
(-168,164,66)
(-169,153,75)
(-166,106,80)
(-168,82,68)
(-186,76,40)
(-199,101,5)
(-205,127,-3)
(-200,150,18)
(-175,141,65)
(-157,125,83)
(-157,93,81)
(-157,73,71)
(-169,73,49)
(-191,69,23)
(-188,88,16)
(-196,112,24)
(-181,119,63)
(-167,107,83)
(-150,88,86)
(-140,62,92)
(-134,38,76)
(-148,40,56)
(-177,57,33)
(-196,66,14)
(-205,97,13)
(-204,126,14)
(-184,146,46)
(-166,154,90)
(-136,132,116)
(-120,90,112)
(-108,64,118)
(-89,13,109)
(-89,7,95)
(-122,14,72)
(-154,40,66)
(-195,83,13)
(-208,126,-10)
(-193,173,29)
(-153,185,89)
(-124,146,122)
(-103,87,127)
(-93,23,111)
(-92,4,92)
(-122,18,74)
(-161,45,59)
(-193,103,37)
(-187,151,63)
(-140,158,98)
(-119,115,119)
(-102,70,122)
(-82,12,104)
(-89,23,103)
(-139,55,81)
(-176,108,64)
(-165,155,85)
(-130,136,112)
(-114,104,128)
(-91,65,133)
(-76,-20,88)
(-98,-36,74)
(-96,-30,76)
(-106,-24,70)
(-96,-42,60)
(-99,-45,63)
(-97,-51,47)
(-88,-62,46)
(-89,-65,35)
(-84,-74,22)
(-77,-79,9)
(-69,-103,-27)
(-70,-104,-64)
(-78,-100,-90)
(-75,-97,-113)
(-80,-102,-116)
(-77,-99,-119)
(-103,-91,-75)
(-126,-60,-12)
(-122,-56,20)
(-83,-83,23)
(-46,-108,-28)
(-42,-118,-60)
(-64,-114,-98)
(-66,-98,-124)
(-83,-91,-123)
(-106,-86,-108)
(-115,-85,-67)
(-147,-53,-7)
(-131,-43,39)
(-93,-59,61)
(-51,-79,47)
(-32,-106,-6)
(-5,-107,-53)
(-4,-106,-110)
(7,-99,-149)
(-6,-78,-174)
(-18,-86,-174)
(-11,-87,-169)
(-7,-85,-165)
(-1,-91,-157)
(-15,-89,-161)
(-12,-96,-162)
(-42,-96,-148)
(-52,-98,-134)
(-55,-105,-123)
(-66,-102,-100)
(-71,-99,-83)
(-62,-108,-50)
(-74,-98,-48)
(-69,-97,-23)
(-52,-106,16)
(-50,-82,36)
(-40,-76,58)
(-26,-72,74)
(-15,-57,93)
(-7,-33,113)
(6,-24,124)
(22,-6,142)
(31,5,143)
(30,14,146)
(42,12,152)
(35,13,147)
(25,11,143)
(15,9,147)
(2,-8,140)
(-7,-11,137)
(-19,-17,129)
(-33,-17,125)
(-41,-21,119)
(-59,-29,105)
(-85,-29,89)
(-85,-35,81)
(-100,-42,56)
(-126,-50,34)
(-129,-51,17)
(-116,-68,2)
(-112,-72,-2)
(-102,-72,22)
(-85,-81,29)
(-74,-82,22)
(-72,-96,6)
(-84,-94,0)
(-88,-88,-8)
(-114,-74,-24)
(-130,-76,-28)
(-151,-59,-33)
(-167,-41,-35)
(-186,-32,-16)
(-194,-4,6)
(-201,15,11)
(-191,29,33)
(-168,40,56)
(-156,38,74)
(-133,27,93)
(-108,12,110)
(-82,0,112)
(-48,-2,126)
(-36,-10,128)
(-11,1,137)
(0,10,138)
(14,2,146)
(16,10,152)
(15,11,145)
(11,9,149)
(-9,5,141)
(-25,1,147)
(-41,3,143)
(-60,8,138)
(-67,-1,121)
(-69,-11,109)
(-88,-14,106)
(-107,-9,101)
(-105,-11,89)
(-118,-18,84)
(-120,-24,68)
(-117,-25,57)
(-123,-47,51)
(-117,-55,29)
(-103,-79,9)
(-92,-90,-8)
(-65,-99,-25)
(-47,-105,-37)
(-29,-113,-55)
(-18,-126,-82)
(-6,-116,-124)
(-15,-99,-165)
(-25,-91,-187)
(-44,-74,-212)
(-57,-65,-213)
(-60,-72,-200)
(-72,-82,-172)
(-78,-88,-158)
(-88,-92,-148)
(-85,-95,-129)
(-92,-100,-106)
(-102,-98,-74)
(-102,-92,-24)
(-86,-80,16)
(-74,-52,64)
(-72,-40,94)
(-71,-17,119)
(-48,14,142)
(-30,46,156)
(-2,62,170)
(9,93,173)
(33,109,169)
(53,153,161)
(48,192,138)
(63,207,131)
(74,216,118)
(68,224,114)
(69,231,107)
(71,235,113)
(82,230,108)
(81,233,111)
(79,247,101)
(99,239,97)
(108,242,90)
(98,250,78)
(110,218,104)
(106,214,108)
(93,221,123)
(69,247,97)
(73,253,89)
(85,253,93)
(107,225,113)
(115,191,115)
(123,147,131)
(111,125,147)
(78,118,160)
(73,161,157)
(65,203,137)
(81,229,121)
(82,232,108)
(88,244,106)
(98,226,106)
(111,217,123)
(123,207,111)
(125,209,97)
(140,230,70)
(143,243,57)
(146,262,38)
(144,272,12)
(134,282,10)
(123,285,3)
(130,288,2)
(127,275,5)
(139,283,5)
(132,284,6)
(142,278,-40)
(150,280,-58)
(144,280,-56)
(144,286,-54)
(139,287,-23)
(137,283,3)
(133,265,29)
(142,238,54)
(161,201,79)
(164,182,86)
(173,155,91)
(175,141,93)
(183,119,75)
(185,111,85)
(180,106,92)
(177,121,97)
(145,165,113)
(129,215,99)
(139,291,-23)
(142,294,-68)
(152,276,-116)
(144,264,-146)
(160,246,-166)
(152,236,-176)
(152,238,-172)
(158,242,-166)
(156,258,-150)
(163,253,-145)
(144,282,-126)
(135,289,-57)
(116,294,-4)
(127,287,-5)
(129,285,-13)
(128,280,-18)
(132,286,-16)
(136,296,-30)
(146,278,-34)
(146,262,-14)
(144,252,26)
(160,226,68)
(152,208,68)
(153,177,95)
(162,180,90)
(175,165,87)
(168,178,80)
(174,168,74)
(175,195,75)
(167,207,53)
(141,243,39)
(137,261,45)
(125,273,35)
(127,287,3)
(126,284,-12)
(129,291,-27)
(124,296,-50)
(116,292,-48)
(128,288,-46)
(137,285,-23)
(146,270,-2)
(159,241,11)
(168,218,40)
(179,185,53)
(174,164,86)
(165,139,97)
(159,125,103)
(152,120,114)
(131,103,125)
(117,139,133)
(115,167,125)
(134,168,106)
(150,176,102)
(165,175,91)
(171,151,89)
(181,113,81)
(168,88,96)
(158,80,106)
(122,96,128)
(103,131,143)
(110,164,134)
(120,198,114)
(124,190,96)
(111,247,69)
(92,306,-18)
(111,309,-35)
(125,293,-31)
(125,273,9)
(138,250,40)
(138,262,28)
(144,262,10)
(146,268,-16)
(142,276,-30)
(136,274,-48)
(143,275,-47)
(138,278,-72)
(135,285,-77)
(131,277,-87)
(135,291,-85)
(120,288,-96)
(111,291,-103)
(116,300,-96)
(112,304,-96)
(101,299,-99)
(114,304,-84)
(114,296,-64)
(127,295,-47)
(126,286,-70)
(143,283,-81)
(151,265,-109)
(131,273,-131)
(131,263,-149)
(111,275,-155)
(110,286,-152)
(98,288,-140)
(102,306,-124)
(106,294,-138)
(120,288,-146)
(118,286,-142)
(120,276,-146)
(133,261,-151)
(149,247,-167)
(151,239,-167)
(160,224,-176)
(162,224,-172)
(169,221,-167)
(159,223,-171)
(153,237,-173)
(146,244,-162)
(145,265,-145)
(132,272,-116)
(126,298,-66)
(128,294,-62)
(135,293,-33)
(128,292,-28)
(137,285,-27)
(142,280,-20)
(147,259,-11)
(166,238,12)
(170,228,16)
(174,232,10)
(169,245,9)
(162,256,-16)
(170,266,-36)
(173,255,-73)
(177,243,-115)
(181,237,-129)
(175,235,-155)
(160,222,-182)
(166,224,-182)
(164,236,-156)
(158,254,-138)
(146,270,-118)
(151,251,-143)
(153,251,-155)
(144,254,-154)
(136,262,-156)
(127,265,-167)
(144,240,-202)
(134,244,-194)
(141,251,-197)
(139,249,-191)
(134,248,-194)
(119,253,-207)
(107,261,-211)
(92,272,-208)
(87,271,-217)
(94,272,-200)
(97,281,-211)
(66,290,-198)
(39,305,-193)
(2,328,-182)
(-25,329,-167)
(-54,340,-130)
(-64,340,-92)
(-93,321,-61)
(-108,328,-16)
(-113,309,3)
(-109,301,21)
(-102,296,38)
(-101,291,59)
(-91,281,77)
(-87,277,83)
(-68,270,96)
(-47,259,121)
(-21,235,129)
(-5,209,145)
(5,173,163)
(23,149,173)
(29,139,165)
(33,111,173)
(35,91,171)
(44,76,168)
(40,72,164)
(40,82,164)
(28,100,166)
(-12,130,160)
(-49,159,157)
(-77,181,149)
(-105,205,121)
(-127,233,89)
(-145,233,61)
(-152,248,34)
(-169,235,23)
(-176,242,-12)
(-174,242,-32)
(-162,258,-10)
(-145,271,5)
(-119,275,47)
(-99,275,69)
(-83,257,93)
(-68,236,116)
(-64,206,134)
(-68,180,154)
(-102,162,132)
(-134,182,108)
(-163,209,59)
(-161,239,23)
(-141,241,59)
(-133,231,73)
(-168,200,64)
(-205,173,5)
(-216,160,-62)
(-203,183,-119)
(-196,204,-120)
(-187,233,-91)
(-183,251,-51)
(-180,244,-46)
(-192,214,-62)
(-187,187,-99)
(-201,173,-141)
(-189,191,-145)
(-190,214,-138)
(-171,259,-99)
(-166,264,-62)
(-187,231,-51)
(-198,194,-92)
(-201,179,-149)
(-184,186,-158)
(-193,213,-145)
(-175,249,-99)
(-177,265,-71)
(-182,252,-44)
(-193,215,-69)
(-203,175,-121)
(-198,188,-134)
(-198,208,-100)
(-206,192,-86)
(-218,144,-94)
(-197,103,-161)
(-163,67,-193)
(-152,58,-204)
(-173,71,-181)
(-193,87,-153)
(-205,103,-145)
(-189,87,-165)
(-164,44,-192)
(-119,27,-217)
(-106,12,-220)
(-123,9,-211)
(-155,35,-187)
(-183,61,-161)
(-191,57,-141)
(-192,30,-124)
(-189,13,-89)
(-176,12,-70)
(-167,-9,-39)
(-149,-15,-17)
(-127,-19,11)
(-108,-24,50)
(-82,-24,64)
(-61,-39,81)
(-38,-36,90)
(-14,-52,74)
(-9,-45,73)
(-4,-44,72)
(2,-58,60)
(2,-50,60)
(2,-54,56)
(10,-64,46)
(3,-65,53)
(15,-45,67)
(-7,-33,91)
(-35,-15,99)
(-59,7,105)
(-102,34,106)
(-140,46,78)
(-157,55,61)
(-167,65,47)
(-184,68,36)
(-181,65,27)
(-196,68,10)
(-200,78,2)
(-198,90,4)
(-206,90,-14)
(-196,86,-16)
(-209,95,-23)
(-216,108,-26)
(-210,108,-32)
(-209,115,-51)
(-222,124,-50)
(-218,126,-62)
(-216,120,-70)
(-211,113,-103)
(-203,95,-125)
(-176,68,-166)
(-143,41,-207)
(-101,35,-243)
(-47,45,-271)
(-7,67,-285)
(49,87,-283)
(105,131,-269)
(125,175,-239)
(146,230,-204)
(132,274,-150)
(117,305,-85)
(104,316,-42)
(107,319,-9)
(112,302,6)
(115,297,19)
(109,277,51)
(122,268,66)
(113,253,85)
(118,242,90)
(102,234,98)
(104,222,112)
(101,221,113)
(97,243,99)
(112,262,68)
(123,275,49)
(141,271,19)
(155,265,-17)
(172,254,-56)
(179,235,-79)
(200,212,-96)
(197,203,-99)
(207,207,-95)
(197,211,-71)
(191,219,-63)
(188,222,-62)
(189,239,-49)
(183,237,-61)
(171,255,-41)
(164,260,-24)
(154,268,-2)
(141,279,9)
(146,270,22)
(151,271,29)
(147,267,31)
(137,267,35)
(122,282,40)
(112,304,30)
(97,321,-23)
(88,330,-72)
(82,326,-110)
(68,338,-104)
(65,333,-71)
(62,332,-24)
(69,329,19)
(43,335,1)
(32,342,-46)
(43,335,-103)
(44,336,-136)
(47,329,-139)
(39,341,-89)
(52,334,-40)
(44,334,-10)
(33,337,-1)
(6,338,-52)
(33,337,-95)
(35,331,-143)
(35,333,-129)
(42,336,-84)
(38,334,-18)
(36,324,16)
(19,319,33)
(-1,343,-3)
(14,338,-42)
(33,339,-125)
(30,310,-188)
(-8,308,-196)
(-14,338,-156)
(-17,337,-109)
(-15,339,-73)
(-31,339,-111)
(-20,330,-162)
(0,292,-218)
(9,243,-251)
(-9,221,-273)
(-40,242,-260)
(-67,269,-227)
(-47,283,-221)
(-18,268,-246)
(11,205,-275)
(7,155,-293)
(-9,145,-295)
(-57,167,-283)
(-84,222,-268)
(-85,267,-227)
(-70,286,-216)
(-18,284,-226)
(25,257,-253)
(36,240,-260)
(31,295,-205)
(28,338,-124)
(20,340,-60)
(13,339,-15)
(-8,344,-38)
(-3,341,-65)
(33,341,-101)
(47,341,-111)
(51,345,-61)
(47,329,-39)
(33,319,23)
(24,316,46)
(23,301,53)
(30,320,32)
(46,338,-16)
(69,331,-23)
(73,323,3)
(66,296,56)
(58,282,86)
(34,278,98)
(5,297,73)
(8,320,32)
(45,331,-7)
(67,323,1)
(71,307,39)
(65,281,79)
(56,270,104)
(30,260,112)
(3,259,113)
(-38,290,88)
(-52,314,52)
(-22,326,40)
(5,313,47)
(41,305,65)
(41,287,83)
(16,272,104)
(-12,270,102)
(-42,300,76)
(-25,329,23)
(7,335,3)
(22,326,20)
(34,310,70)
(32,270,106)
(25,243,129)
(17,215,129)
(-17,217,137)
(-49,241,121)
(-65,263,107)
(-52,282,100)
(-28,288,98)
(-12,274,104)
(-1,261,113)
(-6,236,132)
(-30,236,124)
(-56,268,108)
(-61,305,71)
(-27,321,51)
(1,305,71)
(24,280,92)
(39,251,123)
(30,220,138)
(14,198,144)
(-28,208,142)
(-49,239,125)
(-41,265,111)
(-17,301,75)
(4,298,84)
(19,275,107)
(25,245,131)
(23,213,149)
(-10,202,144)
(-43,241,127)
(-52,296,90)
(-34,310,58)
(-15,317,41)
(-1,323,39)
(3,325,37)
(0,270,102)
(-12,250,120)
(-18,228,138)
(-27,209,135)
(-41,197,159)
(-48,196,144)
(-57,231,129)
(-40,270,108)
(-22,256,112)
(-20,232,140)
(-27,189,161)
(-40,158,158)
(-62,132,166)
(-92,128,154)
(-115,173,137)
(-122,204,126)
(-92,194,136)
(-68,168,154)
(-49,139,159)
(-53,95,165)
(-66,74,154)
(-107,83,133)
(-129,111,117)
(-145,153,117)
(-131,189,113)
(-123,199,123)
(-75,159,163)
(-52,102,156)
(-46,68,156)
(-37,33,147)
(-23,11,137)
(-14,-16,110)
(-7,-29,95)
(12,-38,88)
(8,-52,88)
(10,-48,72)
(28,-56,64)
(63,-53,53)
(100,-52,38)
(99,-49,31)
(117,-47,3)
(125,-43,-5)
(130,-38,-16)
(120,-52,-48)
(115,-41,-73)
(100,-44,-96)
(99,-31,-117)
(81,-19,-137)
(75,-17,-155)
(66,-20,-156)
(68,-18,-170)
(76,-4,-166)
(69,-11,-165)
(70,-14,-180)
(65,-19,-169)
(64,-22,-176)
(44,-16,-188)
(42,-26,-184)
(26,-30,-190)
(29,-33,-193)
(10,-30,-196)
(-9,-35,-193)
(-30,-30,-202)
(-40,-38,-204)
(-34,-26,-198)
(-46,-26,-204)
(-41,-23,-211)
(-47,-25,-203)
(-36,-30,-202)
(-41,-27,-207)
(-25,-39,-193)
(-26,-40,-182)
(-3,-65,-161)
(56,-74,-112)
(71,-77,-69)
(73,-81,-25)
(57,-79,1)
(48,-70,24)
(29,-71,33)
(20,-56,54)
(15,-61,39)
(-8,-58,52)
(-59,-23,79)
(-116,32,78)
(-154,70,72)
(-174,102,58)
(-196,128,36)
(-194,150,32)
(-178,184,40)
(-154,230,62)
(-99,241,91)
(-63,243,119)
(-64,278,96)
(-93,287,49)
(-107,307,13)
(-124,302,-10)
(-125,305,1)
(-100,304,16)
(-97,309,27)
(-118,324,-16)
(-146,302,-98)
(-164,270,-152)
(-165,243,-177)
(-171,189,-213)
(-157,147,-237)
(-122,90,-270)
(-77,43,-273)
(-27,27,-287)
(48,38,-276)
(114,54,-256)
(154,80,-230)
(183,113,-189)
(197,113,-185)
(205,129,-153)
(203,127,-153)
(205,127,-143)
(204,122,-146)
(214,128,-146)
(204,124,-162)
(187,135,-189)
(161,157,-227)
(136,198,-232)
(90,218,-252)
(35,251,-263)
(8,284,-234)
(-37,309,-195)
(-68,326,-138)
(-90,328,-88)
(-88,322,-22)
(-81,307,31)
(-68,282,86)
(-43,243,121)
(-23,205,147)
(2,164,160)
(25,123,171)
(44,84,166)
(58,40,158)
(63,17,139)
(69,-5,107)
(70,-24,90)
(79,-51,77)
(74,-54,62)
(83,-51,63)
(78,-62,60)
(79,-53,53)
(95,-51,49)
(98,-42,50)
(112,-54,38)
(110,-56,18)
(121,-57,-11)
(113,-67,-33)
(115,-77,-49)
(105,-71,-71)
(101,-59,-107)
(86,-46,-126)
(77,-47,-135)
(84,-52,-148)
(76,-48,-152)
(64,-34,-162)
(65,-33,-173)
(59,-31,-179)
(53,-27,-177)
(53,-21,-173)
(56,-22,-180)
(53,-19,-189)
(58,-24,-184)
(66,-20,-188)
(67,-15,-185)
(73,-15,-187)
(71,-11,-195)
(67,-15,-199)
(47,-15,-197)
(53,-7,-195)
(66,-14,-188)
(101,-13,-161)
(129,-9,-123)
(128,-26,-114)
(80,-50,-122)
(43,-55,-149)
(40,-40,-178)
(52,-38,-174)
(82,-42,-156)
(132,-24,-126)
(138,-32,-96)
(146,-36,-86)
(110,-60,-78)
(78,-68,-110)
(68,-64,-138)
(73,-59,-139)
(74,-52,-158)
(71,-29,-171)
(95,-29,-179)
(106,-4,-182)
(119,11,-183)
(107,15,-189)
(113,9,-181)
(109,3,-185)
(84,-20,-188)
(75,-27,-165)
(78,-28,-162)
(76,-44,-142)
(84,-48,-142)
(84,-56,-128)
(65,-49,-143)
(52,-60,-156)
(40,-58,-170)
(58,-64,-156)
(82,-66,-166)
(124,-42,-136)
(161,-47,-85)
(128,-62,-60)
(87,-99,-43)
(-17,-103,-49)
(-76,-80,-68)
(-74,-82,-100)
(-28,-84,-140)
(6,-66,-176)
(49,-61,-189)
(100,-50,-170)
(120,-42,-152)
(137,-49,-115)
(136,-68,-72)
(86,-84,-44)
(61,-91,-43)
(-38,-94,-84)
(-26,-84,-120)
(-5,-67,-171)
(31,-49,-187)
(71,-25,-193)
(129,-19,-151)
(152,-24,-86)
(128,-52,-32)
(79,-79,-7)
(15,-95,-3)
(-14,-98,-34)
(-20,-94,-72)
(-20,-84,-112)
(31,-79,-147)
(66,-50,-170)
(97,-15,-177)
(141,1,-155)
(166,14,-112)
(181,21,-63)
(198,42,-18)
(203,47,-41)
(204,34,-82)
(183,19,-135)
(153,27,-171)
(143,45,-193)
(128,52,-206)
(115,69,-231)
(101,75,-247)
(89,71,-241)
(86,86,-258)
(81,93,-253)
(79,89,-261)
(74,94,-258)
(89,109,-255)
(82,106,-252)
(83,107,-251)
(80,110,-254)
(87,99,-249)
(104,88,-242)
(108,66,-230)
(102,74,-236)
(96,76,-240)
(98,60,-240)
(91,31,-227)
(95,5,-203)
(105,-29,-177)
(107,-37,-157)
(103,-41,-143)
(86,-54,-154)
(75,-31,-185)
(56,-24,-204)
(61,-11,-211)
(57,-5,-227)
(42,-2,-230)
(33,3,-243)
(27,-5,-241)
(25,5,-243)
(16,14,-252)
(9,13,-253)
(16,20,-258)
(11,15,-267)
(1,7,-255)
(-7,15,-263)
(-8,8,-260)
(-12,4,-260)
(-17,1,-259)
(-12,4,-254)
(8,-10,-234)
(21,-21,-223)
(27,-47,-213)
(40,-48,-202)
(48,-46,-204)
(41,-27,-229)
(18,-10,-246)
(17,-1,-247)
(12,12,-266)
(2,6,-260)
(3,9,-255)
(1,13,-265)
(9,7,-263)
(-9,9,-261)
(-14,0,-262)
(-9,1,-261)
(-19,5,-257)
(-13,7,-261)
(-17,1,-265)
(-9,-3,-267)
(-7,-5,-261)
(4,0,-258)
(-10,-2,-258)
(-5,3,-255)
(1,-13,-253)
(2,-30,-232)
(18,-48,-228)
(27,-47,-209)
(43,-51,-193)
(46,-48,-198)
(51,-49,-193)
(37,-47,-211)
(45,-41,-205)
(75,-65,-155)
(82,-92,-78)
(83,-83,-47)
(58,-76,-124)
(55,-57,-163)
(78,-60,-176)
(120,-50,-128)
(136,-58,-56)
(103,-73,15)
(81,-73,-23)
(52,-88,-98)
(41,-83,-141)
(35,-45,-205)
(67,-31,-203)
(111,-37,-127)
(120,-54,-26)
(82,-56,50)
(92,-22,80)
(93,-3,91)
(111,-15,67)
(93,-65,11)
(101,-77,-37)
(88,-76,-72)
(70,-72,-146)
(75,-45,-185)
(85,-13,-205)
(89,-1,-209)
(94,18,-216)
(95,11,-219)
(81,-25,-201)
(63,-59,-153)
(51,-89,-95)
(61,-85,-43)
(77,-75,-83)
(77,-69,-147)
(78,-40,-158)
(96,-42,-154)
(111,-49,-117)
(92,-74,-58)
(68,-82,-20)
(67,-87,-25)
(75,-77,-57)
(63,-77,-99)
(82,-68,-132)
(109,-45,-127)
(111,-59,-83)
(99,-61,-27)
(75,-69,-1)
(51,-87,-19)
(44,-90,-86)
(35,-73,-143)
(39,-45,-191)
(51,-25,-195)
(64,-14,-206)
(43,-21,-207)
(32,-30,-206)
(-4,-46,-194)
(-2,-72,-184)
(16,-76,-166)
(50,-82,-140)
(35,-85,-137)
(-3,-71,-159)
(-1,-71,-169)
(35,-85,-131)
(15,-75,-145)
(14,-94,-138)
(16,-92,-126)
(42,-86,-88)
(54,-96,-68)
(54,-92,-52)
(63,-85,-35)
(82,-76,-50)
(97,-73,-77)
(133,-49,-85)
(144,-34,-64)
(154,-32,-58)
(155,-27,-51)
(155,-17,-67)
(150,-16,-94)
(136,-8,-144)
(106,6,-186)
(97,11,-199)
(80,24,-210)
(76,32,-224)
(80,40,-232)
(76,50,-244)
(78,48,-248)
(71,53,-243)
(73,47,-247)
(62,42,-252)
(64,42,-254)
(57,25,-253)
(37,-9,-231)
(12,-24,-216)
(7,-59,-175)
(5,-67,-167)
(-44,-82,-124)
(-78,-78,-94)
(-80,-76,-84)
(-120,-50,-46)
(-157,-23,-37)
(-179,11,-41)
(-208,52,-66)
(-215,99,-111)
(-199,139,-165)
(-178,166,-208)
(-140,186,-240)
(-93,167,-277)
(-50,144,-296)
(-2,128,-300)
(56,92,-300)
(73,57,-287)
(94,38,-256)
(115,19,-233)
(143,1,-205)
(171,-5,-171)
(180,2,-144)
(186,-6,-114)
(184,0,-116)
(160,-16,-148)
(133,-9,-193)
(95,3,-247)
(57,21,-279)
(-1,35,-289)
(-31,57,-295)
(-78,82,-280)
(-100,88,-282)
(-124,86,-270)
(-125,109,-261)
(-110,100,-272)
(-107,89,-267)
(-114,90,-272)
(-110,84,-270)
(-100,78,-276)
(-110,78,-272)
(-109,77,-275)
(-116,80,-276)
(-114,80,-272)
(-106,66,-280)
(-104,62,-278)
(-93,55,-285)
(-92,70,-276)
(-94,82,-278)
(-110,80,-278)
(-127,73,-259)
(-147,85,-243)
(-119,61,-255)
(-94,32,-260)
(-81,5,-255)
(-105,7,-235)
(-147,25,-207)
(-168,44,-188)
(-145,57,-223)
(-144,50,-230)
(-109,19,-247)
(-98,0,-238)
(-119,-7,-209)
(-140,6,-210)
(-157,39,-197)
(-160,44,-210)
(-128,24,-234)
(-93,-1,-229)
(-76,-22,-222)
(-105,-35,-209)
(-130,-28,-164)
(-146,-28,-146)
(-155,-19,-119)
(-139,-41,-135)
(-104,-60,-154)
(-70,-70,-154)
(-80,-72,-140)
(-122,-62,-130)
(-140,-38,-102)
(-146,-38,-102)
(-115,-63,-131)
(-73,-61,-151)
(-68,-82,-130)
(-78,-92,-100)
(-109,-71,-69)
(-109,-71,-63)
(-80,-84,-94)
(-50,-78,-136)
(-38,-84,-126)
(-38,-96,-102)
(-61,-99,-59)
(-105,-65,-43)
(-106,-60,-16)
(-88,-76,-16)
(-57,-105,-71)
(-28,-100,-88)
(-23,-103,-73)
(-45,-95,-43)
(-93,-73,-17)
(-101,-65,11)
(-88,-64,-8)
(-56,-96,-60)
(-39,-99,-81)
(-28,-104,-76)
(-36,-100,-44)
(-67,-79,-17)
(-85,-59,27)
(-80,-44,40)
(-62,-50,32)
(-38,-86,-12)
(-20,-100,-46)
(-16,-98,-70)
(-32,-102,-96)
(-32,-84,-120)
(-36,-90,-132)
(-44,-74,-128)
(-41,-73,-143)
(-53,-93,-123)
(-51,-85,-129)
(-41,-89,-115)
(-48,-90,-106)
(-35,-95,-41)
(-56,-86,-30)
(-66,-86,-22)
(-83,-77,-41)
(-77,-75,-43)
(-86,-76,-44)
(-88,-76,-50)
(-73,-79,-33)
(-89,-75,-49)
(-90,-70,-40)
(-81,-77,-31)
(-93,-65,-31)
(-101,-63,-27)
(-113,-57,-23)
(-118,-50,-6)
(-126,-28,22)
(-132,2,52)
(-135,17,59)
(-131,29,77)
(-124,38,74)
(-109,43,99)
(-101,41,105)
(-103,31,99)
(-106,36,106)
(-112,58,112)
(-110,76,108)
(-122,80,104)
(-123,87,121)
(-119,99,109)
(-132,94,112)
(-145,93,93)
(-154,54,60)
(-162,12,24)
(-159,-11,-7)
(-140,-38,-40)
(-124,-62,-78)
(-93,-73,-123)
(-63,-65,-161)
(-28,-66,-178)
(9,-55,-209)
(31,-59,-219)
(60,-44,-212)
(73,-35,-219)
(85,-23,-217)
(98,-22,-220)
(92,-8,-228)
(95,-1,-241)
(90,16,-254)
(83,39,-263)
(88,68,-276)
(77,73,-277)
(77,75,-281)
(72,68,-278)
(72,58,-280)
(94,52,-272)
(99,45,-267)
(105,33,-247)
(98,32,-256)
(97,41,-249)
(92,40,-258)
(111,45,-253)
(119,53,-255)
(125,43,-253)
(126,52,-238)
(119,51,-251)
(119,47,-241)
(126,40,-230)
(125,37,-243)
(119,45,-241)
(107,33,-247)
(75,41,-263)
(62,40,-272)
(41,45,-285)
(19,35,-275)
(-13,19,-279)
(-12,12,-270)
(12,18,-280)
(50,42,-282)
(54,68,-288)
(56,72,-290)
(70,84,-286)
(82,96,-280)
(96,122,-268)
(109,123,-259)
(103,113,-263)
(116,112,-264)
(115,97,-257)
(112,84,-260)
(94,72,-266)
(62,54,-278)
(48,44,-284)
(11,53,-291)
(-11,63,-297)
(-35,101,-303)
(-45,129,-301)
(-42,148,-296)
(-55,135,-295)
(-26,124,-308)
(7,95,-301)
(38,88,-292)
(47,71,-291)
(46,54,-286)
(77,39,-269)
(86,42,-264)
(104,28,-250)
(102,18,-244)
(108,2,-244)
(91,5,-245)
(79,33,-261)
(72,56,-278)
(85,41,-279)
(47,5,-259)
(-10,-18,-246)
(-70,-24,-228)
(-110,-8,-214)
(-132,-2,-210)
(-136,2,-200)
(-138,20,-196)
(-150,20,-182)
(-158,26,-182)
(-181,45,-163)
(-194,42,-152)
(-192,64,-146)
(-204,74,-128)
(-217,95,-121)
(-206,98,-124)
(-197,61,-125)
(-201,49,-135)
(-198,44,-104)
(-212,72,-50)
(-198,102,6)
(-172,100,54)
(-144,80,88)
(-108,40,108)
(-74,8,102)
(-43,-23,107)
(-6,-64,62)
(17,-91,9)
(28,-104,-26)
(4,-102,-56)
(1,-107,-71)
(-3,-99,-85)
(12,-94,-108)
(47,-85,-99)
(100,-68,-56)
(130,-50,-4)
(132,-44,6)
(159,-19,1)
(162,-28,-30)
(143,-45,-103)
(120,-32,-158)
(96,6,-218)
(89,39,-235)
(87,57,-239)
(86,72,-234)
(87,77,-247)
(84,80,-252)
(87,79,-247)
(77,79,-247)
(77,79,-243)
(83,47,-243)
(39,-11,-233)
(25,-25,-219)
(18,-48,-206)
(4,-50,-192)
(-3,-61,-177)
(-23,-67,-165)
(-67,-75,-119)
(-82,-70,-112)
(-105,-61,-55)
(-143,-31,-33)
(-175,3,-33)
(-196,36,-32)
(-213,73,-21)
(-221,115,-41)
(-217,105,-99)
(-190,88,-178)
(-100,46,-260)
(-27,29,-291)
(50,58,-292)
(84,96,-284)
(81,175,-281)
(56,222,-268)
(24,272,-228)
(-8,320,-180)
(-26,340,-124)
(-40,358,-78)
(-56,336,-28)
(-83,327,5)
(-133,291,35)
(-167,215,51)
(-187,139,59)
(-156,46,68)
(-99,-17,71)
(-37,-37,87)
(5,-43,99)
(28,-18,124)
(20,22,142)
(-16,24,148)
(-118,64,110)
(-156,46,60)
(-171,33,27)
(-174,-10,-94)
(-155,-23,-147)
(-137,-13,-185)
(-85,29,-267)
(-61,71,-287)
(-47,145,-301)
(-71,207,-283)
(-96,270,-222)
(-118,298,-158)
(-153,295,-107)
(-163,287,-89)
(-198,226,-38)
(-216,134,0)
(-183,39,19)
(-161,13,25)
(-3,-69,47)
(82,-52,64)
(91,-3,93)
(68,68,150)
(44,86,160)
(-66,162,148)
(-120,190,112)
(-151,227,67)
(-163,265,27)
(-160,290,2)
(-152,286,-16)
(-154,286,-14)
(-128,294,16)
(-101,269,75)
(-90,258,90)
(-63,175,161)
(-28,112,166)
(-5,93,173)
(53,-7,119)
(73,-27,93)
(85,-83,-19)
(35,-93,-75)
(-12,-94,-116)
(-52,-88,-124)
(-69,-77,-127)
(-57,-73,-125)
(-28,-86,-116)
(43,-103,-65)
(98,-72,-12)
(110,-48,26)
(56,54,144)
(6,120,164)
(-55,173,151)
(-76,222,126)
(-112,216,102)
(-151,209,77)
(-188,180,36)
(-211,99,-31)
(-206,54,-64)
(-191,17,-85)
(-165,-25,-109)
(-150,-36,-118)
(-111,-45,-141)
(-74,-58,-172)
(-36,-58,-206)
(-18,-36,-240)
(-13,-23,-249)
(-13,45,-293)
(-14,104,-300)
(-14,162,-308)
(-21,195,-311)
(-7,195,-293)
(12,192,-304)
(18,168,-302)
(62,94,-304)
(70,12,-260)
(87,-33,-219)
(50,-76,-176)
(47,-75,-165)
(18,-106,-86)
(0,-108,-30)
(-6,-112,-30)
(-35,-103,-11)
(-46,-102,-16)
(-79,-91,-61)
(-88,-86,-120)
(-85,-55,-191)
(-50,-6,-246)
(3,19,-279)
(66,26,-278)
(81,23,-263)
(119,-3,-219)
(130,-6,-196)
(111,-55,-151)
(105,-67,-153)
(12,-88,-120)
(-54,-100,-90)
(-84,-82,-78)
(-99,-85,-87)
(-99,-77,-103)
(-85,-51,-185)
(-66,-28,-236)
(-53,-17,-251)
(24,14,-280)
(53,7,-275)
(113,-13,-225)
(104,-42,-186)
(77,-65,-187)
(67,-75,-181)
(-6,-88,-164)
(-23,-85,-163)
(-76,-84,-136)
(-92,-86,-132)
(-88,-64,-168)
(-84,-52,-184)
(-46,-20,-252)
(7,-11,-263)
(71,-1,-267)
(104,-8,-230)
(108,-30,-216)
(71,-51,-197)
(33,-77,-185)
(-22,-76,-176)
(-65,-79,-163)
(-94,-54,-184)
(-82,-38,-216)
(-50,-12,-252)
(1,1,-271)
(12,4,-276)
(84,10,-258)
(103,1,-255)
(127,-13,-211)
(131,-25,-199)
(84,-60,-190)
(19,-89,-175)
(-34,-80,-160)
(-70,-78,-154)
(-88,-82,-150)
(-98,-38,-200)
(-80,-8,-250)
(-30,20,-284)
(-19,29,-297)
(65,67,-289)
(114,70,-258)
(161,69,-221)
(184,54,-194)
(182,38,-184)
(138,-44,-172)
(68,-92,-152)
(-2,-110,-100)
(-21,-113,-91)
(-71,-95,-39)
(-90,-76,-22)
(-92,-82,-10)
(-95,-81,-23)
(-101,-87,-63)
(-100,-82,-74)
(-96,-74,-148)
(-83,-53,-177)
(-50,-18,-246)
(-3,29,-279)
(56,44,-286)
(127,47,-241)
(112,6,-232)
(103,-15,-233)
(26,-66,-206)
(3,-71,-199)
(-69,-81,-139)
(-94,-82,-106)
(-108,-78,-84)
(-104,-80,-82)
(-117,-77,-95)
(-105,-53,-169)
(-92,-40,-188)
(-61,-3,-257)
(-25,9,-273)
(14,28,-292)
(69,53,-287)
(88,64,-276)
(147,51,-229)
(170,28,-190)
(166,-16,-156)
(171,-27,-135)
(156,-44,-80)
(150,-58,-78)
(129,-69,-65)
(129,-77,-65)
(106,-76,-124)
(92,-58,-194)
(70,-12,-256)
(43,35,-289)
(4,104,-316)
(-23,157,-307)
(-39,179,-303)
(-88,252,-252)
(-91,281,-225)
(-116,306,-176)
(-134,306,-160)
(-166,290,-124)
(-194,250,-110)
(-203,227,-93)
(-230,116,-80)
(-223,83,-77)
(-181,-1,-69)
(-174,-18,-58)
(-133,-41,-51)
(-148,-46,-26)
(-160,-18,-34)
(-224,72,-92)
(-225,95,-113)
(-200,172,-180)
(-191,177,-189)
(-114,206,-258)
(-92,236,-248)
(-139,249,-205)
(-160,252,-182)
(-200,212,-66)
(-197,203,-37)
(-169,121,61)
(-165,91,71)
(-74,-6,104)
(-51,-23,115)
(73,-65,43)
(106,-64,4)
(125,-73,-29)
(124,-76,-40)
(113,-75,-75)
(100,-74,-78)
(41,-101,-71)
(-7,-105,-35)
(-45,-95,-27)
(-65,-89,-25)
(-118,-62,-18)
(-137,-45,-7)
(-133,-43,-5)
(-122,-40,8)
(-77,-69,27)
(-62,-72,28)
(25,-81,49)
(66,-84,28)
(76,-84,24)
(65,-81,15)
(58,-86,24)
(51,-83,13)
(58,-92,16)
(63,-87,25)
(56,-90,20)
(29,-93,37)
(18,-82,36)
(-25,-97,17)
(-13,-99,-5)
(17,-91,-7)
