(67,-45,-121)
(65,-59,-125)
(72,-50,-124)
(68,-62,-114)
(71,-47,-119)
(74,-58,-120)
(79,-45,-119)
(66,-44,-122)
(72,-40,-112)
(65,-53,-119)
(68,-44,-106)
(68,-42,-100)
(61,-37,-91)
(55,-33,-81)
(52,-18,-60)
(50,-10,-44)
(45,13,-27)
(43,23,-9)
(45,55,3)
(55,75,31)
(67,119,41)
(77,153,43)
(95,203,45)
(104,238,34)
(112,272,10)
(100,282,10)
(82,298,-8)
(62,300,-24)
(54,296,-28)
(30,296,-38)
(21,273,-35)
(2,258,-32)
(-7,235,-29)
(-6,206,-22)
(-6,176,-18)
(-2,150,-2)
(2,124,6)
(19,91,5)
(34,62,6)
(40,36,2)
(63,11,-13)
(71,-13,-47)
(90,-42,-70)
(106,-50,-96)
(110,-62,-112)
(104,-72,-144)
(82,-64,-156)
(73,-59,-173)
(31,-39,-171)
(2,-20,-172)
(-29,3,-151)
(-29,13,-133)
(-44,36,-106)
(-52,60,-82)
(-40,78,-44)
(-40,90,-36)
(-29,137,-9)
(-6,174,0)
(19,213,13)
(43,261,11)
(65,283,-9)
(60,300,-16)
(62,312,-24)
(50,302,-20)
(50,288,-18)
(43,255,-5)
(42,232,14)
(39,191,29)
(55,153,35)
(56,98,32)
(82,58,22)
(82,12,0)
(80,-14,-24)
(73,-19,-57)
(70,-50,-86)
(42,-34,-108)
(13,-11,-95)
(-12,14,-82)
(-13,37,-45)
(-7,69,-31)
(14,100,10)
(27,133,27)
(60,166,46)
(87,221,49)
(123,255,19)
(130,310,2)
(147,335,-45)
(135,359,-73)
(124,368,-88)
(105,371,-121)
(78,372,-124)
(50,364,-150)
(28,348,-168)
(6,332,-166)
(-15,311,-155)
(-30,292,-136)
(-42,262,-116)
(-45,227,-91)
(-35,197,-63)
(-34,170,-40)
(-13,169,-29)
(-14,160,-14)
(1,175,-3)
(8,206,0)
(39,211,7)
(67,259,1)
(93,279,-3)
(119,317,-19)
(137,333,-41)
(150,348,-64)
(175,363,-103)
(190,372,-136)
(197,387,-169)
(194,382,-194)
(172,392,-214)
(153,379,-227)
(124,378,-246)
(89,365,-261)
(69,353,-255)
(50,344,-258)
(26,336,-262)
(4,314,-246)
(-12,304,-230)
(-33,291,-209)
(-47,271,-185)
(-39,265,-155)
(-47,251,-131)
(-47,243,-111)
(-50,228,-86)
(-39,227,-69)
(-21,247,-53)
(-13,253,-61)
(17,283,-49)
(38,302,-50)
(67,333,-57)
(101,349,-71)
(132,364,-98)
(151,373,-121)
(162,388,-154)
(164,378,-172)
(143,383,-199)
(125,383,-221)
(95,375,-229)
(78,362,-238)
(43,351,-241)
(21,337,-227)
(-21,307,-205)
(-38,272,-184)
(-53,245,-169)
(-56,238,-158)
(-55,229,-137)
(-54,242,-128)
(-33,273,-117)
(-9,287,-105)
(25,317,-99)
(55,345,-97)
(81,361,-101)
(106,358,-110)
(141,373,-121)
(165,377,-139)
(180,376,-164)
(187,385,-183)
(190,384,-202)
(191,385,-221)
(175,373,-231)
(137,377,-251)
(113,367,-259)
(82,354,-268)
(57,353,-255)
(30,332,-244)
(3,315,-249)
(-14,292,-238)
(-31,279,-231)
(-43,259,-209)
(-57,247,-195)
(-57,227,-167)
(-63,203,-141)
(-60,174,-116)
(-59,151,-83)
(-45,133,-63)
(-36,114,-44)
(-18,96,-34)
(1,81,-17)
(17,81,-1)
(33,85,9)
(58,76,22)
(73,81,25)
(87,81,35)
(101,83,39)
(107,95,45)
(137,111,47)
(139,109,57)
(156,120,58)
(150,132,58)
(161,143,51)
(168,152,50)
(166,160,52)
(171,165,49)
(170,172,54)
(176,184,48)
(177,187,45)
(175,185,55)
(180,192,48)
(174,204,48)
(177,207,39)
(187,211,49)
(179,211,41)
(184,212,42)
(187,215,41)
(194,206,42)
(202,212,44)
(200,200,40)
(201,199,47)
(210,186,40)
(210,166,44)
(199,167,45)
(202,152,40)
(210,154,48)
(205,147,41)
(213,137,45)
(212,126,48)
(195,113,49)
(192,102,40)
(187,107,45)
(180,88,32)
(160,78,36)
(162,66,36)
(157,63,35)
(142,56,30)
(133,45,25)
(117,43,17)
(120,46,16)
(108,42,12)
(89,37,1)
(82,34,-2)
(60,18,-12)
(52,38,-22)
(47,35,-15)
(25,37,-29)
(11,53,-31)
(-6,62,-46)
(-16,76,-54)
(-21,87,-59)
(-36,100,-78)
(-43,113,-87)
(-51,135,-89)
(-54,154,-104)
(-51,165,-113)
(-47,199,-125)
(-47,227,-129)
(-43,235,-141)
(-36,252,-134)
(-17,273,-141)
(-24,286,-144)
(-9,303,-153)
(5,317,-139)
(17,327,-151)
(30,346,-150)
(45,345,-165)
(59,357,-155)
(67,355,-151)
(76,352,-142)
(75,353,-121)
(66,344,-110)
(57,327,-91)
(39,297,-55)
(35,261,-33)
(27,231,-17)
(27,201,-11)
(26,162,2)
(37,139,-1)
(24,108,2)
(23,79,-21)
(27,55,-23)
(28,40,-30)
(27,31,-41)
(39,1,-51)
(46,-14,-76)
(52,-42,-106)
(58,-46,-116)
(72,-58,-170)
(74,-56,-204)
(84,-50,-230)
(84,-50,-258)
(89,-33,-289)
(93,-19,-319)
(98,-6,-344)
(97,17,-367)
(100,34,-392)
(110,50,-398)
(107,63,-405)
(113,83,-413)
(125,101,-419)
(136,110,-432)
(145,115,-441)
(178,124,-448)
(215,117,-441)
(232,122,-434)
(254,118,-426)
(265,121,-413)
(281,117,-403)
(281,119,-401)
(290,124,-404)
(282,130,-390)
(285,131,-405)
(276,122,-410)
(273,115,-417)
(261,119,-437)
(248,120,-428)
(235,127,-443)
(208,134,-454)
(181,129,-447)
(150,102,-436)
(129,73,-421)
(106,46,-396)
(91,29,-373)
(106,2,-360)
(104,-18,-334)
(100,-30,-308)
(105,-39,-287)
(110,-56,-268)
(120,-54,-250)
(138,-66,-228)
(147,-69,-209)
(158,-68,-186)
(176,-62,-154)
(179,-63,-153)
(181,-53,-145)
(173,-63,-155)
(169,-65,-163)
(164,-60,-168)
(145,-69,-201)
(139,-67,-215)
(121,-53,-247)
(119,-39,-291)
(123,-31,-327)
(122,0,-370)
(128,30,-396)
(137,51,-415)
(163,65,-423)
(185,91,-435)
(201,99,-435)
(215,101,-431)
(219,101,-423)
(235,101,-417)
(239,105,-413)
(247,105,-403)
(258,104,-388)
(278,104,-374)
(290,100,-372)
(301,89,-349)
(317,77,-339)
(315,79,-333)
(328,74,-314)
(334,60,-304)
(344,68,-308)
(341,57,-299)
(343,69,-295)
(339,71,-301)
(336,72,-308)
(330,70,-318)
(314,52,-332)
(315,53,-331)
(305,47,-341)
(282,32,-338)
(267,17,-357)
(255,7,-355)
(230,-8,-360)
(200,-28,-352)
(181,-27,-349)
(167,-39,-327)
(151,-45,-321)
(134,-54,-306)
(121,-49,-289)
(108,-54,-274)
(105,-71,-259)
(97,-69,-235)
(91,-65,-221)
(91,-65,-211)
(91,-75,-195)
(80,-68,-176)
(80,-70,-150)
(81,-65,-129)
(75,-53,-103)
(74,-48,-80)
(78,-38,-60)
(79,-25,-39)
(82,-8,-18)
(86,10,-6)
(95,25,9)
(90,54,28)
(96,72,36)
(104,88,36)
(112,114,48)
(124,156,54)
(123,185,53)
(124,218,44)
(116,248,34)
(104,288,12)
(78,314,-22)
(88,348,-52)
(71,355,-79)
(76,362,-118)
(68,360,-126)
(69,373,-139)
(84,374,-160)
(77,379,-183)
(70,382,-206)
(66,374,-218)
(64,368,-248)
(64,370,-260)
(68,350,-278)
(53,337,-291)
(46,330,-310)
(44,322,-322)
(39,303,-337)
(39,285,-339)
(32,268,-346)
(24,254,-358)
(16,228,-364)
(10,220,-354)
(22,214,-370)
(32,228,-372)
(36,228,-378)
(55,231,-385)
(75,235,-389)
(70,236,-390)
(74,236,-390)
(79,233,-393)
(89,243,-391)
(82,242,-394)
(91,255,-385)
(86,264,-386)
(77,259,-377)
(69,259,-379)
(55,251,-369)
(36,256,-372)
(34,254,-356)
(16,252,-342)
(7,239,-347)
(-8,248,-334)
(-19,243,-325)
(-23,239,-315)
(-32,242,-302)
(-34,242,-298)
(-38,238,-302)
(-36,232,-286)
(-43,235,-285)
(-49,243,-267)
(-51,241,-257)
(-47,235,-243)
(-63,229,-235)
(-58,228,-228)
(-57,223,-223)
(-65,227,-213)
(-62,222,-210)
(-57,223,-207)
(-63,231,-207)
(-75,223,-211)
(-65,231,-219)
(-61,237,-245)
(-50,236,-246)
(-42,234,-266)
(-42,250,-284)
(-36,250,-294)
(-33,247,-303)
(-30,238,-310)
(-18,244,-316)
(-26,240,-298)
(-34,248,-292)
(-39,241,-275)
(-44,240,-262)
(-53,247,-251)
(-51,239,-245)
(-61,239,-235)
(-62,230,-228)
(-62,230,-218)
(-50,230,-208)
(-66,228,-198)
(-66,226,-184)
(-65,219,-187)
(-72,216,-184)
(-67,215,-173)
(-70,216,-170)
(-72,206,-164)
(-70,216,-158)
(-73,205,-153)
(-78,206,-150)
(-74,202,-150)
(-67,199,-155)
(-64,202,-154)
(-66,200,-154)
(-68,214,-150)
(-68,228,-160)
(-69,229,-153)
(-62,250,-160)
(-51,251,-157)
(-53,275,-151)
(-38,278,-162)
(-52,278,-158)
(-38,276,-162)
(-39,287,-155)
(-34,282,-154)
(-46,282,-146)
(-40,272,-150)
(-48,270,-148)
(-51,263,-143)
(-57,257,-151)
(-46,242,-136)
(-53,245,-141)
(-58,246,-132)
(-56,244,-140)
(-56,246,-136)
(-51,247,-131)
(-56,240,-128)
(-56,244,-128)
(-57,221,-127)
(-58,230,-118)
(-52,220,-120)
(-54,224,-116)
(-59,215,-111)
(-53,207,-113)
(-57,203,-97)
(-59,193,-95)
(-57,177,-93)
(-59,191,-97)
(-63,207,-107)
(-60,212,-128)
(-70,238,-150)
(-65,251,-161)
(-57,261,-175)
(-45,269,-181)
(-30,294,-192)
(-31,297,-185)
(-26,304,-196)
(-15,323,-195)
(-8,336,-180)
(5,349,-177)
(13,349,-175)
(22,362,-172)
(32,354,-162)
(36,370,-152)
(58,372,-146)
(63,375,-157)
(43,373,-193)
(47,361,-203)
(26,350,-210)
(1,333,-223)
(-12,302,-226)
(-40,278,-208)
(-52,262,-204)
(-64,238,-176)
(-65,227,-131)
(-55,217,-107)
(-43,231,-75)
(-31,255,-61)
(-20,260,-56)
(-4,292,-64)
(9,311,-73)
(20,334,-102)
(24,344,-128)
(21,361,-147)
(34,352,-164)
(28,352,-196)
(14,344,-206)
(-2,332,-210)
(-18,312,-200)
(-36,280,-186)
(-42,256,-162)
(-57,247,-153)
(-43,239,-109)
(-44,244,-94)
(-29,251,-71)
(-32,244,-60)
(-22,252,-56)
(-9,273,-73)
(8,312,-98)
(20,346,-112)
(45,361,-135)
(63,377,-145)
(41,357,-167)
(24,340,-172)
(1,331,-171)
(-18,312,-162)
(-37,281,-137)
(-57,239,-133)
(-74,204,-122)
(-65,161,-101)
(-55,129,-77)
(-63,95,-77)
(-35,61,-89)
(-37,49,-91)
(-20,28,-96)
(-13,1,-113)
(-7,-17,-121)
(5,-27,-141)
(16,-48,-158)
(36,-60,-166)
(60,-64,-190)
(68,-58,-218)
(94,-68,-238)
(122,-68,-266)
(135,-61,-291)
(158,-44,-318)
(168,-34,-342)
(175,-17,-351)
(192,-2,-372)
(202,30,-388)
(220,40,-402)
(233,63,-403)
(222,84,-414)
(229,109,-419)
(227,117,-419)
(226,126,-426)
(225,145,-419)
(231,157,-423)
(233,167,-433)
(228,186,-430)
(235,201,-425)
(237,213,-425)
(234,228,-430)
(230,236,-438)
(222,240,-432)
(223,245,-433)
(210,254,-428)
(211,257,-441)
(199,257,-433)
(203,257,-437)
(204,260,-436)
(208,256,-434)
(209,247,-439)
(226,248,-422)
(225,237,-441)
(249,223,-431)
(253,211,-429)
(242,208,-416)
(260,208,-420)
(239,209,-431)
(223,225,-425)
(209,225,-427)
(204,228,-434)
(202,244,-430)
(215,245,-427)
(213,237,-441)
(218,218,-436)
(222,206,-432)
(221,177,-433)
(219,167,-429)
(218,146,-442)
(238,142,-424)
(234,134,-418)
(229,155,-433)
(213,167,-431)
(219,187,-423)
(221,197,-435)
(223,195,-427)
(221,201,-429)
(221,189,-429)
(217,171,-429)
(215,135,-431)
(216,128,-430)
(212,104,-418)
(223,95,-413)
(236,102,-418)
(227,111,-417)
(230,142,-414)
(219,151,-421)
(224,168,-424)
(223,165,-429)
(214,162,-436)
(208,142,-430)
(198,122,-432)
(193,99,-431)
(205,83,-421)
(192,74,-412)
(187,37,-401)
(196,32,-378)
(192,28,-382)
(204,42,-386)
(210,60,-400)
(216,98,-416)
(213,119,-421)
(208,122,-424)
(196,122,-428)
(195,119,-433)
(183,113,-429)
(169,95,-425)
(153,75,-419)
(144,46,-408)
(127,27,-391)
(134,8,-370)
(152,-2,-368)
(169,-7,-355)
(194,8,-364)
(200,16,-378)
(202,32,-390)
(194,64,-408)
(175,79,-413)
(163,87,-421)
(137,97,-413)
(126,100,-418)
(106,90,-406)
(96,86,-404)
(82,52,-390)
(86,24,-376)
(88,-10,-348)
(113,-29,-323)
(126,-36,-314)
(148,-32,-324)
(162,-20,-340)
(179,-1,-359)
(184,28,-380)
(194,56,-400)
(192,74,-408)
(189,91,-421)
(178,94,-418)
(162,98,-430)
(142,98,-420)
(131,89,-413)
(106,76,-420)
(86,66,-406)
(98,58,-404)
(107,41,-393)
(132,56,-408)
(172,40,-396)
(207,39,-387)
(243,47,-381)
(247,61,-387)
(252,74,-388)
(228,96,-412)
(210,102,-418)
(204,110,-420)
(182,110,-430)
(174,108,-416)
(156,98,-420)
(147,89,-421)
(138,90,-414)
(137,93,-413)
(134,112,-426)
(128,134,-428)
(123,155,-427)
(135,173,-423)
(132,194,-422)
(130,212,-422)
(129,223,-415)
(130,234,-418)
(126,244,-412)
(128,252,-406)
(120,252,-398)
(123,261,-391)
(118,254,-390)
(119,253,-385)
(116,258,-390)
(114,262,-390)
(118,264,-388)
(120,258,-392)
(126,256,-388)
(122,252,-392)
(126,258,-396)
(146,250,-392)
(150,242,-394)
(175,221,-405)
(195,205,-407)
(192,164,-402)
(226,60,-378)
(245,25,-335)
(256,-2,-310)
(228,-34,-266)
(197,-59,-201)
(116,-68,-168)
(66,-52,-142)
(9,-29,-155)
(-21,5,-159)
(-16,4,-144)
(61,-55,-131)
(124,-60,-132)
(125,-61,-131)
(132,-68,-138)
(138,-64,-130)
(78,-52,-158)
(-25,5,-141)
(-55,83,-115)
(-54,108,-96)
(-31,67,-61)
(21,19,-35)
(68,8,-36)
(76,-10,-38)
(68,-16,-50)
(30,-4,-88)
(-28,38,-98)
(-49,115,-73)
(-38,158,-54)
(-36,166,-40)
(-13,105,-21)
(31,57,-11)
(52,34,-14)
(71,9,-41)
(56,-12,-62)
(24,2,-64)
(-16,72,-44)
(-15,121,-13)
(-4,156,-4)
(22,130,6)
(47,105,21)
(62,80,18)
(64,60,2)
(75,29,-15)
(65,19,-19)
(23,49,-25)
(10,120,4)
(8,166,12)
(26,178,8)
(35,151,27)
(56,140,30)
(71,121,33)
(77,115,31)
(83,95,25)
(76,62,18)
(58,50,0)
(41,59,-9)
(25,119,9)
(38,182,22)
(51,213,25)
(58,222,22)
(54,174,28)
(75,159,31)
(81,147,37)
(101,133,43)
(113,125,41)
(124,106,36)
(152,60,30)
(146,18,0)
(120,-2,-18)
(91,-5,-37)
(70,-18,-60)
(60,-24,-72)
(56,-28,-64)
(56,-16,-52)
(83,-11,-33)
(122,2,4)
(154,44,22)
(177,83,37)
(168,130,38)
(154,148,44)
(155,147,45)
(143,137,45)
(144,134,46)
(141,109,47)
(145,89,41)
(155,57,29)
(184,16,0)
(192,-6,-28)
(213,-33,-75)
(228,-48,-116)
(228,-50,-144)
(224,-56,-178)
(183,-61,-193)
(107,-61,-189)
(86,-62,-150)
(67,-49,-111)
(77,-21,-69)
(83,-5,-33)
(94,18,10)
(99,49,21)
(106,80,34)
(128,132,50)
(140,176,48)
(138,232,40)
(124,268,24)
(91,295,3)
(66,302,-18)
(41,291,-25)
(19,263,-25)
(9,239,-19)
(7,189,5)
(20,142,26)
(51,97,31)
(77,65,29)
(107,27,3)
(144,6,-16)
(151,-19,-39)
(150,-32,-52)
(128,-36,-46)
(116,-18,-32)
(106,8,2)
(121,35,25)
(122,70,36)
(143,111,53)
(153,165,47)
(150,228,48)
(139,257,19)
(122,300,-12)
(89,309,-27)
(59,327,-45)
(25,299,-75)
(-5,283,-81)
(-36,256,-104)
(-52,214,-96)
(-61,177,-97)
(-50,132,-84)
(-47,113,-83)
(-29,73,-61)
(-19,53,-63)
(6,18,-54)
(25,-1,-59)
(35,-3,-63)
(54,-22,-78)
(48,-40,-88)
(42,-34,-108)
(47,-33,-117)
(44,-42,-144)
(36,-48,-166)
(51,-47,-201)
(36,-44,-226)
(16,-24,-236)
(-2,-10,-234)
(-33,23,-195)
(-44,28,-148)
(-32,38,-90)
(-14,70,-42)
(7,85,-9)
(34,118,16)
(61,159,35)
(82,196,32)
(101,251,21)
(96,296,0)
(76,312,-22)
(60,316,-44)
(23,299,-59)
(1,289,-69)
(-20,256,-64)
(-25,225,-71)
(-44,194,-62)
(-48,160,-64)
(-38,122,-66)
(-36,90,-60)
(-22,68,-62)
(-11,47,-53)
(3,25,-53)
(20,4,-54)
(19,-1,-55)
(25,-1,-59)
(29,-7,-57)
(14,8,-52)
(3,17,-65)
(-11,33,-61)
(-16,56,-42)
(-4,80,-24)
(9,107,5)
(26,152,14)
(28,166,8)
(22,190,4)
(14,198,-16)
(-24,196,-38)
(-30,178,-50)
(-36,156,-54)
(-40,132,-56)
(-32,96,-50)
(-15,69,-55)
(0,36,-50)
(27,5,-47)
(48,-14,-58)
(77,-37,-57)
(109,-37,-75)
(128,-60,-88)
(144,-58,-116)
(149,-69,-133)
(155,-81,-167)
(152,-70,-184)
(162,-72,-208)
(146,-72,-238)
(140,-60,-246)
(135,-55,-267)
(135,-57,-263)
(127,-47,-269)
(121,-33,-289)
(116,-28,-294)
(115,-15,-319)
(104,6,-356)
(114,36,-382)
(123,69,-403)
(133,97,-409)
(148,116,-426)
(150,152,-432)
(156,168,-428)
(160,188,-424)
(163,207,-429)
(171,219,-423)
(168,226,-426)
(171,229,-431)
(168,226,-436)
(169,217,-421)
(172,228,-426)
(175,233,-425)
(176,238,-428)
(170,244,-430)
(168,254,-418)
(163,257,-423)
(147,261,-425)
(159,265,-421)
(156,254,-416)
(153,241,-423)
(152,230,-430)
(151,221,-435)
(178,198,-434)
(180,166,-430)
(171,129,-425)
(180,86,-408)
(170,46,-388)
(159,5,-359)
(150,-24,-334)
(141,-41,-303)
(134,-52,-274)
(129,-65,-253)
(111,-67,-225)
(93,-69,-193)
(88,-60,-164)
(47,-51,-121)
(17,-21,-93)
(18,-12,-76)
(-9,41,-53)
(-34,80,-52)
(-32,118,-40)
(-33,171,-41)
(-29,211,-45)
(-8,258,-52)
(11,293,-65)
(27,331,-67)
(66,350,-78)
(100,352,-78)
(157,373,-93)
(199,367,-95)
(243,357,-109)
(271,339,-109)
(311,325,-121)
(335,305,-141)
(350,280,-164)
(366,270,-194)
(358,266,-208)
(357,273,-215)
(346,264,-224)
(347,279,-217)
(349,275,-229)
(353,273,-217)
(347,275,-215)
(349,275,-213)
(358,264,-210)
(357,261,-201)
(363,245,-193)
(370,238,-198)
(366,216,-200)
(377,195,-211)
(379,165,-215)
(367,131,-227)
(369,97,-239)
(348,84,-258)
(343,53,-263)
(317,33,-271)
(305,13,-267)
(297,7,-263)
(264,-16,-266)
(265,-27,-261)
(252,-38,-268)
(233,-43,-271)
(229,-39,-275)
(219,-39,-271)
(209,-49,-287)
(208,-52,-276)
(199,-55,-267)
(191,-61,-269)
(174,-52,-268)
(171,-55,-267)
(148,-64,-276)
(156,-56,-264)
(170,-56,-278)
(183,-57,-283)
(194,-52,-294)
(200,-48,-294)
(210,-44,-300)
(190,-56,-284)
(182,-48,-288)
(189,-57,-293)
(188,-40,-304)
(190,-34,-308)
(178,-26,-318)
(123,-39,-287)
(72,-42,-274)
(50,-40,-252)
(30,-42,-242)
(-4,-20,-226)
(-4,-6,-196)
(-8,-16,-166)
(9,-29,-139)
(70,-48,-120)
(109,-75,-141)
(124,-68,-206)
(126,-64,-278)
(133,-31,-323)
(122,-16,-348)
(93,-5,-349)
(15,7,-295)
(-14,2,-240)
(5,-21,-189)
(50,-54,-148)
(91,-67,-139)
(127,-65,-145)
(160,-72,-188)
(168,-54,-240)
(166,-36,-290)
(151,-15,-347)
(121,21,-377)
(49,25,-357)
(2,50,-328)
(-29,75,-307)
(-48,86,-250)
(-56,70,-200)
(-44,38,-142)
(3,5,-85)
(43,-15,-69)
(90,-30,-52)
(114,-44,-70)
(134,-48,-90)
(148,-68,-124)
(159,-69,-165)
(175,-65,-221)
(193,-47,-285)
(203,-15,-337)
(213,-5,-361)
(209,25,-379)
(194,38,-382)
(169,51,-395)
(124,62,-404)
(97,65,-397)
(37,77,-369)
(0,80,-352)
(-30,98,-294)
(-74,110,-216)
(-70,132,-150)
(-64,138,-98)
(-55,145,-77)
(-33,149,-59)
(-23,177,-53)
(-28,210,-52)
(-5,245,-65)
(8,280,-72)
(11,301,-79)
(45,329,-107)
(78,358,-110)
(124,368,-132)
(162,384,-148)
(192,380,-154)
(225,369,-155)
(256,356,-160)
(288,334,-162)
(314,320,-168)
(329,285,-179)
(343,277,-177)
(352,256,-164)
(358,256,-168)
(363,237,-161)
(354,246,-158)
(363,237,-161)
(361,229,-161)
(364,232,-158)
(363,219,-153)
(374,216,-158)
(367,203,-149)
(369,191,-153)
(373,199,-151)
(369,193,-155)
(370,184,-158)
(373,203,-157)
(375,199,-155)
(375,189,-139)
(368,186,-122)
(357,187,-117)
(358,186,-108)
(348,198,-80)
(331,229,-53)
(313,237,-29)
(285,249,-27)
(266,270,-26)
(265,285,-31)
(247,309,-37)
(244,318,-40)
(242,320,-44)
(231,323,-49)
(218,338,-74)
(218,342,-68)
(212,348,-72)
(203,353,-87)
(203,347,-83)
(206,348,-78)
(218,334,-66)
(228,330,-52)
(248,302,-32)
(243,269,-15)
(270,234,-2)
(279,201,-7)
(302,172,-10)
(318,142,-34)
(329,115,-41)
(321,81,-69)
(326,62,-88)
(325,39,-107)
(328,30,-128)
(333,25,-161)
(331,27,-183)
(330,40,-206)
(337,37,-237)
(341,47,-265)
(343,57,-273)
(337,69,-291)
(337,73,-307)
(335,87,-317)
(332,94,-326)
(328,100,-336)
(326,104,-344)
(326,114,-346)
(320,118,-348)
(322,120,-360)
(318,132,-364)
(317,133,-357)
(317,145,-355)
(329,157,-353)
(328,150,-348)
(334,144,-338)
(335,131,-327)
(352,132,-324)
(345,127,-315)
(357,129,-313)
(351,117,-307)
(361,121,-307)
(343,109,-305)
(332,72,-290)
(301,13,-269)
(277,-35,-181)
(222,-38,-106)
(160,-14,-20)
(116,30,16)
(82,80,32)
(44,116,24)
(28,154,14)
(0,186,-6)
(-18,228,-30)
(-31,261,-63)
(-22,272,-98)
(-28,282,-102)
(-21,293,-125)
(-21,297,-137)
(-26,304,-142)
(-28,292,-148)
(-42,272,-150)
(-50,252,-152)
(-60,224,-156)
(-73,189,-181)
(-74,178,-198)
(-74,172,-220)
(-66,168,-242)
(-64,158,-266)
(-41,151,-301)
(-26,150,-336)
(-11,169,-355)
(21,191,-375)
(43,211,-387)
(50,210,-382)
(41,211,-383)
(32,214,-376)
(16,214,-376)
(13,219,-363)
(4,222,-352)
(-12,224,-334)
(-20,232,-316)
(-22,242,-306)
(-23,257,-297)
(-26,274,-282)
(-26,262,-266)
(-24,274,-236)
(-28,274,-246)
(-34,262,-252)
(-24,256,-280)
(-18,252,-294)
(-16,250,-320)
(3,243,-333)
(18,236,-350)
(27,239,-357)
(30,240,-372)
(46,248,-376)
(59,241,-387)
(81,245,-401)
(81,257,-391)
(82,260,-384)
(92,266,-384)
(93,275,-383)
(87,281,-383)
(91,273,-379)
(77,255,-389)
(58,222,-384)
(39,227,-375)
(16,212,-364)
(6,218,-356)
(13,261,-335)
(35,269,-345)
(64,298,-350)
(79,295,-361)
(57,269,-357)
(28,254,-360)
(-6,236,-336)
(-3,257,-317)
(-4,276,-300)
(26,310,-294)
(54,324,-308)
(63,317,-327)
(52,298,-348)
(32,274,-346)
(7,249,-347)
(-7,245,-319)
(-27,221,-307)
(-39,195,-291)
(-48,180,-284)
(-52,152,-274)
(-61,145,-273)
(-65,163,-249)
(-58,182,-242)
(-55,219,-227)
(-40,254,-224)
(-37,263,-237)
(-41,235,-257)
(-44,216,-264)
(-59,175,-259)
(-68,156,-238)
(-69,147,-205)
(-70,198,-180)
(-52,216,-174)
(-59,227,-191)
(-58,212,-212)
(-63,187,-235)
(-54,158,-238)
(-70,128,-250)
(-69,133,-219)
(-63,139,-197)
(-81,163,-191)
(-61,227,-165)
(-46,246,-172)
(-40,276,-180)
(-39,253,-191)
(-58,226,-228)
(-60,184,-228)
(-62,162,-228)
(-67,127,-235)
(-64,142,-204)
(-59,197,-183)
(-59,201,-177)
(-53,217,-205)
(-60,216,-212)
(-55,197,-235)
(-56,184,-246)
(-61,125,-247)
(-57,113,-241)
(-64,120,-224)
(-72,168,-208)
(-60,240,-184)
(-48,250,-214)
(-53,245,-221)
(-54,204,-244)
(-54,188,-250)
(-69,145,-243)
(-58,112,-232)
(-65,95,-217)
(-63,109,-211)
(-68,166,-190)
(-59,199,-187)
(-64,226,-190)
(-49,237,-187)
(-54,236,-216)
(-56,208,-234)
(-64,154,-236)
(-56,106,-210)
(-52,70,-208)
(-63,81,-199)
(-70,112,-196)
(-68,156,-196)
(-72,186,-194)
(-58,208,-214)
(-51,219,-235)
(-50,208,-258)
(-38,198,-294)
(-45,151,-299)
(-39,133,-307)
(-41,117,-289)
(-49,131,-289)
(-49,143,-291)
(-39,159,-303)
(-30,184,-312)
(-19,205,-323)
(-11,233,-327)
(8,246,-328)
(14,270,-326)
(13,271,-321)
(16,262,-334)
(-1,217,-351)
(-9,179,-349)
(-4,140,-356)
(-11,113,-335)
(4,100,-330)
(-10,76,-330)
(4,76,-330)
(19,67,-325)
(20,66,-348)
(27,59,-345)
(37,57,-349)
(40,56,-342)
(37,49,-353)
(22,66,-344)
(8,94,-346)
(1,109,-351)
(-5,141,-349)
(-8,180,-344)
(0,210,-340)
(6,232,-328)
(6,262,-320)
(16,290,-314)
(35,307,-313)
(53,327,-307)
(70,336,-294)
(81,347,-293)
(74,354,-274)
(91,351,-261)
(84,362,-258)
(66,350,-272)
(44,312,-304)
(14,294,-304)
(7,279,-315)
(1,247,-327)
(1,249,-321)
(-2,256,-322)
(-6,252,-318)
(-16,204,-326)
(-26,178,-318)
(-32,168,-312)
(-37,163,-301)
(-44,148,-278)
(-49,139,-283)
(-60,130,-266)
(-52,124,-266)
(-51,117,-251)
(-56,102,-242)
(-53,95,-245)
(-52,78,-234)
(-52,72,-222)
(-58,62,-212)
(-46,62,-206)
(-48,52,-186)
(-34,32,-186)
(-40,30,-162)
(-25,23,-161)
(-21,11,-141)
(-17,7,-137)
(-8,-2,-136)
(-8,-12,-126)
(-2,-20,-122)
(-1,-21,-115)
(5,-19,-111)
(4,-16,-106)
(9,-13,-117)
(12,-8,-108)
(-5,-7,-105)
(-16,8,-130)
(-29,9,-135)
(-31,29,-145)
(-42,32,-160)
(-46,44,-164)
(-47,49,-181)
(-48,64,-194)
(-58,82,-202)
(-65,71,-217)
(-59,97,-217)
(-60,110,-236)
(-58,124,-248)
(-60,138,-250)
(-62,166,-250)
(-63,169,-261)
(-59,185,-269)
(-42,212,-278)
(-35,229,-277)
(-39,229,-283)
(-32,234,-278)
(-33,229,-289)
(-44,206,-276)
(-47,175,-279)
(-55,153,-265)
(-60,162,-256)
(-55,177,-253)
(-58,198,-264)
(-51,193,-271)
(-62,166,-266)
(-64,124,-238)
(-51,83,-225)
(-49,51,-211)
(-57,55,-205)
(-64,82,-200)
(-71,107,-213)
(-80,140,-212)
(-74,140,-218)
(-67,135,-217)
(-61,95,-205)
(-44,58,-190)
(-37,25,-195)
(-45,33,-171)
(-56,68,-162)
(-62,108,-150)
(-76,122,-174)
(-65,111,-185)
(-69,73,-157)
(-45,39,-157)
(-35,19,-133)
(-20,12,-134)
(-22,16,-126)
(-49,41,-123)
(-46,60,-124)
(-64,78,-136)
(-54,84,-158)
(-53,67,-165)
(-45,53,-159)
(-24,4,-148)
(3,-11,-135)
(2,-16,-134)
(-6,4,-140)
(-18,14,-144)
(-29,21,-127)
(-52,62,-154)
(-57,91,-155)
(-67,113,-175)
(-73,153,-193)
(-62,164,-206)
(-67,171,-229)
(-71,147,-227)
(-64,124,-224)
(-65,121,-209)
(-62,138,-186)
(-61,177,-175)
(-55,189,-187)
(-62,188,-208)
(-63,167,-237)
(-66,132,-240)
(-59,105,-237)
(-58,106,-216)
(-67,113,-203)
(-64,132,-188)
(-65,155,-191)
(-65,169,-207)
(-59,189,-235)
(-58,190,-258)
(-57,175,-269)
(-51,147,-263)
(-47,117,-261)
(-55,93,-247)
(-57,105,-225)
(-69,119,-215)
(-68,168,-208)
(-54,184,-238)
(-56,188,-252)
(-57,175,-275)
(-51,161,-267)
(-61,155,-245)
(-69,161,-237)
(-61,187,-219)
(-63,185,-207)
(-66,204,-194)
(-62,220,-190)
(-56,228,-180)
(-55,229,-181)
(-53,245,-167)
(-45,249,-171)
(-47,223,-171)
(-63,199,-173)
(-70,180,-166)
(-73,147,-157)
(-69,131,-165)
(-60,106,-174)
(-63,107,-177)
(-55,81,-183)
(-62,76,-192)
(-39,53,-187)
(-43,45,-187)
(-34,40,-196)
(-42,40,-202)
(-55,57,-183)
(-61,97,-175)
(-57,103,-171)
(-60,144,-148)
(-70,152,-158)
(-57,171,-143)
(-56,170,-146)
(-62,196,-150)
(-51,199,-145)
(-61,193,-143)
(-60,188,-144)
(-57,195,-147)
(-56,170,-154)
(-55,141,-159)
(-63,111,-183)
(-66,94,-192)
(-62,82,-190)
(-50,66,-202)
(-36,54,-206)
(-28,24,-210)
(-33,33,-209)
(-32,34,-208)
(-41,45,-211)
(-57,69,-195)
(-56,84,-188)
(-64,108,-172)
(-61,133,-163)
(-64,152,-156)
(-70,170,-154)
(-61,181,-147)
(-55,179,-153)
(-69,179,-151)
(-66,164,-146)
(-63,139,-171)
(-66,104,-170)
(-59,89,-173)
(-49,65,-185)
(-48,52,-182)
(-31,31,-199)
(-27,23,-201)
(-23,27,-217)
(-29,25,-207)
(-33,39,-193)
(-41,53,-191)
(-64,80,-176)
(-57,95,-173)
(-64,136,-148)
(-65,155,-147)
(-67,167,-157)
(-69,135,-173)
(-53,113,-173)
(-44,72,-174)
(-46,56,-182)
(-43,53,-145)
(-51,71,-149)
(-62,130,-138)
(-66,160,-158)
(-73,149,-179)
(-63,149,-189)
(-60,114,-182)
(-56,76,-180)
(-57,71,-155)
(-59,79,-147)
(-60,110,-152)
(-61,117,-155)
(-66,142,-184)
(-64,158,-180)
(-67,155,-197)
(-70,128,-200)
(-55,101,-197)
(-48,64,-176)
(-55,73,-159)
(-59,121,-145)
(-66,144,-156)
(-58,154,-162)
(-68,158,-184)
(-62,164,-176)
(-67,161,-171)
(-66,166,-170)
(-61,177,-157)
(-56,180,-152)
(-54,198,-136)
(-56,206,-126)
(-48,212,-118)
(-53,217,-125)
(-46,224,-114)
(-44,232,-108)
(-32,242,-102)
(-26,244,-102)
(-33,255,-95)
(-32,250,-90)
(-39,229,-97)
(-33,213,-99)
(-50,192,-102)
(-60,158,-122)
(-57,149,-111)
(-61,117,-139)
(-59,105,-145)
(-55,81,-151)
(-47,73,-171)
(-50,56,-168)
(-49,45,-173)
(-34,24,-156)
(-7,11,-167)
(-7,-3,-157)
(14,-20,-156)
(27,-27,-161)
(38,-38,-142)
(61,-49,-143)
(63,-57,-141)
(78,-60,-156)
(94,-72,-164)
(119,-65,-181)
(117,-73,-189)
(146,-64,-194)
(154,-64,-210)
(162,-68,-216)
(174,-66,-232)
(175,-67,-237)
(197,-57,-247)
(181,-51,-255)
(195,-43,-271)
(194,-44,-284)
(193,-33,-309)
(190,-20,-318)
(202,-14,-338)
(205,-7,-343)
(211,11,-359)
(229,41,-365)
(237,37,-371)
(250,60,-376)
(253,77,-389)
(270,92,-392)
(271,99,-383)
(281,119,-379)
(274,124,-384)
(286,134,-382)
(295,145,-379)
(301,149,-375)
(290,150,-382)
(294,148,-378)
(288,152,-382)
(285,149,-377)
(293,141,-385)
(289,139,-383)
(298,96,-368)
(296,68,-356)
(281,-1,-295)
(273,-33,-253)
(259,-51,-197)
(223,-57,-149)
(182,-60,-102)
(141,-51,-77)
(134,-52,-60)
(88,-24,-44)
(79,-19,-41)
(25,17,-25)
(20,24,-40)
(-13,61,-55)
(-37,91,-69)
(-47,105,-83)
(-61,153,-99)
(-54,172,-100)
(-44,246,-144)
(-30,286,-166)
(9,315,-179)
(27,333,-175)
(65,361,-181)
(121,371,-173)
(177,381,-167)
(191,379,-167)
(247,363,-153)
(285,341,-151)
(292,336,-150)
(319,315,-153)
(325,301,-149)
(341,283,-149)
(351,267,-147)
(353,239,-145)
(365,245,-155)
(368,230,-154)
(366,218,-156)
(375,205,-145)
(373,203,-155)
(379,171,-147)
(372,152,-160)
(370,154,-148)
(375,153,-147)
(379,157,-153)
(368,174,-148)
(364,220,-124)
(360,236,-122)
(339,263,-105)
(336,264,-104)
(319,295,-115)
(314,302,-116)
(299,321,-125)
(280,330,-138)
(273,349,-141)
(229,355,-127)
(231,359,-99)
(249,337,-101)
(288,286,-58)
(292,252,-44)
(315,231,-35)
(316,164,-36)
(326,158,-38)
(329,151,-45)
(329,137,-41)
(325,141,-39)
(293,143,-11)
(266,112,12)
(259,105,11)
(254,62,-8)
(261,39,-23)
(265,3,-69)
(270,-10,-98)
(276,-22,-110)
(275,-23,-127)
(274,-32,-134)
(291,-21,-103)
(280,2,-82)
(277,5,-73)
(285,29,-43)
(286,44,-46)
(291,63,-23)
(288,102,-12)
(284,112,-8)
(278,128,10)
(274,144,2)
(272,168,16)
(268,186,22)
(258,226,14)
(251,247,7)
(245,263,-1)
(230,280,-8)
(232,276,-6)
(215,291,-23)
(218,300,-22)
(221,293,-25)
(212,298,-14)
(231,281,-1)
(228,264,6)
(240,250,4)
(240,224,18)
(249,193,21)
(252,176,28)
(257,145,23)
(267,139,21)
(254,118,12)
(261,111,9)
(268,82,4)
(263,67,-5)
(272,42,-30)
(280,12,-64)
(288,-4,-106)
(287,-1,-133)
(304,-10,-162)
(304,-8,-170)
(311,-1,-209)
(308,-2,-230)
(307,5,-235)
(302,6,-274)
(302,12,-288)
(292,16,-292)
(292,12,-312)
(286,22,-310)
(288,28,-320)
(281,37,-347)
(279,41,-343)
(287,55,-351)
(274,78,-364)
(280,70,-360)
(280,72,-360)
(270,90,-374)
(273,91,-367)
(284,88,-374)
(276,86,-362)
(265,77,-367)
(276,48,-352)
(272,16,-328)
(261,13,-323)
(257,-9,-297)
(245,-23,-265)
(243,-31,-261)
(244,-36,-222)
(251,-39,-183)
(245,-45,-141)
(243,-37,-125)
(246,-20,-72)
(245,-11,-59)
(221,21,-15)
(212,48,10)
(195,77,31)
(186,82,38)
(161,121,45)
(142,144,44)
(139,155,57)
(115,195,45)
(100,220,36)
(99,231,23)
(72,258,6)
(67,285,-13)
(62,308,-38)
(59,321,-59)
(66,328,-78)
(69,341,-95)
(87,363,-123)
(87,359,-121)
(99,369,-145)
(109,375,-161)
(124,378,-180)
(142,384,-184)
(148,380,-188)
(144,380,-186)
(140,376,-176)
(136,372,-148)
(128,376,-142)
(138,366,-130)
(144,360,-92)
(160,352,-92)
(183,339,-73)
(186,336,-62)
(185,351,-77)
(186,352,-88)
(150,368,-112)
(125,359,-113)
(114,360,-112)
(82,336,-78)
(99,297,-35)
(105,289,-19)
(145,253,27)
(169,223,33)
(192,206,34)
(183,227,37)
(182,250,24)
(164,278,6)
(164,288,8)
(130,272,8)
(123,231,31)
(125,215,45)
(129,181,45)
(140,140,48)
(144,150,50)
(149,173,41)
(150,202,36)
(147,225,39)
(131,271,11)
(118,280,6)
(110,306,-8)
(87,299,-15)
(78,276,-10)
(73,237,15)
(79,187,39)
(92,152,44)
(101,121,49)
(115,105,47)
(136,138,46)
(155,173,39)
(159,225,41)
(174,236,24)
(181,285,-7)
(186,308,-22)
(182,336,-54)
(162,370,-84)
(116,366,-106)
(56,350,-122)
(22,316,-102)
(-5,271,-61)
(-5,211,-25)
(6,182,-2)
(35,117,15)
(54,104,28)
(83,77,29)
(113,75,33)
(112,72,34)
(120,88,38)
(144,138,44)
(168,178,44)
(179,221,31)
(187,261,15)
(189,297,-13)
(164,320,-30)
(118,332,-46)
(68,300,-26)
(41,255,-21)
(50,218,12)
(59,175,27)
(82,166,36)
(84,168,34)
(80,122,22)
(73,111,29)
(80,58,10)
(86,10,-12)
(91,-27,-49)
(99,-45,-87)
(114,-64,-118)
(136,-74,-152)
(139,-71,-179)
(164,-66,-208)
(186,-70,-218)
(204,-60,-238)
(230,-52,-262)
(233,-43,-265)
(260,-16,-292)
(270,-4,-310)
(259,23,-343)
(263,49,-367)
(252,56,-378)
(244,80,-380)
(246,86,-388)
(251,107,-407)
(242,108,-404)
(241,129,-413)
(237,153,-409)
(237,163,-405)
(238,178,-412)
(243,183,-407)
(239,201,-397)
(233,205,-399)
(234,232,-394)
(227,231,-387)
(230,244,-398)
(225,241,-393)
(228,240,-388)
(216,240,-392)
(222,242,-384)
(222,246,-386)
(227,235,-385)
(226,234,-384)
(224,208,-406)
(240,190,-404)
(228,168,-408)
(236,148,-402)
(237,131,-401)
(238,100,-390)
(245,77,-387)
(252,50,-368)
(250,28,-362)
(254,8,-350)
(246,-4,-330)
(250,-18,-318)
(249,-11,-321)
(251,15,-347)
(244,34,-354)
(251,37,-361)
(248,54,-368)
(237,61,-381)
(230,90,-386)
(228,112,-406)
(218,118,-396)
(215,139,-403)
(209,123,-407)
(210,118,-408)
(210,80,-402)
(210,38,-390)
(201,-3,-355)
(186,-30,-336)
(179,-51,-307)
(164,-66,-282)
(154,-74,-268)
(142,-82,-236)
(117,-85,-205)
(107,-83,-191)
(110,-86,-186)
(117,-85,-193)
(119,-77,-211)
(121,-75,-227)
(131,-79,-245)
(129,-65,-271)
(143,-57,-285)
(170,-46,-314)
(172,-24,-338)
(173,5,-365)
(184,26,-380)
(183,41,-381)
(181,53,-391)
(187,43,-389)
(177,33,-373)
(174,-10,-354)
(167,-45,-325)
(150,-68,-280)
(139,-81,-243)
(124,-86,-216)
(105,-75,-193)
(87,-77,-177)
(71,-67,-145)
(61,-65,-141)
(59,-73,-145)
(81,-83,-173)
(115,-87,-225)
(134,-64,-264)
(151,-67,-283)
(151,-45,-303)
(149,-45,-319)
(151,-29,-339)
(151,-9,-347)
(144,8,-364)
(147,15,-369)
(140,16,-370)
(141,7,-355)
(119,3,-349)
(121,-7,-343)
(106,-12,-340)
(92,-18,-322)
(72,-30,-294)
(51,-35,-247)
(25,-31,-205)
(22,-28,-166)
(14,-18,-114)
(23,-9,-75)
(36,18,-44)
(58,20,-22)
(57,23,-11)
(77,41,11)
(115,57,27)
(149,83,49)
(185,107,41)
(222,130,36)
(252,148,18)
(282,148,8)
(294,152,-4)
(282,160,-8)
(272,196,-6)
(271,205,-5)
(275,219,-7)
(284,236,-16)
(297,243,-33)
(310,238,-54)
(326,238,-76)
(340,228,-104)
(350,234,-122)
(353,225,-153)
(358,232,-160)
(366,224,-180)
(363,219,-197)
(360,238,-206)
(361,235,-215)
(344,236,-230)
(347,225,-235)
(357,207,-241)
(352,202,-242)
(358,174,-258)
(357,163,-259)
(359,153,-263)
(353,143,-281)
(349,131,-267)
(344,118,-278)
(351,113,-277)
(338,100,-268)
(342,94,-268)
(346,98,-268)
(345,107,-265)
(358,110,-256)
(351,119,-269)
(361,145,-263)
(360,168,-256)
(356,194,-244)
(350,220,-272)
(340,234,-266)
(333,271,-269)
(317,297,-267)
(291,315,-265)
(270,344,-258)
(267,343,-245)
(267,347,-241)
(263,355,-231)
(269,351,-241)
(283,339,-235)
(293,327,-245)
(305,319,-253)
(323,283,-263)
(338,248,-260)
(354,238,-264)
(358,214,-256)
(362,190,-258)
(362,172,-266)
(364,164,-260)
(358,170,-266)
(364,190,-264)
(357,221,-269)
(352,236,-258)
(338,262,-268)
(328,290,-264)
(301,309,-259)
(277,335,-249)
(263,353,-251)
(252,356,-238)
(248,360,-220)
(274,350,-236)
(286,336,-226)
(310,314,-224)
(339,287,-213)
(341,271,-223)
(358,266,-228)
(354,254,-240)
(351,245,-239)
(346,258,-242)
(346,268,-242)
(327,309,-247)
(307,321,-247)
(287,329,-241)
(267,351,-219)
(260,360,-190)
(253,361,-189)
(256,364,-172)
(265,353,-143)
(280,336,-128)
(293,325,-107)
(306,312,-90)
(316,286,-96)
(332,268,-88)
(352,246,-94)
(352,214,-110)
(366,188,-124)
(366,172,-126)
(379,135,-159)
(372,110,-184)
(371,95,-197)
(362,76,-212)
(360,78,-244)
(354,74,-262)
(345,65,-289)
(331,67,-305)
(322,68,-322)
(303,63,-345)
(298,74,-352)
(286,80,-368)
(275,79,-365)
(282,86,-372)
(280,102,-376)
(274,116,-392)
(270,138,-396)
(270,142,-390)
(276,156,-400)
(278,174,-394)
(275,187,-391)
(283,195,-385)
(285,207,-381)
(286,220,-364)
(279,225,-365)
(270,240,-368)
(274,250,-350)
(248,252,-354)
(251,271,-353)
(246,268,-354)
(250,268,-350)
(243,259,-353)
(271,235,-351)
(290,198,-354)
(295,169,-349)
(316,138,-338)
(329,109,-315)
(338,74,-300)
(341,39,-261)
(338,26,-224)
(329,5,-189)
(308,-12,-140)
(276,-28,-100)
(263,-19,-75)
(239,-17,-43)
(207,-11,-29)
(182,12,-8)
(151,23,9)
(126,48,24)
(109,67,31)
(86,100,32)
(72,104,36)
(57,137,27)
(30,154,20)
(10,190,0)
(-2,220,-20)
(-6,262,-48)
(-12,292,-78)
(1,319,-119)
(20,348,-146)
(60,366,-168)
(76,362,-178)
(114,384,-202)
(150,374,-204)
(190,382,-220)
(237,365,-217)
(263,341,-225)
(294,324,-224)
(295,321,-223)
(315,293,-229)
(330,282,-230)
(329,279,-235)
(339,271,-229)
(326,282,-236)
(305,319,-237)
(267,349,-227)
(219,365,-217)
(192,382,-198)
(172,382,-178)
(174,370,-144)
(210,348,-82)
(250,298,-30)
(263,239,-3)
(281,175,5)
(316,138,-24)
(328,90,-62)
(331,69,-85)
(320,38,-102)
(306,6,-128)
(303,-1,-147)
(301,3,-149)
(328,20,-138)
(325,41,-95)
(326,74,-64)
(320,112,-34)
(304,170,-14)
(290,220,-14)
(273,263,-25)
(257,299,-35)
(246,320,-48)
(230,334,-68)
(209,347,-87)
(207,359,-97)
(203,365,-101)
(203,363,-123)
(172,368,-94)
(178,342,-64)
(210,320,-36)
(235,299,-19)
(241,289,-25)
(230,312,-36)
(221,335,-57)
(211,347,-67)
(185,343,-71)
(151,343,-61)
(148,320,-28)
(169,293,-5)
(190,268,16)
(209,251,21)
(215,257,15)
(217,277,-5)
(219,305,-23)
(213,329,-57)
(183,355,-79)
(152,356,-82)
(112,350,-82)
(98,330,-52)
(89,299,-15)
(122,272,10)
(155,249,35)
(181,241,35)
(188,256,24)
(205,291,7)
(205,301,-19)
(189,333,-47)
(168,352,-60)
(137,351,-69)
(107,335,-57)
(102,306,-22)
(116,266,10)
(143,249,27)
(165,243,23)
(180,268,20)
(195,299,-5)
(183,323,-37)
(173,337,-53)
(141,323,-39)
(121,311,-13)
(113,273,-3)
(124,246,22)
(143,225,41)
(186,182,38)
(217,153,45)
(231,121,33)
(253,91,23)
(261,73,-1)
(276,32,-36)
(272,0,-56)
(261,-11,-95)
(263,-27,-127)
(265,-43,-161)
(268,-40,-202)
(271,-29,-237)
(277,-15,-259)
(290,-10,-284)
(273,-3,-295)
(273,3,-303)
(283,5,-309)
(282,14,-304)
(286,12,-306)
(287,13,-299)
(302,24,-304)
(302,24,-302)
(307,31,-297)
(314,34,-298)
(318,42,-304)
(327,37,-289)
(327,35,-281)
(324,34,-274)
(335,47,-291)
(336,60,-302)
(330,66,-316)
(342,70,-320)
(338,64,-312)
(342,50,-300)
(337,35,-269)
(332,4,-218)
(335,-5,-183)
(334,-8,-146)
(316,-16,-118)
(294,-20,-110)
(299,-23,-105)
(282,-24,-80)
(257,-21,-49)
(256,-12,-60)
(268,-20,-70)
(260,-28,-82)
(277,-21,-115)
(274,-36,-134)
(272,-40,-150)
(268,-44,-172)
(256,-50,-214)
(237,-41,-245)
(203,-41,-283)
(173,-35,-307)
(146,-34,-302)
(108,-40,-294)
(71,-39,-283)
(55,-39,-263)
(15,-41,-205)
(-17,-9,-139)
(-36,32,-104)
(-42,94,-52)
(-21,123,-23)
(7,183,9)
(37,199,23)
(79,225,19)
(123,255,31)
(164,268,26)
(239,267,11)
(303,247,-17)
(335,213,-51)
(359,183,-67)
(369,177,-85)
(370,142,-114)
(374,118,-124)
(376,88,-158)
(359,63,-173)
(353,45,-191)
(356,56,-186)
(371,81,-169)
(373,121,-169)
(375,117,-149)
(384,138,-124)
(372,164,-98)
(355,199,-85)
(340,234,-64)
(335,251,-75)
(322,270,-48)
(296,278,-40)
(261,273,-15)
(239,257,3)
(226,250,18)
(208,226,30)
(221,245,15)
(254,272,-10)
(275,295,-35)
(294,302,-50)
(313,313,-85)
(327,295,-103)
(342,282,-112)
(353,263,-129)
(373,237,-139)
(371,225,-139)
(382,198,-156)
(384,174,-144)
(374,144,-158)
(378,138,-164)
(388,124,-162)
(385,153,-159)
(375,173,-155)
(372,224,-150)
(354,270,-142)
(339,289,-143)
(307,321,-131)
(275,337,-111)
(253,343,-77)
(214,336,-50)
(185,323,-21)
(191,303,-11)
(185,299,-5)
(199,317,-11)
(212,328,-34)
(224,338,-60)
(232,352,-86)
(244,368,-104)
(262,354,-110)
(288,348,-130)
(311,327,-131)
(323,313,-145)
(338,296,-154)
(360,260,-152)
(368,244,-164)
(377,209,-181)
(386,178,-176)
(382,150,-188)
(383,137,-191)
(378,128,-184)
(390,124,-184)
(387,157,-177)
(385,167,-169)
(379,195,-167)
(378,218,-150)
(361,237,-159)
(364,258,-146)
(347,281,-119)
(331,297,-105)
(305,295,-101)
(285,315,-77)
(272,318,-56)
(245,309,-33)
(223,301,-15)
(217,283,3)
(197,261,11)
(178,252,20)
(191,255,21)
(204,282,8)
(212,284,4)
(230,296,-12)
(256,306,-34)
(277,303,-57)
(301,309,-89)
(322,300,-102)
(349,273,-137)
(367,249,-173)
(375,221,-193)
(377,211,-193)
(380,184,-188)
(386,180,-200)
(377,211,-185)
(369,241,-179)
(334,302,-158)
(305,321,-137)
(276,338,-108)
(252,342,-82)
(226,324,-44)
(203,297,-15)
(182,270,16)
(165,241,39)
(166,226,34)
(148,184,46)
(130,142,46)
(115,115,45)
(109,75,33)
(107,41,15)
(95,11,-5)
(107,-13,-35)
(107,-25,-41)
(115,-47,-67)
(129,-49,-89)
(144,-60,-100)
(167,-63,-109)
(187,-65,-123)
(195,-57,-127)
(210,-54,-128)
(237,-45,-125)
(259,-37,-137)
(268,-34,-134)
(292,-12,-138)
(310,-8,-140)
(322,0,-144)
(342,14,-154)
(356,24,-168)
(361,41,-183)
(361,57,-223)
(359,67,-263)
(360,78,-288)
(356,78,-308)
(339,95,-321)
(342,104,-332)
(328,118,-352)
(324,126,-362)
(323,119,-353)
(324,130,-366)
(321,119,-361)
(329,95,-347)
(322,48,-320)
(316,14,-284)
(302,-18,-256)
(288,-44,-208)
(276,-42,-182)
(248,-50,-138)
(231,-43,-95)
(210,-38,-64)
(180,-28,-40)
(166,-20,-32)
(144,-16,-16)
(135,-9,-19)
(120,0,-10)
(106,18,14)
(86,38,18)
(90,30,20)
(98,10,2)
(104,-16,-20)
(129,-19,-29)
(136,-32,-36)
(141,-47,-57)
(154,-54,-76)
(160,-66,-124)
(170,-72,-154)
(166,-70,-174)
(175,-73,-193)
(172,-66,-218)
(170,-62,-240)
(160,-56,-246)
(167,-61,-245)
(149,-63,-245)
(134,-58,-250)
(132,-64,-248)
(123,-59,-249)
(108,-62,-220)
(91,-61,-209)
(99,-65,-197)
(98,-66,-174)
(104,-68,-170)
(113,-67,-141)
(106,-62,-130)
(123,-65,-111)
(130,-56,-90)
(139,-47,-67)
(165,-47,-55)
(171,-29,-45)
(191,-11,-23)
(218,4,-24)
(230,16,-14)
(256,62,-6)
(282,74,-2)
(298,108,-6)
(303,141,-19)
(323,159,-27)
(327,183,-39)
(339,201,-63)
(331,227,-67)
(317,287,-71)
(286,326,-102)
(235,367,-131)
(194,384,-126)
(147,383,-133)
(95,365,-137)
(55,353,-129)
(-3,327,-121)
(-24,282,-102)
(-37,249,-93)
(-51,215,-87)
(-61,177,-79)
(-49,137,-71)
(-41,101,-67)
(-36,64,-76)
(-28,34,-80)
(-10,18,-82)
(-6,-2,-82)
(2,-6,-96)
(15,-25,-117)
(19,-39,-119)
(11,-33,-129)
(9,-23,-117)
(4,-16,-104)
(5,-1,-89)
(-3,17,-71)
(-2,28,-52)
(5,51,-33)
(15,65,-19)
(18,74,0)
(19,95,17)
(35,101,15)
(63,109,25)
(92,112,42)
(122,130,50)
(150,126,54)
(180,124,48)
(207,135,41)
(232,130,28)
(253,131,21)
(279,127,11)
(282,124,4)
(292,126,-10)
(305,127,-9)
(307,133,-13)
(303,131,-9)
(313,139,-17)
(314,170,-22)
(306,188,-18)
(310,214,-22)
(296,240,-26)
(288,264,-26)
(257,297,-29)
(216,316,-28)
(196,328,-34)
(171,335,-35)
(136,334,-50)
(102,328,-48)
(78,320,-34)
(48,300,-38)
(28,276,-30)
(16,256,-24)
(1,213,-13)
(-3,173,-11)
(-8,140,-6)
(16,90,-2)
(25,59,-11)
(28,20,-32)
(45,-17,-43)
(68,-32,-76)
(88,-58,-116)
(103,-67,-165)
(129,-71,-203)
(140,-72,-232)
(160,-58,-278)
(168,-44,-298)
(173,-35,-317)
(188,-14,-348)
(199,7,-365)
(195,29,-377)
(195,53,-393)
(195,81,-413)
(192,114,-420)
(196,130,-420)
(185,149,-427)
(182,144,-422)
(185,153,-421)
(172,146,-414)
(170,156,-412)
(179,151,-425)
(178,150,-428)
(159,155,-429)
(147,155,-433)
(128,152,-434)
(129,159,-427)
(133,147,-429)
(123,151,-429)
(121,159,-435)
(111,173,-429)
(108,170,-428)
(112,158,-428)
(95,147,-419)
(85,147,-405)
(95,151,-413)
(120,158,-414)
(136,140,-422)
(138,128,-426)
(136,124,-412)
(133,105,-413)
(145,99,-409)
(154,90,-410)
(155,47,-395)
(185,25,-377)
(229,7,-345)
(251,-13,-299)
(237,-47,-233)
(101,-63,-163)
(58,-38,-116)
(35,-11,-85)
(33,-7,-77)
(124,-52,-114)
(304,-4,-154)
(332,26,-198)
(354,68,-192)
(364,84,-208)
(366,108,-246)
(353,151,-281)
(348,184,-306)
(351,185,-297)
(344,224,-294)
(348,232,-290)
(347,253,-285)
(330,264,-282)
(335,265,-279)
(325,259,-283)
(337,255,-283)
(344,250,-280)
(347,235,-285)
(344,146,-300)
(298,60,-308)
(257,39,-329)
(230,10,-328)
(190,8,-342)
(144,14,-356)
(103,33,-369)
(101,61,-389)
(87,87,-385)
(68,114,-394)
(89,149,-403)
(116,170,-412)
(124,188,-412)
(125,207,-397)
(125,205,-407)
(127,205,-403)
(122,206,-396)
(127,203,-397)
(122,210,-386)
(117,197,-403)
(112,200,-400)
(116,188,-404)
(121,235,-389)
(119,239,-383)
(132,240,-376)
(133,255,-369)
(142,256,-372)
(139,241,-379)
(135,221,-395)
(130,208,-392)
(112,178,-396)
(101,157,-395)
(90,150,-390)
(92,150,-390)
(106,172,-394)
(123,199,-385)
(138,214,-386)
(142,232,-384)
(151,231,-375)
(150,236,-386)
(153,229,-383)
(132,210,-376)
(87,179,-381)
(70,156,-380)
(52,148,-376)
(55,141,-371)
(57,131,-377)
(73,137,-381)
(93,151,-381)
(104,174,-392)
(132,194,-384)
(154,220,-374)
(163,221,-379)
(164,214,-382)
(161,209,-379)
(134,188,-382)
(93,183,-383)
(62,156,-370)
(32,136,-358)
(28,114,-356)
(32,94,-346)
(46,90,-350)
(59,121,-365)
(82,138,-380)
(92,176,-384)
(104,190,-388)
(104,192,-380)
(92,180,-378)
(64,166,-372)
(31,143,-353)
(-6,114,-318)
(-15,83,-281)
(-13,53,-255)
(19,19,-273)
(55,17,-313)
(105,45,-351)
(129,77,-383)
(132,112,-386)
(126,142,-394)
(112,154,-392)
(86,148,-382)
(54,136,-374)
(26,122,-350)
(-13,101,-313)
(-25,75,-275)
(-31,33,-213)
(-8,0,-172)
(16,-22,-150)
(56,-46,-164)
(86,-54,-208)
(94,-38,-260)
(87,-11,-303)
(66,26,-336)
(47,57,-351)
(35,67,-345)
(4,66,-310)
(-26,68,-294)
(-39,71,-243)
(-43,41,-177)
(1,-7,-147)
(52,-34,-128)
(70,-48,-118)
(83,-47,-153)
(88,-54,-190)
(38,-32,-238)
(-11,29,-247)
(-40,46,-230)
(-67,69,-179)
(-67,89,-127)
(-55,115,-87)
(-30,128,-40)
(3,107,-3)
(29,79,15)
(41,37,-5)
(58,2,-32)
(59,-25,-57)
(49,-21,-111)
(9,-21,-133)
(-13,-5,-141)
(-24,12,-136)
(-44,56,-104)
(-60,104,-84)
(-44,140,-54)
(-43,151,-43)
(-5,169,-3)
(12,140,12)
(48,126,36)
(93,105,47)
(123,65,35)
(170,12,4)
(199,-27,-53)
(197,-35,-57)
(171,-49,-95)
(142,-56,-112)
(112,-50,-126)
(75,-45,-107)
(35,-31,-89)
(21,-5,-53)
(24,30,-24)
(36,64,20)
(54,94,38)
(107,125,53)
(152,148,56)
(176,158,52)
(184,144,44)
(191,119,45)
(195,63,25)
(180,24,8)
(134,4,-10)
(69,1,-27)
(64,24,0)
(72,42,20)
(111,69,43)
(150,112,40)
(160,136,50)
(168,154,52)
(164,162,46)
(158,156,46)
(150,136,52)
(128,76,24)
(105,31,3)
(78,-8,-28)
(46,2,-44)
(32,20,-16)
(39,57,13)
(44,112,30)
(67,143,41)
(78,178,50)
(107,223,49)
(100,258,28)
(81,247,11)
(63,245,5)
(43,223,-1)
(25,179,-3)
(12,138,0)
(-3,121,-3)
(-8,134,-4)
(19,165,7)
(43,193,29)
(76,222,36)
(98,252,28)
(127,285,15)
(138,300,0)
(162,336,-36)
(133,359,-75)
(104,360,-96)
(70,352,-112)
(44,336,-114)
(23,329,-117)
(-13,279,-95)
(-21,231,-75)
(-23,203,-51)
(4,222,-32)
(29,259,-11)
(80,284,4)
(117,301,-3)
(149,315,-7)
(163,337,-43)
(174,360,-80)
(174,374,-114)
(140,386,-140)
(100,366,-150)
(60,356,-144)
(27,341,-129)
(2,290,-106)
(-5,281,-77)
(15,295,-59)
(54,316,-38)
(94,334,-40)
(139,347,-51)
(161,359,-69)
(181,371,-105)
(185,387,-135)
(166,384,-164)
(129,393,-179)
(81,375,-185)
(42,352,-192)
(5,327,-167)
(0,300,-142)
(3,305,-123)
(42,340,-104)
(64,344,-82)
(114,358,-78)
(151,371,-105)
(169,383,-155)
(182,386,-190)
(177,383,-209)
(153,385,-241)
(132,370,-256)
(107,371,-249)
(53,353,-221)
(47,341,-169)
(106,368,-116)
(178,372,-116)
(232,372,-138)
(246,368,-174)
(252,364,-192)
(233,375,-227)
(198,380,-236)
(133,375,-233)
(87,377,-187)
(56,336,-132)
(64,324,-76)
(129,339,-43)
(177,339,-41)
(206,348,-72)
(216,370,-120)
(189,385,-173)
(153,379,-165)
(104,366,-122)
(81,341,-71)
(76,290,-28)
(90,268,4)
(136,272,18)
(175,273,17)
(197,293,-1)
(184,328,-30)
(154,340,-52)
(121,317,-31)
(106,274,2)
(94,226,24)
(104,204,42)
(106,198,48)
(130,218,56)
(173,269,27)
(180,304,-14)
(156,334,-38)
(126,324,-36)
(83,305,-13)
(57,243,3)
(45,203,19)
(61,187,39)
(75,195,51)
(114,206,52)
(163,253,41)
(165,289,11)
(146,308,0)
(108,290,-4)
(78,252,14)
(73,201,35)
(60,146,40)
(61,123,39)
(50,104,32)
(72,116,40)
(89,163,53)
(120,232,42)
(117,237,35)
(91,245,29)
(75,209,27)
(53,159,37)
(66,110,32)
(50,68,12)
(42,50,6)
(38,58,8)
(45,67,23)
(66,104,32)
(70,146,40)
(84,154,44)
(78,108,32)
(85,73,27)
(90,26,8)
(81,1,-15)
(50,-4,-42)
(43,-9,-51)
(35,1,-45)
(25,17,-39)
(24,94,4)
(33,125,21)
(32,118,30)
(59,83,31)
(83,41,9)
(92,0,-18)
(118,-26,-46)
(151,-51,-87)
(144,-64,-90)
(176,-68,-154)
(200,-62,-158)
(226,-60,-190)
(257,-45,-225)
(258,-40,-236)
(300,-6,-266)
(322,18,-278)
(333,33,-301)
(320,50,-298)
(335,51,-301)
(340,58,-312)
(331,49,-299)
(323,33,-295)
(315,5,-275)
(284,-30,-252)
(260,-50,-224)
(216,-70,-180)
(169,-69,-151)
(120,-64,-106)
(78,-46,-66)
(52,-14,-54)
(16,22,-34)
(-12,70,-30)
(-33,119,-47)
(-48,174,-56)
(-44,218,-80)
(-34,272,-102)
(0,310,-116)
(40,350,-126)
(64,362,-136)
(110,380,-160)
(140,380,-164)
(184,396,-190)
(215,385,-199)
(241,365,-217)
(273,351,-241)
(283,329,-255)
(296,314,-266)
(300,304,-280)
(307,299,-301)
(300,292,-286)
(290,314,-294)
(259,327,-287)
(223,349,-275)
(203,375,-253)
(185,383,-221)
(143,383,-211)
(119,385,-183)
(93,361,-147)
(73,329,-83)
(79,317,-55)
(77,285,-19)
(90,260,-2)
(104,242,12)
(133,213,41)
(150,200,44)
(179,165,45)
(208,156,40)
(229,133,31)
(249,121,31)
(271,115,15)
(299,123,-11)
(324,138,-32)
(352,146,-60)
(358,152,-94)
(377,155,-157)
(367,151,-177)
(375,151,-259)
(363,137,-289)
(344,126,-312)
(325,115,-331)
(306,122,-352)
(292,114,-364)
(279,125,-373)
(269,123,-383)
(272,124,-372)
(282,124,-374)
(299,103,-361)
(311,69,-329)
(322,54,-282)
(328,42,-232)
(330,24,-186)
(319,37,-123)
(295,31,-71)
(265,27,-31)
(242,58,4)
(221,81,29)
(199,125,49)
(178,170,52)
(166,212,44)
(156,248,32)
(136,274,12)
(91,303,-23)
(46,306,-54)
(4,304,-96)
(-23,257,-121)
(-60,214,-150)
(-54,168,-140)
(-61,137,-131)
(-54,110,-110)
(-47,119,-91)
(-33,159,-75)
(-18,212,-46)
(18,252,-36)
(44,306,-48)
(66,332,-70)
(80,350,-98)
(58,352,-138)
(44,346,-148)
(9,323,-157)
(-20,286,-150)
(-37,241,-137)
(-59,195,-123)
(-59,175,-99)
(-44,162,-88)
(-41,185,-77)
(-17,219,-55)
(-4,258,-56)
(20,296,-70)
(48,330,-98)
(46,338,-122)
(26,332,-148)
(-2,316,-142)
(1,301,-141)
(-34,272,-126)
(-6,308,-122)
(14,326,-128)
(46,338,-124)
(75,347,-103)
(93,351,-103)
(100,368,-124)
(100,368,-146)
(100,374,-166)
(103,371,-173)
(97,363,-169)
(104,376,-190)
(121,381,-211)
(127,377,-225)
(147,377,-229)
(146,374,-238)
(146,374,-232)
(148,374,-230)
(150,380,-218)
(153,381,-233)
(147,379,-243)
(140,362,-254)
(145,371,-255)
(144,376,-222)
(154,378,-196)
(154,374,-162)
(163,377,-147)
(174,370,-118)
(191,357,-89)
(190,344,-68)
(207,331,-59)
(210,324,-36)
(226,292,-22)
(228,266,4)
(222,210,24)
(228,160,32)
(229,101,29)
(232,36,12)
(207,-3,-35)
(204,-34,-70)
(192,-50,-100)
(176,-54,-128)
(173,-61,-147)
(177,-63,-185)
(174,-60,-216)
(189,-55,-239)
(188,-42,-278)
(178,-40,-294)
(188,-30,-306)
(192,-34,-312)
(203,-31,-305)
(211,-35,-311)
(219,-29,-313)
(214,-30,-314)
(222,-36,-308)
(222,-30,-314)
(233,-31,-315)
(230,-32,-312)
(229,-31,-305)
(223,-29,-307)
(224,-30,-312)
(222,-32,-306)
(205,-23,-311)
(211,-13,-323)
(210,-22,-332)
(208,-22,-324)
(204,-30,-324)
(183,-29,-311)
(162,-34,-310)
(151,-47,-297)
(144,-46,-278)
(124,-60,-258)
(113,-57,-259)
(103,-61,-243)
(93,-53,-221)
(85,-55,-209)
(80,-58,-190)
(54,-52,-174)
(47,-55,-141)
(50,-46,-122)
(43,-33,-93)
(33,-17,-73)
(27,-15,-75)
(33,-5,-61)
(24,10,-56)
(20,22,-32)
(26,42,-16)
(53,59,3)
(57,63,19)
(63,77,25)
(62,90,28)
(73,99,31)
(85,105,41)
(88,108,50)
(114,128,44)
(123,131,51)
(129,149,53)
(146,146,46)
(156,154,48)
(180,160,50)
(185,167,43)
(197,179,43)
(208,182,38)
(215,199,39)
(222,198,24)
(234,212,26)
(237,211,21)
(231,205,9)
(238,210,6)
(250,224,10)
(259,237,-5)
(275,241,-19)
(295,253,-41)
(313,281,-89)
(313,293,-115)
(289,317,-157)
(271,341,-179)
(236,354,-186)
(225,365,-203)
(203,365,-209)
(201,373,-213)
(198,362,-216)
(196,366,-216)
(181,365,-225)
(168,374,-242)
(156,368,-262)
(139,355,-277)
(110,342,-296)
(111,343,-285)
(101,347,-287)
(99,329,-295)
(90,330,-292)
(81,327,-299)
(82,322,-304)
(68,320,-308)
(62,306,-296)
(56,308,-300)
(51,313,-301)
(44,302,-296)
(39,305,-299)
(46,308,-288)
(47,309,-291)
(49,299,-307)
(50,304,-296)
(56,316,-280)
(64,326,-276)
(67,323,-267)
(80,348,-260)
(98,356,-256)
(98,360,-224)
(103,371,-219)
(114,372,-210)
(125,373,-191)
(127,369,-163)
(130,366,-140)
(134,362,-132)
(135,371,-135)
(128,374,-136)
(139,375,-145)
(140,376,-160)
(133,371,-175)
(131,375,-191)
(125,373,-215)
(122,360,-240)
(101,355,-257)
(85,335,-277)
(69,323,-287)
(62,318,-304)
(59,307,-307)
(52,302,-314)
(52,310,-312)
(60,302,-314)
(58,302,-324)
(59,309,-309)
(53,309,-307)
(50,308,-306)
(54,316,-304)
(52,312,-312)
(54,308,-310)
(50,312,-294)
(47,323,-287)
(68,334,-276)
(92,356,-254)
(104,368,-230)
(139,373,-221)
(156,378,-184)
(174,372,-140)
(182,358,-102)
(200,334,-62)
(205,313,-37)
(230,286,-4)
(241,249,15)
(249,215,17)
(259,179,27)
(264,152,22)
(269,113,17)
(270,88,2)
(276,48,-18)
(260,16,-38)
(255,-13,-75)
(242,-26,-100)
(235,-47,-139)
(233,-49,-169)
(227,-53,-201)
(244,-46,-236)
(240,-36,-262)
(233,-41,-275)
(217,-25,-295)
(183,-19,-325)
(180,-8,-330)
(176,-2,-338)
(185,3,-343)
(193,7,-357)
(192,14,-362)
(206,24,-370)
(226,28,-374)
(228,40,-366)
(227,45,-377)
(231,43,-373)
(234,50,-374)
(232,54,-380)
(251,61,-379)
(260,60,-376)
(258,68,-380)
(257,77,-385)
(266,80,-376)
(262,90,-376)
(275,83,-379)
(277,97,-367)
(283,95,-377)
(278,98,-362)
(261,71,-375)
(251,65,-375)
(221,45,-377)
(200,36,-370)
(174,14,-360)
(170,-10,-338)
(154,-26,-312)
(152,-46,-292)
(152,-46,-280)
(151,-55,-251)
(146,-58,-242)
(149,-65,-227)
(133,-69,-185)
(131,-71,-165)
(130,-60,-130)
(123,-63,-105)
(129,-47,-71)
(126,-36,-60)
(130,-22,-30)
(144,4,-8)
(167,31,11)
(183,55,31)
(201,97,29)
(216,130,30)
(218,156,30)
(246,184,18)
(248,218,16)
(254,248,0)
(268,284,-18)
(264,292,-40)
(274,310,-68)
(279,325,-91)
(287,333,-115)
(296,328,-144)
(312,318,-168)
(310,326,-186)
(297,319,-215)
(291,323,-241)
(290,314,-256)
(276,318,-278)
(267,303,-297)
(240,300,-318)
(226,290,-346)
(224,300,-354)
(201,277,-363)
(196,286,-362)
(185,285,-367)
(182,274,-374)
(190,274,-376)
(185,259,-381)
(198,248,-388)
(197,239,-385)
(196,240,-376)
(204,240,-390)
(199,217,-387)
(212,220,-392)
(192,238,-388)
(188,264,-372)
(196,278,-372)
(216,288,-350)
(229,305,-337)
(240,326,-322)
(232,326,-298)
(234,342,-278)
(244,354,-254)
(239,347,-255)
(260,336,-272)
(268,310,-302)
(240,302,-328)
(204,316,-322)
(178,340,-312)
(193,367,-263)
(229,357,-227)
(270,346,-222)
(283,327,-247)
(270,318,-284)
(237,317,-321)
(214,296,-346)
(194,284,-362)
(193,265,-367)
(191,267,-375)
(195,261,-377)
(182,268,-368)
(181,285,-359)
(209,301,-341)
(232,300,-330)
(241,283,-347)
(243,265,-353)
(234,258,-360)
(222,256,-368)
(195,271,-369)
(169,291,-357)
(165,323,-335)
(173,339,-311)
(204,356,-286)
(241,349,-259)
(262,326,-270)
(276,320,-280)
(283,293,-297)
(289,285,-315)
(270,280,-324)
(248,288,-320)
(230,314,-328)
(204,330,-312)
(186,342,-292)
(212,354,-268)
(227,347,-255)
(254,344,-256)
(282,322,-260)
(284,314,-272)
(286,300,-288)
(274,292,-308)
(263,299,-305)
(229,323,-309)
(204,340,-282)
(201,361,-255)
(227,369,-211)
(231,357,-179)
(243,353,-149)
(257,351,-127)
(261,349,-113)
(256,334,-90)
(251,323,-55)
(237,311,-59)
(232,280,-24)
(217,255,15)
(202,222,28)
(205,209,35)
(183,169,43)
(180,128,40)
(169,95,41)
(152,64,28)
(145,51,21)
(132,58,32)
(147,119,49)
(188,164,38)
(203,199,37)
(207,223,25)
(185,207,43)
(163,155,45)
(137,69,33)
(115,43,31)
(91,63,35)
(117,107,43)
(136,148,50)
(141,165,49)
(133,151,49)
(115,121,43)
(93,49,21)
(94,4,-12)
(102,-20,-50)
(111,-45,-81)
(126,-56,-126)
(133,-65,-171)
(163,-59,-215)
(187,-45,-263)
(211,-39,-281)
(232,-20,-318)
(236,-14,-322)
(253,-15,-325)
(262,0,-322)
(266,14,-340)
(267,33,-349)
(268,34,-354)
(240,20,-340)
(202,-30,-304)
(174,-52,-272)
(178,-62,-232)
(222,-64,-232)
(240,-40,-228)
(274,-20,-270)
(280,30,-324)
(286,28,-324)
(285,53,-347)
(286,64,-354)
(298,64,-348)
(321,77,-331)
(337,109,-331)
(339,129,-327)
(344,152,-340)
(338,168,-336)
(327,187,-341)
(305,213,-337)
(284,234,-348)
(270,246,-362)
(257,239,-369)
(246,232,-376)
(234,228,-382)
(209,233,-383)
(200,224,-394)
(174,244,-394)
(165,245,-381)
(147,249,-395)
(130,256,-380)
(123,269,-377)
(126,272,-364)
(119,287,-367)
(119,281,-365)
(124,284,-374)
(103,297,-361)
(112,302,-372)
(105,315,-369)
(92,306,-360)
(62,270,-368)
(31,249,-353)
(20,206,-350)
(24,184,-352)
(21,155,-351)
(28,128,-348)
(25,141,-375)
(44,124,-374)
(39,105,-361)
(20,88,-330)
(27,65,-321)
(32,44,-322)
(82,36,-354)
(108,38,-364)
(126,34,-372)
(127,59,-375)
(148,58,-384)
(203,39,-371)
(221,35,-359)
(280,52,-346)
(294,54,-340)
(288,52,-334)
(253,39,-349)
(269,43,-343)
(310,78,-334)
(325,93,-333)
(293,63,-329)
(261,35,-331)
(267,31,-333)
(321,77,-323)
(333,83,-323)
(328,84,-326)
(306,62,-328)
(307,61,-329)
(332,96,-320)
(341,121,-319)
(346,130,-308)
(348,138,-302)
(349,141,-299)
(348,154,-292)
(354,174,-296)
(359,173,-299)
(355,147,-299)
(355,143,-305)
(336,106,-304)
(312,68,-308)
(277,15,-315)
(205,-13,-311)
(152,-46,-300)
(116,-42,-274)
(66,-48,-232)
(39,-37,-225)
(24,-28,-228)
(21,-9,-249)
(23,3,-279)
(40,12,-322)
(39,23,-325)
(53,33,-345)
(67,57,-365)
(74,90,-380)
(60,122,-388)
(50,158,-384)
(69,187,-391)
(75,199,-389)
(75,209,-375)
(89,215,-387)
(86,212,-374)
(86,186,-384)
(76,166,-388)
(74,114,-380)
(68,88,-368)
(63,53,-351)
(57,15,-329)
(57,-11,-303)
(53,-25,-267)
(35,-31,-251)
(32,-38,-214)
(34,-26,-196)
(18,-20,-180)
(16,-30,-186)
(24,-30,-206)
(49,-41,-249)
(49,-23,-285)
(54,-26,-282)
(71,-13,-315)
(88,10,-328)
(108,20,-350)
(123,23,-367)
(123,47,-371)
(105,87,-399)
(113,111,-405)
(108,126,-398)
(96,130,-402)
(85,131,-397)
(52,134,-388)
(26,132,-376)
(25,131,-363)
(9,143,-359)
(4,142,-352)
(-5,145,-339)
(-16,152,-334)
(-24,158,-316)
(-32,136,-304)
(-47,137,-267)
(-58,150,-244)
(-60,134,-216)
(-66,132,-208)
(-64,116,-212)
(-58,104,-192)
(-55,97,-197)
(-56,102,-208)
(-59,111,-207)
(-74,110,-208)
(-65,119,-215)
(-64,104,-218)
(-54,84,-200)
(-45,61,-201)
(-35,41,-239)
(-15,37,-289)
(8,34,-304)
(18,22,-318)
(32,26,-326)
(45,23,-319)
(70,22,-334)
(82,14,-344)
(94,12,-344)
(94,-2,-330)
(108,-6,-324)
(120,2,-342)
(126,8,-344)
(158,4,-348)
(169,13,-351)
(192,0,-344)
(199,-19,-311)
(165,-47,-267)
(127,-55,-245)
(84,-54,-216)
(46,-46,-200)
(15,-29,-181)
(0,-10,-160)
(-44,28,-160)
(-75,89,-159)
(-76,142,-162)
(-74,204,-172)
(-46,266,-148)
(-9,315,-135)
(29,355,-117)
(71,367,-103)
(126,366,-92)
(145,367,-87)
(206,352,-92)
(258,346,-90)
(261,337,-101)
(303,307,-87)
(326,286,-82)
(328,276,-84)
(347,221,-77)
(349,181,-81)
(351,139,-63)
(345,117,-73)
(336,104,-62)
(313,61,-65)
(301,39,-71)
(293,7,-75)
(283,-9,-97)
(288,0,-82)
(277,15,-71)
(279,29,-35)
(283,75,-17)
(295,105,1)
(298,138,-8)
(296,180,-6)
(282,206,-8)
(278,250,-12)
(257,279,-9)
(230,302,-20)
(193,319,-19)
(167,317,-7)
(144,268,32)
(141,237,47)
(158,192,40)
(148,160,54)
(172,138,50)
(190,158,52)
(214,178,44)
(221,211,31)
(214,220,42)
(220,264,10)
(198,294,-2)
(171,317,-21)
(147,311,-11)
(139,281,17)
(136,238,42)
(142,236,42)
(159,183,55)
(173,179,51)
(192,198,56)
(202,200,46)
(216,232,32)
(209,243,23)
(190,298,0)
(171,327,-23)
(122,334,-34)
(106,326,-24)
(72,286,-2)
(55,245,7)
(61,237,17)
(65,179,45)
(80,158,40)
(104,148,48)
(150,150,52)
(169,189,53)
(177,199,55)
(194,254,16)
(174,294,14)
(158,322,-14)
(120,328,-24)
(96,310,-22)
(71,283,-11)
(50,252,8)
(50,186,24)
(74,164,42)
(99,159,55)
(145,165,51)
(152,190,54)
(177,221,41)
(175,245,43)
(183,297,7)
(156,316,-16)
(115,343,-39)
(66,324,-38)
(24,298,-44)
(-8,268,-66)
(-41,233,-81)
(-61,167,-85)
(-46,98,-64)
(-16,28,-68)
(32,-16,-82)
(31,-29,-93)
(64,-52,-148)
(100,-62,-208)
(124,-48,-276)
(138,-18,-330)
(154,2,-356)
(162,58,-398)
(160,90,-402)
(173,125,-417)
(184,160,-412)
(221,173,-403)
(242,170,-404)
(292,150,-364)
(304,112,-330)
(290,42,-328)
(267,29,-309)
(201,-33,-291)
(141,-49,-263)
(98,-50,-242)
(55,-45,-221)
(5,-21,-195)
(-39,29,-189)
(-61,77,-183)
(-71,111,-163)
(-75,151,-133)
(-63,169,-73)
(-27,187,-33)
(13,185,11)
(63,185,41)
(124,174,52)
(174,168,50)
(227,145,45)
(236,142,30)
(300,102,-8)
(321,109,-37)
(342,132,-48)
(327,189,-51)
(301,261,-47)
(261,299,-29)
(248,298,-16)
(194,260,18)
(153,179,49)
(120,108,44)
(114,56,36)
(104,52,18)
(115,47,33)
(148,72,34)
(186,112,44)
(206,156,56)
(196,212,42)
(177,259,29)
(162,260,30)
(113,253,23)
(85,201,37)
(81,185,43)
(79,109,43)
(66,70,20)
(62,48,8)
(59,31,7)
(56,36,0)
(16,70,-10)
(-28,176,-18)
(6,210,-12)
(14,254,-28)
(12,258,-38)
(3,271,-57)
(13,291,-53)
(13,291,-49)
(112,348,-60)
(140,360,-88)
(146,368,-106)
(190,376,-136)
(211,365,-135)
(242,352,-94)
(248,310,-42)
(254,292,-26)
(228,246,14)
(229,245,15)
(188,192,36)
(170,166,46)
(117,147,41)
(110,136,48)
(81,125,39)
(81,131,33)
(87,149,35)
(80,146,42)
