(-93,-97,-27)
(-87,-101,-21)
(-87,-105,-19)
(-84,-106,-16)
(-89,-105,-17)
(-93,-107,-21)
(-86,-104,-18)
(-96,-104,-30)
(-90,-102,-22)
(-81,-103,-23)
(-91,-97,-11)
(-90,-106,-14)
(-83,-103,-21)
(-77,-93,-25)
(-77,-107,-21)
(-64,-104,-20)
(-49,-113,-27)
(-43,-121,-61)
(-52,-120,-84)
(-60,-126,-132)
(-96,-114,-144)
(-115,-119,-159)
(-150,-84,-166)
(-181,-67,-189)
(-211,-33,-207)
(-235,7,-199)
(-244,36,-194)
(-252,68,-198)
(-265,101,-183)
(-268,128,-184)
(-266,156,-160)
(-268,164,-132)
(-279,163,-111)
(-273,157,-69)
(-271,141,-37)
(-258,124,-4)
(-255,105,17)
(-242,70,36)
(-225,47,49)
(-207,21,55)
(-193,-15,47)
(-183,-33,19)
(-189,-65,-3)
(-187,-67,-33)
(-199,-69,-63)
(-213,-61,-99)
(-220,-50,-134)
(-238,-22,-152)
(-250,-6,-140)
(-261,17,-145)
(-254,34,-132)
(-264,38,-120)
(-270,52,-100)
(-269,55,-65)
(-254,36,-46)
(-249,1,-41)
(-231,-15,-29)
(-211,-41,-33)
(-183,-71,-31)
(-171,-83,-51)
(-163,-83,-75)
(-173,-87,-89)
(-186,-78,-100)
(-211,-53,-101)
(-223,-27,-105)
(-241,-11,-121)
(-248,6,-104)
(-257,9,-107)
(-255,9,-109)
(-260,20,-92)
(-260,20,-80)
(-257,21,-75)
(-257,35,-65)
(-250,38,-50)
(-264,36,-52)
(-260,36,-44)
(-248,26,-32)
(-248,8,-16)
(-223,-21,-19)
(-195,-45,-31)
(-196,-62,-68)
(-203,-57,-117)
(-196,-62,-138)
(-214,-46,-148)
(-231,-23,-159)
(-238,2,-160)
(-264,22,-160)
(-261,43,-135)
(-269,55,-113)
(-266,58,-92)
(-265,53,-69)
(-266,46,-38)
(-240,20,-6)
(-222,0,20)
(-202,-22,38)
(-178,-46,36)
(-150,-70,16)
(-133,-81,-1)
(-121,-97,-19)
(-110,-108,-58)
(-105,-113,-81)
(-100,-114,-112)
(-96,-122,-120)
(-112,-110,-118)
(-117,-103,-121)
(-142,-106,-118)
(-159,-109,-125)
(-171,-87,-127)
(-186,-80,-112)
(-201,-71,-87)
(-206,-58,-52)
(-214,-42,-30)
(-208,-26,-14)
(-214,-30,4)
(-198,-42,12)
(-170,-50,8)
(-157,-73,9)
(-142,-80,-14)
(-138,-96,-22)
(-127,-105,-43)
(-120,-98,-62)
(-129,-109,-73)
(-142,-104,-86)
(-145,-95,-85)
(-172,-80,-84)
(-190,-68,-82)
(-214,-48,-72)
(-229,-31,-65)
(-237,-3,-57)
(-249,7,-51)
(-247,11,-43)
(-241,11,-29)
(-225,-1,-3)
(-205,-17,25)
(-174,-46,24)
(-150,-64,30)
(-119,-77,19)
(-101,-83,1)
(-82,-102,-22)
(-68,-108,-68)
(-67,-115,-93)
(-55,-121,-129)
(-55,-115,-167)
(-50,-108,-188)
(-39,-91,-221)
(-51,-87,-235)
(-46,-62,-260)
(-49,-53,-271)
(-47,-33,-283)
(-43,-5,-297)
(-35,-7,-299)
(-38,0,-304)
(-42,14,-294)
(-42,20,-302)
(-45,37,-301)
(-37,45,-305)
(-37,43,-301)
(-38,46,-304)
(-37,55,-301)
(-33,43,-307)
(-46,32,-292)
(-38,-12,-272)
(-33,-43,-275)
(-48,-84,-210)
(-66,-106,-184)
(-107,-115,-119)
(-136,-108,-80)
(-178,-86,-56)
(-208,-48,-36)
(-233,-11,-37)
(-262,24,-30)
(-268,42,-56)
(-273,73,-59)
(-279,85,-77)
(-278,106,-94)
(-281,123,-115)
(-282,142,-140)
(-263,153,-161)
(-254,166,-190)
(-230,174,-228)
(-205,185,-253)
(-184,188,-270)
(-142,224,-280)
(-123,225,-279)
(-85,235,-273)
(-70,252,-266)
(-35,265,-247)
(-19,279,-241)
(10,286,-224)
(38,292,-194)
(45,287,-185)
(52,286,-156)
(62,294,-122)
(64,290,-82)
(52,292,-42)
(49,285,-3)
(53,271,23)
(63,241,37)
(70,226,56)
(69,197,65)
(64,170,84)
(59,139,97)
(47,123,107)
(21,95,115)
(8,74,114)
(-14,48,114)
(-32,14,100)
(-44,-4,92)
(-67,-27,77)
(-72,-50,60)
(-94,-72,28)
(-100,-80,14)
(-103,-95,-13)
(-97,-101,-29)
(-105,-105,-51)
(-99,-111,-69)
(-91,-107,-85)
(-83,-103,-115)
(-74,-106,-142)
(-76,-106,-158)
(-69,-99,-173)
(-70,-106,-166)
(-85,-109,-159)
(-80,-110,-144)
(-90,-104,-108)
(-104,-102,-60)
(-111,-105,-31)
(-110,-88,-4)
(-119,-77,25)
(-114,-46,56)
(-118,-14,78)
(-107,21,97)
(-104,52,118)
(-97,87,121)
(-90,120,122)
(-90,150,124)
(-83,179,115)
(-85,207,111)
(-59,223,91)
(-61,253,77)
(-52,268,52)
(-43,289,31)
(-39,285,5)
(-34,306,-12)
(-18,312,-44)
(-23,317,-61)
(-9,313,-91)
(10,316,-106)
(14,308,-120)
(18,298,-138)
(19,297,-159)
(28,282,-164)
(41,265,-185)
(35,257,-193)
(55,235,-199)
(54,236,-212)
(53,223,-211)
(53,221,-219)
(60,214,-216)
(53,233,-219)
(48,236,-206)
(36,252,-194)
(35,271,-177)
(29,275,-173)
(14,290,-154)
(1,299,-139)
(-5,309,-115)
(-19,311,-83)
(-26,314,-52)
(-42,300,-12)
(-47,283,21)
(-50,262,50)
(-68,232,88)
(-66,208,82)
(-67,183,113)
(-68,156,120)
(-73,147,117)
(-80,122,126)
(-78,90,126)
(-79,59,125)
(-86,44,114)
(-80,14,98)
(-79,-9,83)
(-68,-36,72)
(-55,-57,45)
(-44,-72,16)
(-50,-86,-4)
(-34,-98,-36)
(-40,-104,-76)
(-37,-99,-117)
(-34,-98,-156)
(-17,-83,-177)
(-5,-79,-195)
(-1,-55,-211)
(9,-33,-233)
(12,-24,-248)
(15,-21,-259)
(16,-6,-268)
(10,-14,-254)
(1,-13,-265)
(-6,-10,-258)
(4,-20,-240)
(-7,-57,-205)
(-18,-86,-154)
(-45,-105,-117)
(-81,-99,-83)
(-107,-97,-31)
(-131,-59,19)
(-158,-12,46)
(-188,34,54)
(-200,68,54)
(-220,118,44)
(-228,138,36)
(-229,187,15)
(-234,206,-8)
(-226,226,-34)
(-211,257,-61)
(-193,275,-89)
(-166,290,-116)
(-138,300,-144)
(-111,307,-169)
(-84,302,-182)
(-62,294,-196)
(-34,286,-210)
(-18,264,-224)
(-13,261,-231)
(-1,243,-237)
(15,231,-237)
(17,227,-237)
(26,222,-238)
(23,225,-247)
(20,230,-246)
(4,242,-240)
(-21,265,-231)
(-49,275,-217)
(-66,290,-196)
(-103,293,-185)
(-123,291,-179)
(-151,285,-157)
(-175,279,-135)
(-204,266,-96)
(-219,241,-63)
(-208,240,-32)
(-208,240,-36)
(-186,264,-48)
(-175,281,-75)
(-166,296,-114)
(-158,286,-140)
(-167,289,-167)
(-191,263,-163)
(-199,255,-159)
(-223,233,-129)
(-241,219,-111)
(-255,203,-77)
(-252,188,-46)
(-249,189,-33)
(-239,209,-35)
(-226,222,-34)
(-207,257,-51)
(-179,277,-93)
(-155,287,-121)
(-151,291,-161)
(-153,271,-183)
(-182,250,-182)
(-200,242,-174)
(-227,223,-139)
(-239,213,-109)
(-247,207,-73)
(-241,203,-33)
(-241,203,-19)
(-225,229,-35)
(-210,264,-54)
(-181,279,-83)
(-160,282,-120)
(-160,284,-148)
(-178,278,-166)
(-192,260,-154)
(-213,251,-129)
(-237,231,-93)
(-250,210,-58)
(-246,198,-30)
(-236,198,-4)
(-246,194,6)
(-228,214,0)
(-215,237,-17)
(-204,264,-52)
(-184,286,-84)
(-163,293,-111)
(-174,294,-130)
(-171,279,-117)
(-195,267,-79)
(-209,261,-31)
(-201,227,11)
(-208,210,42)
(-208,172,56)
(-207,171,49)
(-205,169,47)
(-201,193,31)
(-211,217,7)
(-202,244,-24)
(-197,261,-47)
(-200,258,-50)
(-217,241,-51)
(-222,236,-30)
(-223,205,-1)
(-221,179,31)
(-199,151,53)
(-198,128,74)
(-186,116,88)
(-187,127,73)
(-198,138,72)
(-208,160,62)
(-206,184,38)
(-213,211,15)
(-215,231,-9)
(-202,240,-22)
(-213,235,-17)
(-223,223,-11)
(-219,191,19)
(-214,168,46)
(-199,139,69)
(-194,134,74)
(-187,99,85)
(-180,84,80)
(-184,70,78)
(-199,75,67)
(-205,99,67)
(-225,139,31)
(-247,161,-7)
(-249,181,-21)
(-251,185,-39)
(-242,176,-32)
(-242,160,-16)
(-237,141,5)
(-232,126,22)
(-205,101,53)
(-196,78,64)
(-173,53,83)
(-178,38,84)
(-179,21,73)
(-196,38,60)
(-220,52,38)
(-231,67,27)
(-238,92,12)
(-247,111,3)
(-244,100,22)
(-241,109,23)
(-237,83,29)
(-205,57,49)
(-175,31,63)
(-168,12,70)
(-141,-19,61)
(-134,-46,48)
(-134,-60,24)
(-149,-57,-3)
(-172,-58,-2)
(-201,-31,-13)
(-217,-23,-23)
(-234,8,-24)
(-242,26,-32)
(-252,48,-24)
(-250,44,-8)
(-238,44,14)
(-209,17,29)
(-186,-6,46)
(-160,-28,42)
(-152,-48,28)
(-152,-54,8)
(-171,-59,-1)
(-190,-44,-18)
(-212,-26,-22)
(-224,-2,-24)
(-233,45,-11)
(-243,69,-7)
(-244,100,12)
(-238,140,-2)
(-234,188,-24)
(-231,215,-37)
(-225,211,-39)
(-228,220,-56)
(-242,194,-48)
(-234,170,-24)
(-234,148,-4)
(-243,113,13)
(-237,87,13)
(-226,72,30)
(-210,26,48)
(-179,7,51)
(-161,-25,55)
(-142,-46,30)
(-123,-67,15)
(-125,-91,-13)
(-102,-98,-36)
(-95,-105,-57)
(-92,-106,-72)
(-87,-103,-89)
(-70,-108,-120)
(-65,-103,-151)
(-49,-97,-179)
(-48,-88,-210)
(-39,-71,-233)
(-44,-52,-252)
(-38,-40,-252)
(-33,-27,-257)
(-30,-18,-268)
(-50,-16,-262)
(-43,-1,-273)
(-43,-5,-279)
(-32,-14,-272)
(-30,-14,-260)
(-18,-28,-248)
(-12,-28,-238)
(-6,-34,-228)
(3,-39,-223)
(-1,-37,-225)
(-14,-30,-228)
(-11,-31,-231)
(-27,-51,-231)
(-32,-44,-230)
(-38,-58,-220)
(-59,-69,-207)
(-71,-71,-201)
(-93,-75,-171)
(-116,-92,-146)
(-132,-92,-120)
(-136,-92,-84)
(-137,-81,-53)
(-144,-84,-22)
(-136,-74,2)
(-126,-58,38)
(-110,-44,54)
(-95,-11,83)
(-80,12,104)
(-54,42,110)
(-23,61,113)
(5,83,117)
(27,127,111)
(42,138,102)
(67,169,75)
(71,177,69)
(88,206,46)
(96,214,6)
(94,228,-14)
(95,241,-37)
(83,263,-73)
(80,260,-104)
(64,270,-138)
(49,281,-151)
(38,270,-176)
(23,259,-201)
(18,248,-228)
(22,240,-232)
(36,228,-234)
(53,191,-243)
(55,189,-245)
(75,181,-239)
(74,180,-232)
(72,174,-236)
(71,181,-235)
(60,186,-250)
(42,188,-262)
(27,193,-267)
(9,191,-279)
(-6,194,-286)
(-33,201,-289)
(-58,198,-286)
(-79,195,-291)
(-100,194,-280)
(-125,187,-283)
(-156,174,-270)
(-179,167,-269)
(-200,144,-244)
(-213,119,-241)
(-232,98,-218)
(-229,63,-201)
(-223,31,-183)
(-229,-3,-169)
(-214,-30,-162)
(-190,-44,-144)
(-159,-73,-147)
(-127,-85,-149)
(-91,-95,-133)
(-61,-103,-137)
(-39,-95,-143)
(-20,-92,-154)
(-18,-92,-178)
(-18,-76,-188)
(-24,-56,-214)
(-40,-52,-226)
(-66,-48,-212)
(-97,-55,-211)
(-118,-44,-216)
(-128,-32,-218)
(-135,-25,-225)
(-147,-37,-195)
(-158,-42,-188)
(-176,-40,-178)
(-189,-23,-181)
(-205,-7,-173)
(-221,5,-171)
(-232,16,-160)
(-250,44,-154)
(-264,68,-162)
(-252,98,-158)
(-252,124,-172)
(-241,159,-179)
(-234,172,-186)
(-213,193,-201)
(-201,215,-207)
(-171,235,-217)
(-143,245,-223)
(-110,256,-236)
(-77,263,-219)
(-40,266,-228)
(-2,266,-216)
(28,254,-200)
(49,259,-179)
(61,269,-155)
(72,260,-108)
(84,250,-78)
(98,238,-42)
(110,206,-16)
(121,181,-1)
(118,170,8)
(110,168,6)
(112,172,18)
(101,181,25)
(83,187,41)
(78,190,52)
(46,170,78)
(22,160,100)
(-10,138,110)
(-17,117,121)
(-49,83,119)
(-57,63,113)
(-71,31,97)
(-86,14,92)
(-105,-23,77)
(-108,-38,52)
(-128,-54,38)
(-129,-65,11)
(-134,-78,-14)
(-134,-92,-26)
(-138,-88,-46)
(-142,-88,-60)
(-144,-98,-70)
(-146,-92,-78)
(-153,-89,-89)
(-148,-86,-100)
(-173,-79,-105)
(-185,-67,-113)
(-190,-64,-132)
(-202,-46,-122)
(-220,-28,-144)
(-232,-8,-146)
(-244,8,-144)
(-249,29,-151)
(-250,48,-158)
(-242,66,-168)
(-257,85,-181)
(-241,107,-193)
(-242,122,-212)
(-227,137,-227)
(-213,141,-235)
(-197,171,-241)
(-187,173,-253)
(-166,188,-262)
(-155,185,-273)
(-134,200,-264)
(-115,223,-263)
(-105,237,-261)
(-93,251,-255)
(-69,269,-227)
(-54,282,-208)
(-35,301,-181)
(-16,304,-146)
(-6,308,-126)
(13,303,-101)
(26,300,-76)
(36,300,-66)
(51,279,-45)
(66,272,-34)
(69,261,-15)
(76,242,-12)
(84,234,12)
(92,218,22)
(93,209,25)
(78,194,40)
(63,183,59)
(56,174,74)
(31,169,95)
(6,158,106)
(-11,135,117)
(-54,102,126)
(-75,81,121)
(-108,56,110)
(-132,30,98)
(-151,11,81)
(-159,-11,57)
(-158,-24,40)
(-165,-29,29)
(-169,-53,7)
(-173,-61,-9)
(-162,-70,-12)
(-162,-82,-24)
(-151,-83,-39)
(-155,-93,-47)
(-145,-87,-65)
(-153,-99,-71)
(-142,-98,-78)
(-143,-101,-81)
(-141,-93,-81)
(-159,-97,-77)
(-157,-83,-75)
(-172,-62,-78)
(-200,-50,-88)
(-225,-39,-93)
(-235,-11,-97)
(-241,13,-105)
(-270,40,-104)
(-264,58,-128)
(-267,89,-145)
(-259,111,-169)
(-250,138,-192)
(-225,153,-231)
(-207,175,-237)
(-196,188,-250)
(-163,213,-253)
(-164,224,-244)
(-139,245,-235)
(-113,281,-219)
(-89,291,-185)
(-67,315,-159)
(-61,311,-127)
(-49,311,-113)
(-38,312,-76)
(-33,297,-35)
(-34,298,-10)
(-29,287,29)
(-34,270,44)
(-23,239,75)
(-42,216,96)
(-34,192,104)
(-55,159,111)
(-77,151,123)
(-111,125,123)
(-138,90,102)
(-155,49,79)
(-181,13,73)
(-181,-1,43)
(-179,-19,21)
(-176,-32,10)
(-184,-54,-16)
(-177,-59,-29)
(-175,-75,-53)
(-167,-75,-59)
(-146,-90,-74)
(-134,-104,-98)
(-126,-102,-114)
(-110,-108,-112)
(-107,-107,-115)
(-116,-108,-114)
(-120,-98,-122)
(-130,-94,-116)
(-159,-91,-117)
(-186,-78,-88)
(-201,-51,-71)
(-218,-32,-42)
(-224,-8,-12)
(-226,8,-4)
(-224,28,16)
(-216,46,42)
(-209,67,57)
(-192,92,70)
(-171,121,81)
(-146,150,86)
(-139,163,91)
(-108,204,82)
(-99,215,85)
(-74,234,74)
(-59,259,57)
(-55,279,27)
(-59,299,-1)
(-78,304,-34)
(-109,301,-65)
(-151,297,-89)
(-190,270,-100)
(-189,263,-97)
(-231,229,-103)
(-250,198,-100)
(-260,162,-94)
(-265,123,-97)
(-271,79,-87)
(-252,40,-86)
(-244,12,-64)
(-235,-13,-61)
(-225,-31,-45)
(-196,-42,-50)
(-185,-65,-49)
(-172,-78,-64)
(-159,-87,-95)
(-157,-89,-101)
(-144,-88,-112)
(-139,-91,-129)
(-143,-83,-131)
(-130,-90,-142)
(-122,-86,-162)
(-114,-84,-178)
(-118,-80,-194)
(-97,-83,-205)
(-93,-87,-211)
(-91,-75,-231)
(-82,-66,-236)
(-78,-66,-236)
(-81,-63,-233)
(-80,-60,-230)
(-83,-65,-219)
(-83,-79,-211)
(-95,-87,-185)
(-107,-93,-161)
(-126,-98,-130)
(-154,-82,-132)
(-163,-87,-129)
(-173,-75,-127)
(-183,-75,-123)
(-205,-55,-107)
(-213,-39,-117)
(-219,-37,-119)
(-222,-32,-112)
(-234,-22,-112)
(-229,-11,-103)
(-243,1,-109)
(-246,16,-102)
(-240,18,-98)
(-252,12,-102)
(-241,9,-103)
(-237,-7,-107)
(-227,-21,-95)
(-223,-31,-99)
(-208,-34,-110)
(-201,-43,-105)
(-186,-64,-112)
(-171,-75,-133)
(-170,-86,-150)
(-161,-79,-165)
(-142,-88,-180)
(-128,-84,-170)
(-115,-79,-215)
(-106,-74,-220)
(-103,-71,-225)
(-106,-72,-214)
(-101,-73,-203)
(-116,-76,-208)
(-115,-77,-183)
(-141,-79,-191)
(-157,-77,-167)
(-181,-57,-163)
(-196,-46,-138)
(-212,-42,-128)
(-226,-16,-106)
(-250,12,-102)
(-257,47,-95)
(-267,77,-77)
(-263,111,-99)
(-267,137,-99)
(-257,161,-113)
(-255,169,-119)
(-250,192,-134)
(-236,198,-150)
(-230,218,-168)
(-217,219,-175)
(-188,222,-200)
(-177,235,-207)
(-171,237,-209)
(-163,243,-215)
(-148,262,-204)
(-147,257,-193)
(-153,255,-197)
(-169,247,-181)
(-191,243,-169)
(-209,235,-151)
(-226,216,-126)
(-245,183,-111)
(-258,156,-104)
(-265,123,-87)
(-259,93,-91)
(-263,57,-81)
(-253,25,-85)
(-236,-2,-92)
(-213,-27,-99)
(-204,-44,-104)
(-188,-58,-104)
(-184,-70,-116)
(-165,-75,-121)
(-150,-88,-140)
(-157,-85,-127)
(-163,-81,-123)
(-175,-75,-115)
(-190,-60,-110)
(-208,-42,-106)
(-222,-16,-114)
(-241,7,-93)
(-257,33,-89)
(-258,50,-82)
(-261,85,-91)
(-268,98,-94)
(-259,115,-107)
(-265,129,-115)
(-254,152,-122)
(-262,174,-120)
(-259,163,-111)
(-251,183,-91)
(-251,175,-75)
(-243,183,-37)
(-224,178,4)
(-215,143,29)
(-204,120,56)
(-197,95,59)
(-198,76,54)
(-205,101,49)
(-209,109,47)
(-216,128,40)
(-226,170,16)
(-230,182,-6)
(-228,202,-28)
(-231,205,-43)
(-245,195,-43)
(-248,176,-48)
(-255,161,-45)
(-255,143,-33)
(-251,111,-11)
(-244,102,-4)
(-232,74,10)
(-221,63,21)
(-218,42,24)
(-216,50,26)
(-229,67,23)
(-230,92,6)
(-238,128,6)
(-244,142,-16)
(-232,184,-28)
(-242,186,-52)
(-249,187,-67)
(-242,188,-78)
(-259,177,-81)
(-259,151,-65)
(-266,126,-62)
(-267,103,-45)
(-254,88,-28)
(-244,62,-8)
(-248,54,-8)
(-231,47,-7)
(-241,33,-13)
(-239,15,-21)
(-234,8,-48)
(-245,15,-67)
(-249,15,-95)
(-251,39,-99)
(-261,53,-117)
(-268,74,-120)
(-267,69,-121)
(-265,83,-103)
(-268,84,-92)
(-274,92,-68)
(-261,93,-47)
(-259,79,-19)
(-238,62,2)
(-229,41,11)
(-227,35,-3)
(-236,20,-10)
(-242,28,-46)
(-254,42,-58)
(-264,58,-74)
(-262,84,-80)
(-270,114,-86)
(-263,125,-77)
(-265,153,-87)
(-262,154,-74)
(-260,160,-78)
(-253,159,-67)
(-263,147,-29)
(-253,123,-5)
(-240,96,8)
(-236,74,8)
(-242,72,12)
(-251,87,-3)
(-262,106,-24)
(-254,136,-46)
(-255,163,-57)
(-257,179,-75)
(-254,182,-78)
(-258,168,-90)
(-260,170,-106)
(-260,168,-122)
(-260,164,-134)
(-255,175,-135)
(-255,169,-145)
(-255,167,-149)
(-259,163,-149)
(-269,155,-151)
(-269,153,-143)
(-274,138,-138)
(-282,132,-108)
(-279,125,-91)
(-283,113,-79)
(-281,127,-83)
(-278,150,-104)
(-272,178,-142)
(-265,195,-173)
(-244,216,-200)
(-223,215,-231)
(-220,214,-252)
(-209,203,-267)
(-190,212,-276)
(-185,205,-273)
(-193,197,-295)
(-180,204,-286)
(-162,206,-302)
(-158,206,-294)
(-154,208,-298)
(-145,215,-299)
(-141,215,-293)
(-121,227,-295)
(-127,215,-299)
(-127,213,-305)
(-130,204,-304)
(-140,208,-296)
(-158,210,-288)
(-179,219,-277)
(-174,234,-274)
(-170,260,-258)
(-146,266,-260)
(-137,275,-253)
(-139,295,-237)
(-135,311,-219)
(-141,319,-191)
(-128,338,-130)
(-115,331,-85)
(-95,333,-29)
(-82,324,6)
(-49,295,53)
(-15,255,85)
(50,204,94)
(91,167,81)
(117,149,63)
(132,128,38)
(151,113,1)
(162,102,-38)
(164,90,-66)
(167,75,-89)
(153,51,-99)
(153,35,-105)
(150,26,-122)
(146,20,-140)
(142,18,-144)
(139,17,-135)
(136,6,-142)
(124,0,-134)
(133,-1,-119)
(116,-18,-96)
(116,-18,-70)
(115,-19,-31)
(93,-13,-17)
(94,-10,8)
(74,10,38)
(53,43,89)
(16,54,106)
(-15,87,131)
(-52,112,130)
(-84,142,132)
(-130,190,104)
(-164,218,66)
(-192,246,24)
(-213,257,-19)
(-225,279,-71)
(-198,286,-116)
(-189,297,-135)
(-158,310,-162)
(-114,318,-186)
(-72,318,-190)
(-34,318,-186)
(10,302,-166)
(50,290,-148)
(66,272,-122)
(76,262,-86)
(93,241,-39)
(93,213,11)
(78,176,46)
(68,168,56)
(55,143,85)
(21,149,99)
(27,125,95)
(11,83,93)
(12,56,94)
(-20,48,94)
(-39,15,93)
(-57,-9,81)
(-60,-12,72)
(-65,-33,69)
(-81,-35,57)
(-85,-41,41)
(-100,-66,18)
(-122,-76,2)
(-131,-75,-19)
(-140,-82,-48)
(-141,-87,-69)
(-145,-85,-77)
(-148,-84,-84)
(-148,-78,-110)
(-143,-81,-111)
(-142,-82,-98)
(-149,-77,-103)
(-140,-86,-96)
(-141,-79,-89)
(-158,-72,-74)
(-178,-50,-64)
(-184,-42,-82)
(-211,-15,-67)
(-221,-9,-65)
(-243,23,-61)
(-246,40,-70)
(-256,60,-80)
(-261,77,-93)
(-266,100,-104)
(-263,127,-115)
(-250,154,-120)
(-244,174,-136)
(-236,196,-146)
(-221,217,-151)
(-209,239,-141)
(-186,260,-134)
(-154,280,-116)
(-127,295,-93)
(-91,299,-73)
(-72,286,-54)
(-53,291,-25)
(-26,276,2)
(-16,256,30)
(-5,233,57)
(2,218,60)
(4,186,78)
(2,144,100)
(1,125,97)
(-1,101,95)
(-4,88,102)
(-3,69,93)
(4,50,88)
(-6,32,84)
(-18,22,82)
(-42,10,86)
(-55,-1,73)
(-77,-7,69)
(-90,-18,58)
(-116,-18,48)
(-138,-22,30)
(-157,-31,19)
(-171,-43,-5)
(-176,-44,-24)
(-183,-39,-35)
(-195,-35,-41)
(-203,-45,-61)
(-198,-42,-68)
(-200,-44,-78)
(-187,-47,-73)
(-209,-35,-71)
(-220,-22,-68)
(-228,-6,-70)
(-252,26,-80)
(-251,51,-83)
(-264,62,-88)
(-262,100,-96)
(-260,122,-100)
(-263,157,-105)
(-244,184,-108)
(-241,211,-115)
(-215,233,-109)
(-182,266,-116)
(-151,281,-111)
(-127,297,-99)
(-108,306,-78)
(-88,300,-56)
(-79,295,-41)
(-76,288,-30)
(-72,264,2)
(-70,256,34)
(-64,236,52)
(-69,211,79)
(-53,193,91)
(-60,166,92)
(-56,140,102)
(-60,128,106)
(-71,101,111)
(-79,87,105)
(-98,60,102)
(-111,33,91)
(-132,-2,70)
(-135,-43,29)
(-129,-63,-1)
(-117,-87,-23)
(-115,-87,-37)
(-108,-96,-68)
(-107,-101,-85)
(-95,-97,-101)
(-89,-101,-115)
(-98,-100,-126)
(-92,-98,-138)
(-118,-102,-116)
(-149,-79,-85)
(-169,-67,-73)
(-192,-54,-72)
(-213,-33,-77)
(-230,-20,-74)
(-232,8,-76)
(-251,17,-81)
(-255,55,-89)
(-270,92,-100)
(-270,118,-114)
(-261,143,-135)
(-260,170,-134)
(-238,196,-154)
(-217,233,-157)
(-198,258,-144)
(-174,274,-116)
(-136,298,-80)
(-118,300,-54)
(-84,292,-16)
(-79,277,5)
(-79,271,33)
(-69,245,61)
(-57,205,85)
(-58,180,90)
(-49,155,107)
(-52,126,108)
(-39,107,111)
(-49,83,105)
(-78,50,116)
(-94,32,96)
(-106,14,84)
(-106,-2,66)
(-117,-33,49)
(-132,-40,44)
(-138,-60,16)
(-152,-70,6)
(-148,-70,-6)
(-140,-90,-38)
(-150,-84,-52)
(-154,-80,-66)
(-163,-77,-95)
(-178,-62,-98)
(-190,-54,-110)
(-216,-42,-94)
(-229,-27,-99)
(-253,9,-85)
(-258,44,-94)
(-263,71,-99)
(-264,96,-104)
(-277,119,-117)
(-275,143,-141)
(-264,174,-148)
(-250,192,-164)
(-239,195,-183)
(-228,196,-200)
(-224,210,-212)
(-231,193,-215)
(-208,196,-226)
(-210,186,-236)
(-208,182,-254)
(-179,187,-269)
(-173,191,-273)
(-156,176,-278)
(-150,168,-278)
(-158,160,-282)
(-162,160,-272)
(-169,159,-275)
(-181,167,-261)
(-195,173,-251)
(-204,182,-244)
(-213,191,-227)
(-218,208,-216)
(-222,202,-220)
(-222,218,-212)
(-218,202,-214)
(-224,198,-196)
(-226,206,-200)
(-224,200,-204)
(-225,209,-191)
(-228,206,-192)
(-236,218,-162)
(-242,226,-134)
(-236,234,-124)
(-229,239,-127)
(-204,258,-156)
(-193,253,-193)
(-196,232,-210)
(-199,231,-211)
(-213,223,-205)
(-223,221,-175)
(-230,222,-160)
(-241,225,-123)
(-241,223,-111)
(-229,243,-111)
(-199,265,-157)
(-196,252,-180)
(-195,237,-203)
(-212,218,-200)
(-223,223,-193)
(-234,222,-162)
(-250,210,-110)
(-256,194,-82)
(-255,201,-75)
(-251,209,-73)
(-250,220,-82)
(-225,241,-129)
(-216,254,-166)
(-198,234,-198)
(-213,225,-195)
(-225,235,-169)
(-253,207,-97)
(-262,206,-78)
(-262,182,-42)
(-263,175,-35)
(-252,190,-38)
(-239,225,-81)
(-224,236,-112)
(-228,244,-116)
(-232,248,-102)
(-235,229,-65)
(-238,200,0)
(-234,162,38)
(-216,112,70)
(-194,78,74)
(-194,56,70)
(-204,48,56)
(-212,44,40)
(-233,53,7)
(-252,62,-28)
(-252,86,-28)
(-248,88,-2)
(-234,82,16)
(-232,94,36)
(-234,112,36)
(-220,154,48)
(-179,209,45)
(-179,223,39)
(-93,263,35)
(-40,292,14)
(5,301,-19)
(17,307,-91)
(17,299,-123)
(12,290,-174)
(-14,290,-184)
(-53,311,-173)
(-95,315,-129)
(-93,313,-77)
(-85,315,-59)
(-57,315,-27)
(-6,302,-24)
(27,301,-59)
(55,287,-101)
(56,278,-134)
(49,267,-163)
(29,265,-209)
(-31,269,-227)
(-74,286,-208)
(-101,291,-211)
(-151,289,-169)
(-136,304,-116)
(-102,312,-72)
(-62,322,-46)
(-13,309,-61)
(31,301,-93)
(52,284,-144)
(54,272,-190)
(14,266,-220)
(-22,280,-236)
(-73,289,-215)
(-133,297,-179)
(-161,299,-115)
(-154,298,-52)
(-122,286,12)
(-99,281,15)
(-64,296,-10)
(-32,302,-34)
(-39,303,-49)
(-61,311,-39)
(-94,290,-6)
(-127,273,25)
(-161,241,35)
(-193,209,37)
(-207,213,35)
(-197,211,29)
(-196,230,0)
(-181,259,-19)
(-181,259,-19)
(-192,246,-14)
(-201,219,7)
(-213,175,45)
(-212,130,48)
(-232,114,30)
(-245,99,13)
(-244,126,-22)
(-251,157,-33)
(-251,151,-25)
(-241,117,-7)
(-240,66,4)
(-227,33,-5)
(-218,-4,-22)
(-205,-35,-59)
(-193,-41,-81)
(-196,-36,-98)
(-209,-15,-127)
(-203,-19,-129)
(-198,-36,-112)
(-182,-44,-100)
(-170,-52,-110)
(-149,-79,-131)
(-131,-81,-159)
(-110,-68,-184)
(-99,-61,-195)
(-104,-46,-210)
(-99,-59,-203)
(-106,-60,-174)
(-107,-67,-173)
(-96,-78,-186)
(-91,-65,-207)
(-76,-50,-218)
(-69,-41,-235)
(-68,-36,-232)
(-77,-35,-207)
(-102,-64,-162)
(-130,-72,-120)
(-189,-45,-97)
(-243,35,-109)
(-260,68,-96)
(-260,154,-106)
(-255,177,-105)
(-208,244,-90)
(-168,276,-148)
(-135,259,-209)
(-109,249,-229)
(-72,258,-230)
(-37,287,-169)
(-39,307,-133)
(-55,309,-149)
(-65,291,-179)
(-52,272,-208)
(-18,244,-236)
(2,240,-232)
(56,230,-212)
(68,224,-192)
(86,230,-148)
(101,229,-123)
(91,229,-125)
(95,201,-135)
(111,197,-131)
(118,196,-92)
(122,204,-90)
(116,208,-80)
(109,205,-63)
(109,209,-39)
(110,196,-10)
(105,173,15)
(105,153,25)
(98,132,44)
(93,115,47)
(106,98,46)
(96,80,42)
(103,79,39)
(86,66,42)
(89,53,53)
(95,55,49)
(95,43,41)
(90,40,44)
(90,22,46)
(72,-4,38)
(60,-24,34)
(29,-33,41)
(17,-45,41)
(7,-61,31)
(-5,-69,33)
(-25,-67,19)
(-34,-68,18)
(-41,-79,11)
(-67,-79,5)
(-67,-83,1)
(-83,-85,-21)
(-74,-94,-30)
(-83,-95,-53)
(-90,-98,-68)
(-91,-93,-81)
(-78,-94,-92)
(-68,-98,-100)
(-76,-92,-112)
(-77,-101,-115)
(-56,-90,-120)
(-58,-96,-132)
(-56,-90,-122)
(-46,-90,-128)
(-54,-88,-124)
(-49,-91,-119)
(-45,-95,-121)
(-56,-90,-122)
(-66,-88,-118)
(-77,-93,-117)
(-82,-88,-112)
(-98,-96,-104)
(-102,-90,-100)
(-118,-94,-78)
(-127,-87,-53)
(-131,-79,-39)
(-141,-73,-15)
(-143,-51,19)
(-135,-19,49)
(-114,16,78)
(-110,50,100)
(-97,61,113)
(-94,104,114)
(-71,149,101)
(-62,182,94)
(-62,230,68)
(-64,266,20)
(-52,286,-12)
(-59,309,-55)
(-83,315,-97)
(-110,306,-132)
(-141,293,-131)
(-184,264,-126)
(-226,240,-100)
(-249,203,-79)
(-261,171,-65)
(-265,129,-49)
(-261,69,-37)
(-256,66,-32)
(-225,17,-7)
(-207,-23,5)
(-166,-44,4)
(-130,-62,14)
(-108,-64,-2)
(-85,-77,-17)
(-71,-93,-65)
(-63,-95,-97)
(-60,-92,-104)
(-68,-98,-134)
(-73,-87,-133)
(-70,-96,-136)
(-73,-89,-135)
(-73,-97,-113)
(-86,-102,-116)
(-96,-94,-86)
(-100,-92,-70)
(-112,-92,-38)
(-122,-84,-2)
(-131,-53,19)
(-155,15,57)
(-164,54,76)
(-164,64,82)
(-153,89,97)
(-141,127,91)
(-131,167,87)
(-127,207,67)
(-127,239,37)
(-138,246,26)
(-143,271,-9)
(-156,276,-50)
(-187,273,-69)
(-204,248,-74)
(-214,238,-60)
(-242,198,-42)
(-249,185,-43)
(-249,149,-37)
(-254,114,-30)
(-246,78,-2)
(-231,43,-7)
(-205,-15,-3)
(-183,-41,-25)
(-161,-73,-47)
(-140,-90,-64)
(-135,-83,-71)
(-138,-86,-104)
(-137,-99,-117)
(-131,-83,-133)
(-125,-85,-125)
(-138,-92,-128)
(-144,-82,-132)
(-153,-81,-111)
(-175,-81,-95)
(-185,-65,-79)
(-206,-46,-50)
(-208,-34,-42)
(-214,6,-12)
(-220,18,-2)
(-223,61,17)
(-220,76,36)
(-209,127,43)
(-206,130,48)
(-194,170,46)
(-188,172,42)
(-178,202,34)
(-166,208,30)
(-164,240,10)
(-155,253,3)
(-172,272,-32)
(-188,262,-52)
(-204,250,-74)
(-213,239,-65)
(-230,210,-72)
(-240,202,-66)
(-257,173,-61)
(-253,153,-49)
(-260,98,-34)
(-248,58,-20)
(-234,24,-10)
(-209,-9,5)
(-182,-40,8)
(-160,-48,2)
(-156,-52,-10)
(-140,-80,-34)
(-132,-80,-52)
(-125,-95,-97)
(-124,-98,-110)
(-125,-87,-137)
(-119,-85,-139)
(-116,-104,-156)
(-118,-94,-150)
(-111,-93,-163)
(-104,-90,-160)
(-90,-90,-186)
(-90,-92,-196)
(-95,-79,-203)
(-103,-83,-211)
(-101,-87,-197)
(-102,-92,-188)
(-101,-79,-181)
(-105,-79,-189)
(-113,-81,-173)
(-102,-84,-176)
(-115,-79,-187)
(-120,-78,-194)
(-125,-75,-191)
(-128,-74,-164)
(-139,-81,-151)
(-164,-70,-134)
(-179,-61,-101)
(-203,-33,-95)
(-213,-29,-81)
(-250,12,-70)
(-246,50,-64)
(-259,55,-57)
(-257,85,-61)
(-257,117,-67)
(-265,137,-67)
(-263,131,-65)
(-254,132,-60)
(-257,137,-57)
(-260,126,-50)
(-256,120,-46)
(-256,102,-38)
(-248,78,-18)
(-242,54,-12)
(-212,10,-2)
(-191,-39,-17)
(-177,-53,-33)
(-163,-73,-51)
(-148,-84,-90)
(-142,-94,-118)
(-139,-79,-127)
(-128,-78,-160)
(-130,-80,-172)
(-121,-69,-199)
(-126,-66,-192)
(-129,-69,-191)
(-117,-69,-195)
(-120,-70,-182)
(-120,-72,-182)
(-121,-75,-179)
(-118,-68,-184)
(-129,-61,-177)
(-120,-68,-190)
(-128,-74,-190)
(-123,-67,-179)
(-132,-66,-180)
(-129,-65,-169)
(-128,-74,-178)
(-124,-70,-172)
(-128,-70,-162)
(-133,-75,-167)
(-131,-69,-159)
(-138,-64,-142)
(-149,-71,-131)
(-161,-71,-135)
(-171,-67,-117)
(-202,-42,-88)
(-205,-33,-73)
(-232,2,-54)
(-248,28,-48)
(-246,38,-46)
(-258,78,-44)
(-259,79,-47)
(-264,112,-54)
(-257,131,-59)
(-253,123,-65)
(-259,123,-59)
(-264,110,-50)
(-265,101,-53)
(-248,102,-50)
(-249,77,-37)
(-253,65,-35)
(-243,35,-27)
(-236,18,-18)
(-214,-6,-30)
(-206,-34,-34)
(-171,-63,-51)
(-175,-67,-57)
(-153,-83,-105)
(-140,-82,-122)
(-123,-83,-159)
(-124,-92,-164)
(-111,-71,-195)
(-111,-69,-197)
(-110,-60,-204)
(-108,-68,-194)
(-113,-69,-191)
(-109,-73,-181)
(-111,-71,-167)
(-127,-79,-119)
(-133,-75,-129)
(-159,-67,-97)
(-177,-59,-89)
(-203,-33,-61)
(-230,-8,-58)
(-234,36,-44)
(-242,42,-32)
(-260,84,-22)
(-264,112,-28)
(-252,114,-24)
(-248,138,-16)
(-236,160,-10)
(-236,172,-4)
(-211,193,19)
(-187,203,37)
(-144,220,52)
(-107,231,69)
(-71,219,77)
(-62,226,84)
(-19,215,83)
(24,200,82)
(47,175,75)
(60,144,78)
(76,138,72)
(94,86,68)
(90,58,36)
(111,21,7)
(109,25,1)
(120,16,-16)
(124,32,-14)
(124,32,-14)
(135,59,-11)
(148,100,-38)
(154,120,-50)
(160,98,-52)
(158,92,-54)
(168,86,-62)
(165,71,-55)
(173,59,-67)
(165,39,-67)
(168,36,-68)
(137,-1,-55)
(110,-18,-20)
(89,-37,3)
(80,-36,-2)
(53,-65,19)
(36,-60,12)
(28,-64,18)
(-10,-62,36)
(-38,-70,30)
(-59,-71,21)
(-66,-80,20)
(-77,-83,3)
(-86,-82,-6)
(-91,-91,-17)
(-93,-91,-31)
(-85,-83,-35)
(-83,-89,-41)
(-82,-90,-60)
(-71,-91,-47)
(-69,-83,-49)
(-61,-91,-45)
(-58,-88,-50)
(-51,-81,-49)
(-55,-87,-49)
(-41,-81,-63)
(-43,-91,-89)
(-39,-107,-95)
(-29,-103,-109)
(-36,-92,-118)
(-44,-102,-126)
(-48,-88,-118)
(-42,-86,-124)
(-48,-94,-138)
(-55,-89,-153)
(-42,-88,-160)
(-56,-68,-182)
(-55,-81,-185)
(-60,-72,-200)
(-57,-67,-203)
(-60,-48,-222)
(-83,-43,-225)
(-71,-29,-241)
(-75,-31,-243)
(-79,-19,-247)
(-76,-10,-256)
(-66,2,-266)
(-68,12,-274)
(-62,34,-274)
(-71,51,-275)
(-68,58,-264)
(-85,63,-271)
(-78,76,-282)
(-75,87,-277)
(-80,98,-276)
(-80,100,-284)
(-93,105,-271)
(-89,119,-277)
(-94,114,-284)
(-95,107,-285)
(-86,106,-286)
(-93,103,-285)
(-86,102,-284)
(-96,102,-280)
(-92,104,-278)
(-100,106,-282)
(-92,108,-286)
(-93,103,-287)
(-101,105,-281)
(-91,99,-283)
(-92,94,-286)
(-89,81,-271)
(-84,94,-290)
(-91,83,-267)
(-88,82,-280)
(-99,75,-273)
(-91,63,-275)
(-86,54,-266)
(-80,28,-260)
(-76,-2,-248)
(-79,-21,-233)
(-67,-49,-207)
(-62,-60,-196)
(-70,-72,-178)
(-71,-75,-157)
(-55,-95,-157)
(-67,-77,-167)
(-78,-80,-180)
(-82,-76,-180)
(-121,-39,-225)
(-116,-20,-244)
(-133,15,-257)
(-130,28,-270)
(-147,77,-273)
(-158,78,-274)
(-154,108,-274)
(-163,133,-267)
(-173,153,-249)
(-175,163,-237)
(-179,181,-219)
(-179,193,-205)
(-186,222,-192)
(-165,245,-163)
(-168,264,-140)
(-152,278,-128)
(-150,286,-128)
(-134,294,-104)
(-126,292,-98)
(-104,292,-58)
(-74,302,-32)
(-60,288,-8)
(-56,290,2)
(-39,269,33)
(-31,247,57)
(-20,248,62)
(-1,217,89)
(13,175,113)
(20,160,106)
(29,117,105)
(30,104,118)
(50,54,90)
(41,41,81)
(56,16,72)
(62,8,62)
(69,-5,47)
(64,2,58)
(60,24,68)
(56,36,72)
(46,62,100)
(42,74,104)
(28,118,110)
(7,131,115)
(-40,160,116)
(-69,173,111)
(-96,188,106)
(-100,186,108)
(-120,180,100)
(-129,161,101)
(-131,167,93)
(-141,153,99)
(-137,141,105)
(-134,134,116)
(-126,132,108)
(-125,135,113)
(-116,132,116)
(-116,128,110)
(-122,124,112)
(-144,144,106)
(-154,152,94)
(-172,186,76)
(-181,175,67)
(-203,191,39)
(-214,188,18)
(-233,199,-35)
(-227,217,-45)
(-222,206,-36)
(-196,230,-4)
(-181,233,-1)
(-156,256,18)
(-151,253,13)
(-133,263,23)
(-114,268,28)
(-111,253,51)
(-102,248,52)
(-89,237,93)
(-62,202,106)
(-60,190,122)
(-32,176,122)
(-19,147,123)
(0,130,130)
(20,108,130)
(14,102,124)
(23,85,111)
(31,75,117)
(38,70,112)
(38,86,104)
(18,98,112)
(12,110,118)
(9,123,123)
(-7,145,125)
(-21,151,131)
(-20,164,124)
(-32,168,128)
(-37,181,121)
(-40,182,118)
(-50,190,118)
(-59,187,109)
(-72,192,108)
(-80,182,108)
(-89,195,107)
(-93,195,123)
(-105,199,119)
(-118,192,102)
(-121,195,105)
(-139,179,101)
(-143,173,91)
(-157,171,89)
(-166,174,88)
(-173,171,87)
(-181,165,79)
(-186,158,80)
(-197,157,73)
(-201,151,67)
(-211,145,69)
(-208,140,54)
(-234,136,40)
(-238,116,30)
(-243,101,19)
(-249,87,17)
(-245,63,-11)
(-255,63,-11)
(-252,30,-10)
(-251,31,-17)
(-249,-1,-29)
(-237,-9,-21)
(-231,-11,-35)
(-216,-36,-30)
(-204,-40,-36)
(-183,-65,-45)
(-183,-75,-33)
(-162,-72,-38)
(-155,-85,-33)
(-133,-95,-31)
(-106,-92,-18)
(-78,-94,-10)
(-45,-97,-33)
(-31,-97,-53)
(-21,-105,-141)
(-14,-90,-174)
(-14,-78,-192)
(-24,-74,-212)
(-31,-63,-229)
(-39,-49,-233)
(-33,-53,-235)
(-35,-49,-243)
(-44,-42,-240)
(-51,-39,-245)
(-48,-36,-248)
(-42,-24,-262)
(-55,-9,-267)
(-57,-3,-267)
(-57,5,-279)
(-55,15,-281)
(-59,23,-271)
(-63,17,-261)
(-58,6,-254)
(-43,-35,-225)
(-32,-66,-178)
(-46,-90,-116)
(-51,-89,-105)
(-84,-98,-60)
(-115,-79,-3)
(-148,-62,20)
(-165,-55,23)
(-200,-8,26)
(-227,23,33)
(-237,57,7)
(-251,95,-1)
(-262,110,-12)
(-264,116,-16)
(-263,125,-25)
(-275,131,-29)
(-270,162,-94)
(-266,178,-148)
(-252,188,-186)
(-217,205,-213)
(-170,224,-256)
(-123,243,-269)
(-91,259,-267)
(-78,252,-270)
(-44,246,-278)
(-12,250,-268)
(13,237,-249)
(44,246,-238)
(61,235,-241)
(85,233,-215)
(98,230,-198)
(113,217,-173)
(120,218,-162)
(131,219,-139)
(134,206,-122)
(151,203,-99)
(146,190,-88)
(141,195,-91)
(149,201,-113)
(130,210,-144)
(123,221,-171)
(74,230,-218)
(34,242,-242)
(-6,252,-264)
(-48,250,-274)
(-69,219,-289)
(-102,196,-296)
(-124,176,-302)
(-152,144,-294)
(-181,137,-281)
(-198,126,-270)
(-218,112,-246)
(-247,101,-223)
(-256,88,-198)
(-256,80,-164)
(-274,72,-132)
(-270,52,-90)
(-256,24,-66)
(-241,1,-45)
(-235,-25,-29)
(-205,-33,-19)
(-193,-55,-3)
(-176,-66,0)
(-160,-84,-2)
(-179,-79,-11)
(-176,-72,-20)
(-197,-61,-35)
(-233,-29,-55)
(-256,14,-82)
(-270,52,-108)
(-278,98,-130)
(-269,125,-145)
(-254,174,-160)
(-232,190,-186)
(-211,229,-205)
(-185,239,-215)
(-169,247,-239)
(-139,255,-245)
(-126,260,-256)
(-96,270,-250)
(-83,275,-253)
(-65,269,-251)
(-37,275,-239)
(-11,273,-249)
(2,274,-252)
(22,272,-236)
(48,264,-208)
(51,263,-211)
(30,266,-224)
(-22,256,-262)
(-77,253,-271)
(-133,225,-265)
(-163,235,-245)
(-186,230,-222)
(-210,224,-210)
(-233,211,-195)
(-249,195,-163)
(-261,189,-143)
(-269,181,-141)
(-271,163,-131)
(-270,164,-138)
(-271,171,-143)
(-263,173,-141)
(-264,172,-136)
(-273,173,-139)
(-275,173,-143)
(-267,167,-141)
(-263,161,-147)
(-271,171,-143)
(-273,165,-131)
(-279,161,-123)
(-274,154,-108)
(-285,137,-97)
(-272,126,-92)
(-284,126,-86)
(-284,118,-82)
(-281,109,-73)
(-284,100,-70)
(-277,75,-47)
(-269,61,-53)
(-272,64,-72)
(-282,88,-82)
(-270,130,-88)
(-279,145,-93)
(-270,188,-104)
(-259,213,-119)
(-245,223,-125)
(-219,249,-155)
(-197,261,-187)
(-173,263,-201)
(-153,269,-219)
(-137,267,-231)
(-134,264,-244)
(-124,254,-250)
(-112,254,-262)
(-96,250,-276)
(-78,248,-270)
(-65,245,-273)
(-47,247,-267)
(-38,256,-258)
(-21,249,-265)
(-16,246,-268)
(-7,249,-259)
(3,257,-253)
(13,259,-245)
(25,255,-237)
(31,261,-225)
(31,257,-217)
(50,254,-212)
(62,258,-212)
(64,256,-194)
(50,260,-212)
(18,262,-230)
(0,278,-226)
(5,279,-217)
(19,281,-205)
(20,282,-202)
(48,276,-194)
(73,265,-183)
(83,263,-183)
(89,247,-173)
(96,238,-168)
(115,221,-171)
(119,207,-165)
(115,243,-167)
(78,264,-164)
(36,288,-170)
(-2,302,-166)
(-53,307,-181)
(-69,301,-197)
(-106,294,-216)
(-112,280,-228)
(-128,258,-242)
(-151,243,-253)
(-171,219,-245)
(-188,204,-246)
(-188,180,-242)
(-202,162,-250)
(-214,142,-246)
(-207,123,-247)
(-214,110,-254)
(-206,106,-258)
(-215,87,-249)
(-215,67,-245)
(-204,48,-254)
(-199,27,-247)
(-192,18,-238)
(-183,-5,-237)
(-180,-14,-228)
(-162,-18,-226)
(-163,-27,-221)
(-161,-31,-219)
(-163,-31,-215)
(-170,-12,-230)
(-177,-1,-243)
(-195,17,-243)
(-201,27,-247)
(-205,45,-249)
(-214,72,-246)
(-211,75,-243)
(-233,87,-247)
(-232,112,-236)
(-248,128,-212)
(-239,157,-205)
(-236,192,-188)
(-230,212,-178)
(-224,222,-170)
(-223,239,-165)
(-220,246,-166)
(-220,240,-170)
(-206,242,-172)
(-205,249,-179)
(-213,245,-173)
(-204,218,-202)
(-219,193,-217)
(-215,169,-227)
(-218,136,-242)
(-211,129,-251)
(-199,111,-253)
(-207,91,-257)
(-197,71,-253)
(-185,53,-255)
(-190,40,-264)
(-178,20,-252)
(-163,7,-243)
(-163,-19,-239)
(-152,-32,-230)
(-147,-49,-227)
(-143,-41,-219)
(-135,-53,-221)
(-135,-59,-203)
(-135,-47,-211)
(-144,-50,-228)
(-160,-30,-230)
(-165,-21,-241)
(-177,-5,-249)
(-195,9,-247)
(-200,26,-244)
(-202,28,-240)
(-204,32,-244)
(-195,25,-255)
(-177,-5,-251)
(-163,-15,-235)
(-152,-38,-226)
(-149,-53,-213)
(-131,-59,-199)
(-129,-65,-183)
(-121,-81,-171)
(-113,-91,-167)
(-106,-86,-152)
(-109,-89,-161)
(-108,-100,-148)
(-95,-105,-145)
(-103,-93,-139)
(-100,-100,-150)
(-121,-91,-161)
(-120,-76,-170)
(-135,-73,-183)
(-144,-66,-190)
(-145,-57,-199)
(-154,-48,-216)
(-163,-35,-229)
(-167,-37,-227)
(-170,-20,-236)
(-185,-17,-229)
(-186,-2,-230)
(-189,-19,-223)
(-174,-18,-226)
(-159,-23,-229)
(-152,-44,-210)
(-142,-58,-208)
(-128,-64,-196)
(-124,-76,-186)
(-121,-79,-171)
(-122,-84,-164)
(-127,-85,-169)
(-136,-66,-180)
(-138,-64,-190)
(-150,-58,-208)
(-149,-41,-217)
(-159,-27,-231)
(-162,-20,-236)
(-173,-11,-233)
(-181,-3,-225)
(-193,7,-227)
(-203,19,-233)
(-205,27,-227)
(-219,37,-235)
(-219,53,-233)
(-223,53,-225)
(-225,65,-233)
(-228,76,-224)
(-242,74,-230)
(-234,84,-228)
(-234,76,-228)
(-233,71,-235)
(-223,75,-239)
(-214,64,-244)
(-203,65,-243)
(-205,55,-257)
(-194,40,-256)
(-189,43,-257)
(-170,26,-252)
(-151,-3,-253)
(-154,-22,-238)
(-147,-35,-233)
(-137,-45,-229)
(-126,-60,-198)
(-111,-71,-195)
(-101,-83,-187)
(-85,-95,-173)
(-60,-100,-156)
(-39,-111,-131)
(-21,-105,-127)
(-12,-110,-110)
(10,-102,-90)
(18,-102,-78)
(23,-95,-81)
(40,-90,-76)
(51,-75,-67)
(62,-76,-62)
(63,-75,-61)
(59,-81,-67)
(55,-83,-63)
(48,-92,-70)
(36,-100,-102)
(15,-97,-129)
(5,-97,-143)
(-8,-98,-146)
(-15,-91,-163)
(-28,-98,-170)
(-46,-90,-178)
(-57,-87,-199)
(-77,-75,-207)
(-87,-77,-215)
(-106,-66,-230)
(-120,-52,-232)
(-133,-43,-235)
(-147,-33,-231)
(-149,-17,-245)
(-165,-11,-245)
(-170,-6,-248)
(-185,-3,-245)
(-192,14,-248)
(-205,19,-243)
(-215,31,-237)
(-216,38,-234)
(-224,36,-224)
(-231,53,-231)
(-227,67,-223)
(-243,73,-215)
(-249,69,-209)
(-246,90,-206)
(-254,94,-200)
(-250,100,-200)
(-248,94,-200)
(-241,83,-223)
(-228,58,-238)
(-205,47,-247)
(-204,40,-246)
(-209,53,-251)
(-205,65,-259)
(-201,59,-259)
(-202,56,-246)
(-214,32,-224)
(-223,11,-201)
(-222,2,-208)
(-214,8,-222)
(-198,22,-246)
(-193,43,-253)
(-196,42,-258)
(-194,46,-252)
(-203,45,-239)
(-220,22,-216)
(-215,-5,-195)
(-189,-31,-189)
(-185,-39,-217)
(-172,-24,-236)
(-169,-7,-263)
(-164,10,-262)
(-163,13,-247)
(-180,-8,-240)
(-195,-29,-211)
(-187,-57,-175)
(-162,-82,-172)
(-134,-72,-204)
(-114,-60,-228)
(-91,-67,-241)
(-58,-74,-220)
(-24,-86,-198)
(8,-88,-158)
(35,-89,-127)
(48,-84,-130)
(42,-82,-140)
(27,-77,-169)
(4,-76,-172)
(19,-95,-149)
(18,-100,-106)
(29,-97,-99)
(46,-90,-120)
(47,-79,-143)
(25,-71,-185)
(10,-66,-188)
(-16,-78,-194)
(-21,-87,-179)
(-19,-111,-133)
(-17,-111,-93)
(-3,-109,-103)
(22,-98,-114)
(20,-90,-162)
(10,-78,-192)
(-8,-74,-206)
(-31,-81,-193)
(-43,-95,-183)
(-45,-109,-125)
(-24,-110,-90)
(2,-112,-98)
(8,-100,-124)
(-9,-89,-167)
(-44,-80,-208)
(-79,-67,-219)
(-121,-53,-221)
(-160,-22,-228)
(-185,-9,-229)
(-192,6,-232)
(-206,42,-246)
(-222,66,-242)
(-222,104,-240)
(-225,135,-241)
(-229,161,-215)
(-241,165,-189)
(-256,172,-174)
(-260,182,-154)
(-256,204,-140)
(-235,239,-123)
(-213,257,-127)
(-193,279,-137)
(-210,256,-138)
(-239,239,-107)
(-249,237,-79)
(-234,262,-60)
(-208,268,-110)
(-224,252,-152)
(-234,214,-172)
(-246,150,-188)
(-236,92,-216)
(-231,57,-221)
(-203,15,-235)
(-175,-3,-247)
(-168,6,-248)
(-163,1,-249)
(-176,-12,-230)
(-192,-32,-208)
(-179,-41,-191)
(-175,-39,-219)
(-159,-11,-243)
(-169,7,-257)
(-172,40,-258)
(-183,61,-263)
(-201,79,-251)
(-234,80,-218)
(-243,39,-197)
(-243,33,-189)
(-236,52,-226)
(-234,82,-232)
(-210,122,-250)
(-212,142,-236)
(-210,146,-234)
(-234,140,-214)
(-264,106,-162)
(-273,71,-121)
(-271,61,-81)
(-273,53,-57)
(-278,62,-62)
(-278,96,-94)
(-266,130,-144)
(-250,156,-186)
(-223,165,-207)
(-213,181,-233)
(-213,185,-235)
(-205,189,-227)
(-202,182,-226)
(-219,185,-213)
(-249,143,-193)
(-258,134,-170)
(-281,95,-123)
(-282,64,-96)
(-273,41,-59)
(-264,28,-62)
(-275,33,-69)
(-275,47,-85)
(-272,60,-110)
(-270,88,-142)
(-259,109,-193)
(-241,115,-223)
(-229,121,-231)
(-211,135,-251)
(-213,125,-241)
(-219,117,-229)
(-240,102,-226)
(-254,78,-188)
(-258,58,-166)
(-264,26,-124)
(-261,-3,-105)
(-246,-10,-78)
(-245,-11,-81)
(-258,14,-102)
(-264,28,-128)
(-268,46,-172)
(-248,70,-196)
(-238,80,-222)
(-218,90,-234)
(-221,87,-249)
(-220,80,-238)
(-230,72,-224)
(-238,10,-196)
(-224,-8,-176)
(-205,-47,-175)
(-190,-64,-160)
(-176,-76,-162)
(-186,-64,-160)
(-193,-53,-181)
(-199,-21,-201)
(-195,1,-233)
(-179,21,-261)
(-168,32,-270)
(-165,29,-279)
(-170,24,-262)
(-182,10,-254)
(-188,-22,-226)
(-181,-35,-209)
(-184,-58,-198)
(-184,-68,-168)
(-179,-81,-157)
(-170,-80,-154)
(-178,-66,-166)
(-185,-45,-187)
(-207,-17,-215)
(-204,4,-224)
(-211,37,-237)
(-201,61,-257)
(-193,83,-267)
(-201,97,-261)
(-201,119,-259)
(-204,136,-250)
(-202,150,-252)
(-214,144,-244)
(-227,149,-223)
(-233,137,-213)
(-252,132,-194)
(-267,111,-159)
(-274,90,-138)
(-273,83,-107)
(-281,69,-95)
(-282,80,-102)
(-283,77,-117)
(-278,96,-128)
(-265,117,-163)
(-261,123,-181)
(-248,144,-184)
(-253,149,-191)
(-257,143,-175)
(-259,133,-171)
(-277,115,-145)
(-280,116,-126)
(-283,103,-125)
(-278,102,-108)
(-287,99,-97)
(-284,96,-96)
(-285,103,-91)
(-276,120,-98)
(-285,127,-109)
(-276,132,-126)
(-275,143,-129)
(-267,153,-149)
(-271,161,-147)
(-253,159,-165)
(-266,152,-166)
(-272,138,-150)
(-270,132,-132)
(-279,109,-107)
(-288,84,-90)
(-278,68,-76)
(-266,50,-52)
(-264,48,-30)
(-253,33,-23)
(-242,14,-2)
(-242,4,14)
(-224,-4,14)
(-215,-5,31)
(-194,-16,48)
(-176,-24,66)
(-152,-16,70)
(-129,-27,81)
(-122,-30,86)
(-100,-20,96)
(-102,-14,102)
(-115,-1,107)
(-136,6,106)
(-156,0,92)
(-194,-4,56)
(-225,1,13)
(-252,10,-40)
(-262,10,-84)
(-271,25,-111)
(-272,54,-138)
(-285,91,-141)
(-275,131,-141)
(-268,160,-116)
(-264,196,-94)
(-239,215,-73)
(-222,248,-40)
(-179,263,-15)
(-161,281,-11)
(-134,298,6)
(-104,304,14)
(-83,307,19)
(-63,289,23)
(-45,297,31)
(-41,287,43)
(-5,277,55)
(-14,274,50)
(-7,275,43)
(-8,274,48)
(-1,279,43)
(-3,295,25)
(-8,294,8)
(-13,307,-9)
(0,310,-20)
(5,311,-23)
(0,310,-46)
(9,313,-47)
(19,313,-57)
(30,306,-54)
(29,303,-53)
(52,300,-64)
(45,309,-65)
(49,293,-69)
(55,285,-87)
(36,304,-84)
(21,311,-71)
(-1,321,-95)
(-40,320,-108)
(-48,326,-108)
(-83,329,-111)
(-98,314,-120)
(-108,326,-128)
(-117,313,-123)
(-108,324,-124)
(-95,325,-109)
(-67,331,-101)
(-36,322,-94)
(-12,318,-92)
(-4,320,-78)
(16,320,-84)
(13,317,-83)
(-4,316,-102)
(-25,319,-131)
(-33,307,-155)
(-56,318,-164)
(-87,315,-157)
(-110,316,-130)
(-120,318,-82)
(-137,297,-39)
(-134,314,-34)
(-126,308,-24)
(-104,310,-16)
(-75,327,-37)
(-46,326,-66)
(-31,333,-87)
(-52,320,-128)
(-66,322,-144)
(-101,317,-143)
(-142,306,-140)
(-165,297,-111)
(-172,290,-68)
(-169,295,-45)
(-168,296,-30)
(-144,306,-28)
(-118,316,-42)
(-92,332,-62)
(-72,330,-92)
(-61,329,-133)
(-64,324,-134)
(-95,299,-169)
(-122,314,-164)
(-154,296,-158)
(-188,290,-118)
(-198,272,-88)
(-193,279,-73)
(-179,293,-67)
(-151,311,-67)
(-113,319,-81)
(-83,331,-95)
(-73,321,-123)
(-91,317,-145)
(-116,308,-170)
(-145,299,-159)
(-181,283,-135)
(-206,258,-102)
(-227,251,-41)
(-220,242,-18)
(-225,213,17)
(-235,207,9)
(-228,212,20)
(-223,231,3)
(-203,249,-11)
(-187,281,-35)
(-156,296,-56)
(-152,300,-68)
(-171,289,-45)
(-160,278,18)
(-155,249,43)
(-156,216,70)
(-143,197,99)
(-138,180,94)
(-144,180,100)
(-145,193,89)
(-135,229,71)
(-127,263,39)
(-113,277,11)
(-107,295,-19)
(-131,301,-23)
(-136,282,6)
(-141,255,49)
(-125,227,75)
(-130,196,94)
(-126,168,106)
(-127,165,107)
(-139,171,103)
(-131,221,79)
(-125,239,53)
(-127,269,47)
(-118,270,30)
(-133,249,45)
(-135,233,55)
(-133,203,91)
(-130,160,108)
(-128,130,112)
(-134,104,120)
(-146,108,104)
(-151,133,101)
(-154,152,88)
(-156,198,70)
(-147,209,81)
(-145,213,69)
(-150,204,86)
(-150,156,102)
(-135,117,115)
(-126,68,110)
(-138,44,108)
(-140,34,92)
(-159,39,89)
(-171,69,93)
(-176,102,88)
(-172,126,102)
(-170,140,98)
(-152,142,98)
(-157,139,107)
(-141,113,109)
(-144,78,110)
(-146,38,98)
(-162,32,96)
(-164,50,98)
(-184,82,92)
(-190,114,86)
(-187,129,79)
(-175,139,89)
(-172,122,96)
(-167,91,103)
(-152,62,102)
(-157,27,93)
(-156,10,88)
(-176,28,70)
(-191,53,83)
(-196,80,70)
(-187,95,75)
(-178,86,88)
(-165,69,91)
(-162,36,92)
(-151,3,89)
(-154,-6,70)
(-165,-37,33)
(-185,-41,31)
(-206,-34,22)
(-219,-7,17)
(-213,23,25)
(-213,37,57)
(-196,32,64)
(-189,27,69)
(-176,-18,62)
(-160,-34,50)
(-156,-52,28)
(-140,-70,6)
(-137,-91,-17)
(-130,-92,-50)
(-122,-100,-60)
(-118,-112,-80)
(-108,-118,-92)
(-87,-111,-107)
(-70,-110,-132)
(-66,-116,-138)
(-58,-108,-144)
(-47,-103,-153)
(-46,-108,-164)
(-42,-106,-162)
(-39,-107,-161)
(-32,-98,-170)
(-41,-113,-159)
(-67,-111,-145)
(-85,-115,-129)
(-116,-108,-110)
(-136,-98,-100)
(-147,-91,-71)
(-167,-87,-49)
(-195,-57,-17)
(-208,-26,4)
(-218,18,36)
(-225,53,63)
(-198,112,78)
(-183,133,99)
(-152,168,106)
(-99,173,111)
(-70,182,112)
(-47,211,111)
(-13,221,93)
(3,239,71)
(33,249,49)
(43,259,25)
(51,265,-1)
(83,263,-25)
(95,261,-55)
(87,255,-79)
(81,259,-97)
(79,259,-103)
(79,261,-93)
(68,270,-70)
(49,283,-29)
(30,286,-10)
(11,285,15)
(-2,272,32)
(-13,263,57)
(-52,258,58)
(-73,251,67)
(-100,252,62)
(-100,252,70)
(-82,250,60)
(-61,269,57)
(-51,269,47)
(-9,269,41)
(17,279,13)
(34,278,-2)
(58,282,-24)
(74,262,-62)
(75,265,-71)
(82,266,-88)
(86,260,-94)
(82,246,-96)
(91,257,-113)
(74,256,-112)
(81,277,-111)
(70,272,-104)
(65,271,-83)
(38,296,-70)
(13,305,-51)
(-6,312,-38)
(-32,310,-20)
(-45,299,-1)
(-45,295,17)
(-48,304,6)
(-25,301,-5)
(-20,308,-46)
(6,312,-58)
(26,306,-74)
(51,293,-93)
(54,280,-112)
(64,274,-114)
(85,269,-117)
(87,263,-117)
(89,255,-123)
(82,258,-118)
(81,267,-119)
(77,259,-117)
(74,278,-94)
(64,286,-86)
(54,282,-46)
(58,258,-4)
(46,264,16)
(49,273,5)
(44,284,-6)
(46,278,-40)
(37,293,-57)
(10,308,-84)
(-5,315,-75)
(-13,301,-35)
(-10,290,6)
(-34,270,42)
(-63,257,79)
(-92,240,86)
(-123,215,81)
(-170,212,70)
(-201,195,45)
(-217,167,39)
(-238,146,26)
(-255,127,5)
(-264,90,-16)
(-269,61,-43)
(-263,45,-63)
(-269,49,-77)
(-268,54,-40)
(-256,50,-24)
(-244,20,4)
(-220,-22,-16)
(-201,-55,-33)
(-173,-79,-47)
(-154,-88,-54)
(-137,-105,-59)
(-104,-116,-74)
(-89,-109,-83)
(-81,-107,-99)
(-64,-104,-92)
(-85,-111,-77)
(-72,-106,-48)
(-58,-108,-40)
(-23,-103,-33)
(6,-98,-52)
(35,-85,-67)
(35,-83,-65)
(40,-80,-74)
(22,-94,-72)
(10,-100,-82)
(-39,-107,-97)
(-50,-114,-98)
(-117,-99,-87)
(-166,-90,-82)
(-220,-44,-74)
(-260,6,-64)
(-269,51,-49)
(-276,90,-42)
(-273,129,-37)
(-257,167,-35)
(-247,201,-31)
(-230,232,-30)
(-217,253,-33)
(-196,270,-40)
(-178,288,-44)
(-160,302,-60)
(-135,315,-53)
(-126,310,-64)
(-113,321,-65)
(-98,320,-70)
(-71,327,-69)
(-61,315,-69)
(-34,308,-66)
(-25,325,-67)
(-4,316,-64)
(-1,311,-89)
(1,311,-113)
(-17,317,-119)
(-33,315,-121)
(-60,322,-100)
(-77,315,-73)
(-104,320,-48)
(-115,309,-9)
(-124,286,10)
(-116,284,30)
(-116,286,22)
(-99,311,-15)
(-90,318,-40)
(-89,317,-61)
(-91,319,-63)
(-115,313,-59)
(-128,300,-34)
(-145,285,5)
(-166,262,28)
(-166,248,48)
(-160,262,36)
(-156,278,20)
(-141,299,-11)
(-125,297,-39)
(-136,294,-32)
(-151,289,-9)
(-171,261,11)
(-183,233,37)
(-199,207,41)
(-215,189,33)
(-220,210,26)
(-202,240,10)
(-194,258,-4)
(-187,255,-5)
(-198,240,16)
(-210,218,38)
(-215,191,53)
(-223,163,49)
(-234,166,24)
(-233,213,11)
(-225,231,-11)
(-206,246,-22)
(-209,237,-15)
(-224,218,6)
(-231,193,23)
(-226,160,32)
(-241,155,21)
(-252,168,6)
(-245,193,-1)
(-240,208,-8)
(-236,202,-2)
(-248,184,4)
(-247,167,7)
(-254,130,14)
(-261,113,5)
(-256,98,2)
(-257,69,-9)
(-253,47,-9)
(-257,25,-21)
(-249,25,-37)
(-246,6,-46)
(-247,-11,-51)
(-235,-23,-75)
(-228,-44,-90)
(-216,-50,-96)
(-193,-63,-97)
(-186,-70,-106)
(-171,-77,-103)
(-160,-90,-110)
(-138,-102,-116)
(-120,-98,-102)
(-120,-106,-108)
(-112,-104,-112)
(-131,-99,-115)
(-142,-90,-118)
(-168,-84,-126)
(-193,-67,-127)
(-207,-65,-121)
(-221,-37,-129)
(-244,-16,-118)
(-250,-2,-112)
(-261,23,-81)
(-267,43,-61)
(-264,66,-52)
(-275,81,-45)
(-269,99,-49)
(-268,118,-46)
(-269,119,-43)
(-268,130,-52)
(-270,128,-52)
(-269,133,-55)
(-268,124,-52)
(-271,123,-59)
(-268,104,-50)
(-269,71,-39)
(-264,64,-32)
(-262,58,-42)
(-272,78,-50)
(-266,104,-70)
(-270,118,-58)
(-269,97,-43)
(-259,59,-19)
(-247,19,-9)
(-232,-6,-14)
(-240,-6,-30)
(-246,6,-34)
(-259,39,-43)
(-262,60,-38)
(-261,61,-33)
(-242,52,-16)
(-231,9,-9)
(-223,-15,-7)
(-226,-30,-28)
(-220,-24,-50)
(-243,3,-53)
(-250,26,-50)
(-256,40,-46)
(-253,45,-31)
(-246,20,-28)
(-227,-13,-11)
(-209,-45,-15)
(-192,-52,-28)
(-189,-61,-35)
(-198,-60,-34)
(-194,-60,-26)
(-186,-52,2)
(-180,-50,10)
(-158,-48,28)
(-154,-38,32)
(-137,-45,35)
(-138,-38,54)
(-134,-36,70)
(-124,-28,80)
(-110,-16,84)
(-103,-15,95)
(-96,-12,90)
(-102,-20,94)
(-104,-20,88)
(-127,-23,81)
(-144,-40,64)
(-156,-40,48)
(-174,-42,28)
(-180,-44,16)
(-185,-55,-7)
(-180,-68,-26)
(-195,-69,-37)
(-200,-64,-58)
(-201,-57,-67)
(-230,-38,-74)
(-236,-6,-62)
(-249,15,-43)
(-256,42,-36)
(-261,59,-17)
(-250,74,8)
(-238,60,18)
(-233,55,35)
(-216,32,50)
(-199,37,61)
(-183,49,79)
(-161,49,91)
(-139,47,107)
(-117,55,117)
(-82,72,130)
(-43,73,127)
(-23,67,127)
(-12,50,104)
(-7,15,93)
(-12,-2,86)
(-2,-28,72)
(20,-42,40)
(19,-45,29)
(26,-50,24)
(21,-57,21)
(22,-62,18)
(13,-67,13)
(2,-62,18)
(-21,-61,39)
(-63,-49,53)
(-60,-38,70)
(-86,-8,88)
(-96,14,94)
(-104,56,114)
(-103,85,117)
(-109,111,113)
(-106,150,106)
(-118,186,98)
(-117,207,93)
(-125,225,67)
(-115,261,41)
(-110,276,26)
(-95,297,9)
(-83,309,-19)
(-70,312,-44)
(-60,326,-84)
(-59,323,-97)
(-36,316,-106)
(-35,331,-127)
(-10,310,-146)
(6,304,-180)
(3,291,-183)
(-9,303,-163)
(-15,317,-153)
(-26,322,-124)
(-49,319,-97)
(-56,320,-52)
(-74,316,-26)
(-74,306,-10)
(-76,298,16)
(-80,288,24)
(-77,275,43)
(-85,267,61)
(-79,263,53)
(-71,251,67)
(-76,236,78)
(-67,235,77)
(-70,220,94)
(-57,221,95)
(-70,192,102)
(-59,179,105)
(-59,177,119)
(-63,155,125)
(-65,135,119)
(-60,126,128)
(-60,110,122)
(-63,91,129)
(-65,73,127)
(-60,52,112)
(-68,42,106)
(-79,39,117)
(-85,61,117)
(-93,77,121)
(-92,100,124)
(-96,76,124)
(-82,54,108)
(-75,9,103)
(-78,-6,84)
(-104,-2,96)
(-120,24,98)
(-135,83,109)
(-139,91,103)
(-130,118,110)
(-116,124,118)
(-108,86,122)
(-95,41,115)
(-87,-13,77)
(-92,-44,68)
(-121,-49,49)
(-142,-50,36)
(-153,-31,45)
(-132,-30,60)
(-80,-38,66)
(-54,-40,58)
(-18,-66,30)
(-6,-74,14)
(22,-82,-18)
(44,-82,-48)
(45,-79,-61)
(57,-81,-69)
(53,-87,-65)
(30,-78,-34)
(17,-75,7)
(4,-68,20)
(-12,-50,50)
(-16,-32,66)
(-16,-16,76)
(-23,11,95)
(-19,41,101)
(-16,58,112)
(-20,66,116)
(-15,71,117)
(-18,68,114)
(-11,35,111)
(-3,5,83)
(2,-34,62)
(6,-54,44)
(2,-62,24)
(-1,-77,1)
(-8,-90,-26)
(-13,-93,-43)
(-20,-104,-40)
(-23,-101,-47)
(-29,-99,-17)
(-35,-87,-7)
(-40,-82,18)
(-42,-46,62)
(-35,-25,69)
(-35,-17,83)
(-44,26,98)
(-48,52,114)
(-34,98,118)
(-19,137,119)
(-15,171,115)
(0,186,104)
(-3,203,99)
(-8,214,86)
(3,195,103)
(11,167,103)
(19,125,105)
(26,94,106)
(35,49,87)
(43,3,73)
(26,-26,48)
(1,-51,43)
(-27,-61,43)
(-39,-71,29)
(-54,-74,24)
(-79,-69,39)
(-88,-48,62)
(-105,-31,77)
(-114,-12,88)
(-124,16,98)
(-117,65,117)
(-120,104,124)
(-101,139,115)
(-85,183,113)
(-72,224,90)
(-56,250,66)
(-24,254,68)
(-22,252,70)
(9,225,69)
(49,229,59)
(41,233,53)
(54,252,12)
(69,261,-19)
(85,247,-31)
(88,256,-46)
(100,252,-78)
(102,244,-88)
(107,237,-111)
(111,233,-127)
(113,231,-149)
(99,225,-165)
(85,235,-185)
(78,238,-192)
(51,249,-201)
(36,254,-204)
(27,281,-195)
(24,288,-154)
(37,301,-129)
(25,303,-101)
(33,303,-71)
(9,301,-41)
(7,303,-27)
(-2,296,-10)
(-9,295,3)
(-11,291,-1)
(10,302,-22)
(6,306,-54)
(-10,312,-76)
(-34,322,-76)
(-47,315,-31)
(-56,284,14)
(-65,261,41)
(-75,243,73)
(-80,250,48)
(-77,273,33)
(-71,299,11)
(-47,315,-27)
(-67,315,-45)
(-81,305,-19)
(-89,275,29)
(-110,238,60)
(-127,211,73)
(-151,177,83)
(-177,173,69)
(-163,213,51)
(-162,260,28)
(-152,258,14)
(-168,222,30)
(-170,182,70)
(-180,104,80)
(-175,33,71)
(-172,-14,50)
(-160,-54,4)
(-156,-84,-36)
(-144,-88,-70)
(-143,-95,-89)
(-129,-97,-119)
(-90,-94,-144)
(-87,-79,-175)
(-82,-86,-178)
(-86,-84,-176)
(-80,-96,-150)
(-79,-85,-149)
(-97,-93,-131)
(-90,-96,-132)
(-70,-94,-156)
(-59,-77,-189)
(-58,-54,-214)
(-47,-55,-221)
(-41,-61,-201)
(-39,-77,-181)
(-49,-97,-135)
(-64,-94,-78)
(-66,-96,-52)
(-63,-89,-73)
(-56,-102,-124)
(-49,-93,-169)
(-67,-65,-201)
(-64,-70,-214)
(-76,-68,-202)
(-106,-86,-142)
(-140,-82,-134)
(-169,-73,-81)
(-188,-68,-50)
(-190,-26,0)
(-172,-22,24)
(-139,-55,23)
(-107,-85,-19)
(-97,-97,-59)
(-92,-94,-128)
(-73,-83,-197)
(-60,-62,-218)
(-59,-47,-231)
(-58,-42,-238)
(-55,-47,-243)
(-70,-60,-230)
(-91,-69,-203)
(-125,-73,-193)
(-156,-82,-146)
(-189,-71,-107)
(-208,-52,-70)
(-195,-45,-9)
(-156,-62,4)
(-107,-79,7)
(-86,-98,-16)
(-80,-104,-52)
(-73,-99,-89)
(-57,-109,-127)
(-52,-104,-140)
(-56,-96,-178)
(-59,-89,-195)
(-71,-95,-171)
(-97,-101,-115)
(-109,-95,-115)
(-155,-87,-55)
(-173,-65,-25)
(-186,-48,4)
(-175,-29,21)
(-140,-48,30)
(-132,-56,32)
(-81,-81,-1)
(-67,-103,-39)
(-63,-113,-85)
(-52,-110,-142)
(-47,-95,-175)
(-31,-87,-203)
(-24,-66,-206)
(-19,-67,-211)
(-28,-72,-200)
(-37,-91,-179)
(-56,-100,-156)
(-80,-112,-154)
(-113,-103,-117)
(-146,-94,-102)
(-199,-67,-83)
(-238,-20,-64)
(-260,32,-26)
(-258,96,-6)
(-261,127,-27)
(-260,168,-46)
(-264,190,-68)
(-252,220,-106)
(-237,231,-131)
(-228,230,-166)
(-208,246,-190)
(-194,260,-206)
(-176,268,-196)
(-167,285,-179)
(-161,301,-159)
(-168,298,-138)
(-192,278,-124)
(-229,251,-93)
(-255,209,-83)
(-270,158,-62)
(-274,110,-70)
(-273,69,-65)
(-262,42,-66)
(-253,7,-79)
(-239,-21,-93)
(-224,-56,-96)
(-206,-48,-92)
(-203,-59,-91)
(-213,-45,-61)
(-227,-27,-41)
(-242,18,-22)
(-244,40,-18)
(-256,58,-18)
(-271,63,-27)
(-266,74,-18)
(-259,105,-17)
(-255,97,-3)
(-249,77,13)
(-252,52,4)
(-257,49,-3)
(-275,85,-31)
(-278,122,-38)
(-254,100,0)
(-247,51,13)
(-246,28,-4)
(-264,44,-54)
(-279,79,-61)
(-269,125,-65)
(-273,161,-55)
(-257,157,-33)
(-251,103,15)
(-244,68,24)
(-253,57,5)
(-267,95,-25)
(-269,145,-37)
(-256,188,-32)
(-241,187,-13)
(-239,165,17)
(-225,105,61)
(-233,77,51)
(-248,86,32)
(-250,146,10)
(-242,188,-6)
(-240,212,-2)
(-229,171,35)
(-217,121,63)
(-214,80,72)
(-221,71,53)
(-244,102,30)
(-246,160,0)
(-237,209,-17)
(-222,222,-4)
(-198,194,56)
(-168,136,102)
(-148,82,110)
(-177,55,91)
(-212,106,58)
(-216,168,56)
(-203,159,63)
(-181,119,93)
(-165,39,105)
(-171,5,75)
(-199,5,47)
(-248,40,-4)
(-262,70,-20)
(-254,110,2)
(-243,89,23)
(-235,39,31)
(-211,-25,7)
(-213,-51,-45)
(-224,-38,-82)
(-224,-22,-102)
(-247,3,-121)
(-251,23,-103)
(-261,19,-87)
(-247,3,-65)
(-247,-5,-79)
(-248,-2,-88)
(-265,31,-115)
(-277,67,-127)
(-271,87,-133)
(-269,127,-103)
(-271,147,-73)
(-270,116,-26)
(-258,102,0)
(-252,74,14)
(-261,57,-25)
(-277,79,-65)
(-276,116,-78)
(-275,157,-87)
(-269,171,-61)
(-264,154,-38)
(-264,110,4)
(-258,92,0)
(-271,75,-25)
(-274,110,-62)
(-284,128,-86)
(-262,174,-82)
(-252,186,-54)
(-243,175,-1)
(-227,133,43)
(-197,81,81)
(-161,39,93)
(-167,-7,67)
(-183,-19,37)
(-222,-18,-16)
(-241,13,-49)
(-279,41,-73)
(-272,66,-86)
(-284,108,-88)
(-277,121,-79)
(-268,126,-44)
(-256,136,0)
(-237,117,25)
(-223,79,57)
(-210,52,58)
(-219,35,39)
(-235,27,-3)
(-269,49,-37)
(-273,83,-61)
(-279,125,-73)
(-266,162,-60)
(-261,175,-61)
(-248,190,-30)
(-237,157,11)
(-221,113,45)
(-190,54,74)
(-173,-21,55)
(-183,-45,3)
(-200,-48,-30)
(-216,-24,-54)
(-245,5,-57)
(-261,39,-57)
(-277,69,-45)
(-253,83,9)
(-217,101,61)
(-179,63,95)
(-147,9,91)
(-139,3,81)
(-191,-33,9)
(-223,-27,-21)
(-241,7,-23)
(-251,49,-13)
(-243,99,9)
(-221,95,41)
(-205,71,61)
(-200,22,62)
(-208,-8,20)
(-227,-13,-45)
(-246,6,-82)
(-263,31,-127)
(-273,71,-159)
(-264,88,-170)
(-273,103,-161)
(-281,103,-113)
(-275,95,-73)
(-275,55,-55)
(-271,29,-97)
(-256,10,-156)
(-246,28,-212)
(-228,46,-236)
(-221,75,-253)
(-223,81,-239)
(-250,72,-216)
(-265,69,-179)
(-276,50,-144)
(-272,30,-148)
(-258,30,-166)
(-249,41,-199)
(-248,58,-220)
(-238,76,-224)
(-254,86,-210)
(-265,95,-195)
(-275,85,-153)
(-274,62,-128)
(-279,41,-121)
(-270,20,-138)
(-254,24,-180)
(-250,44,-206)
(-247,57,-219)
(-251,73,-209)
(-272,70,-174)
(-277,55,-143)
(-274,38,-124)
(-260,4,-122)
(-252,-8,-158)
(-240,2,-178)
(-238,20,-206)
(-243,21,-213)
(-242,24,-200)
(-255,41,-195)
(-254,32,-168)
(-261,19,-125)
(-252,-16,-108)
(-237,-39,-135)
(-229,-41,-169)
(-225,-29,-197)
(-222,-14,-206)
(-237,5,-197)
(-253,15,-173)
(-260,28,-138)
(-262,6,-80)
(-243,-31,-75)
(-219,-55,-123)
(-210,-56,-166)
(-214,-30,-188)
(-235,3,-209)
(-248,42,-204)
(-253,69,-211)
(-257,109,-203)
(-264,128,-198)
(-263,139,-179)
(-281,149,-161)
(-280,142,-110)
(-285,113,-71)
(-290,88,-88)
(-294,114,-126)
(-286,158,-136)
(-273,193,-151)
(-263,205,-161)
(-249,195,-167)
(-273,187,-151)
(-274,154,-96)
(-282,116,-58)
(-289,79,-59)
(-289,79,-97)
(-285,107,-135)
(-271,137,-171)
(-274,144,-170)
(-280,144,-154)
(-286,132,-106)
(-281,105,-63)
(-272,76,-28)
(-271,43,-23)
(-268,30,-38)
(-279,47,-83)
(-285,89,-121)
(-287,127,-117)
(-280,150,-84)
(-277,155,-57)
(-256,126,-6)
(-230,94,42)
(-219,43,55)
(-227,27,25)
(-251,29,-15)
(-275,69,-35)
(-274,104,-44)
(-274,148,-30)
(-248,142,8)
(-226,116,42)
(-200,62,72)
(-187,9,55)
(-206,-14,16)
(-244,-18,-22)
(-242,2,-34)
(-263,57,-17)
(-242,66,0)
(-223,23,23)
(-204,-38,14)
(-162,-82,-44)
(-122,-110,-118)
(-78,-112,-152)
(-31,-105,-173)
(-19,-103,-171)
(33,-91,-183)
(34,-58,-214)
(17,-43,-263)
(-3,-39,-265)
(-12,-44,-256)
(-5,-49,-253)
(5,-43,-247)
(8,-44,-246)
(1,-67,-229)
(-22,-96,-182)
(-18,-102,-166)
(24,-98,-174)
(43,-71,-211)
(47,-49,-237)
(43,-41,-231)
(19,-63,-211)
(-9,-101,-151)
(8,-106,-114)
(36,-90,-126)
(44,-88,-136)
(62,-42,-224)
(54,-36,-240)
(41,-33,-237)
(28,-68,-228)
(30,-92,-182)
(44,-72,-170)
(85,-63,-109)
(97,-19,-19)
(92,48,50)
(54,132,92)
(-9,229,93)
(-50,280,50)
(-77,307,5)
(-85,309,-5)
(-102,326,-38)
(-104,330,-64)
(-120,324,-38)
(-121,275,43)
(-120,254,68)
(-134,242,66)
(-151,201,83)
(-160,164,92)
(-155,93,105)
(-128,6,96)
(-76,-38,66)
(-51,-89,11)
(-85,-103,-37)
(-97,-93,-21)
(-72,-100,-32)
(-48,-104,-80)
(-31,-101,-137)
(-38,-106,-148)
(-61,-105,-125)
(-89,-113,-69)
(-91,-99,-5)
(-62,-80,22)
(-51,-87,-13)
(-40,-94,-64)
(-65,-101,-109)
(-72,-108,-110)
(-88,-108,-82)
(-105,-97,-45)
(-90,-102,-32)
(-69,-101,-59)
(-62,-116,-112)
(-63,-103,-141)
(-65,-107,-145)
(-63,-113,-123)
(-105,-111,-67)
(-96,-104,-38)
(-79,-101,-59)
(-62,-102,-122)
(-63,-107,-159)
(-66,-98,-152)
(-83,-111,-99)
(-90,-112,-64)
(-86,-108,-46)
(-80,-110,-42)
(-54,-110,-118)
(-52,-110,-140)
(-50,-98,-164)
(-69,-109,-125)
(-95,-107,-73)
(-107,-99,-41)
(-109,-91,-7)
(-84,-104,-26)
(-63,-109,-77)
(-57,-113,-129)
(-66,-108,-136)
(-77,-109,-143)
(-99,-105,-101)
(-93,-113,-97)
(-104,-108,-92)
(-77,-111,-129)
(-60,-96,-188)
(-47,-83,-217)
(-46,-54,-244)
(-46,-40,-266)
(-60,-28,-260)
(-52,-26,-246)
(-51,-27,-253)
(-57,-29,-257)
(-58,-32,-258)
(-47,-37,-253)
(-41,-53,-231)
(-40,-76,-200)
(-40,-102,-160)
(-55,-109,-123)
(-76,-102,-96)
(-118,-104,-54)
(-127,-91,-29)
(-144,-78,-6)
(-140,-80,2)
(-120,-72,4)
(-107,-95,-27)
(-90,-110,-52)
(-66,-106,-102)
(-25,-91,-165)
(-23,-77,-193)
(-26,-70,-210)
(-20,-66,-216)
(-34,-56,-240)
(-33,-57,-229)
(-26,-56,-244)
(-21,-43,-249)
(-37,-43,-243)
(-40,-48,-244)
(-42,-42,-246)
(-22,-76,-204)
(-29,-107,-131)
(-47,-97,-89)
(-84,-110,-38)
(-109,-75,5)
(-128,-70,14)
(-140,-62,22)
(-135,-63,25)
(-116,-62,26)
(-100,-82,2)
(-80,-112,-58)
(-48,-112,-110)
(-40,-104,-160)
(-31,-83,-199)
(-30,-68,-224)
(-32,-48,-236)
(-21,-53,-239)
(-35,-55,-239)
(-28,-66,-222)
(-30,-74,-198)
(-37,-105,-131)
(-49,-109,-105)
(-67,-99,-37)
(-72,-88,-22)
(-99,-71,25)
(-99,-61,39)
(-74,-60,46)
(-55,-75,19)
(-45,-109,-73)
(-52,-106,-132)
(-58,-108,-144)
(-57,-91,-179)
(-67,-69,-231)
(-68,-52,-252)
(-63,-43,-243)
(-81,-55,-233)
(-76,-48,-240)
(-51,-57,-219)
(-54,-92,-196)
(-62,-108,-116)
(-90,-104,-72)
(-133,-81,-21)
(-167,-41,9)
(-182,-28,30)
(-179,-19,31)
(-154,-38,34)
(-132,-66,16)
(-111,-77,1)
(-95,-101,-67)
(-76,-106,-156)
(-71,-85,-205)
(-65,-65,-235)
(-77,-43,-247)
(-79,-47,-237)
(-90,-54,-230)
(-109,-63,-219)
(-121,-73,-193)
(-141,-81,-139)
(-173,-77,-105)
(-191,-63,-57)
(-198,-56,-32)
(-213,-3,15)
(-214,30,28)
(-228,52,34)
(-229,79,23)
(-238,104,14)
(-245,139,11)
(-224,172,26)
(-198,204,28)
(-169,223,37)
(-128,238,58)
(-89,255,59)
(-49,253,53)
(-24,244,70)
(8,232,76)
(28,208,76)
(52,188,74)
(58,182,70)
(76,186,56)
(72,186,64)
(81,207,37)
(62,256,8)
(41,275,-7)
(14,300,-24)
(-29,309,-31)
(-77,287,11)
(-102,254,48)
(-106,228,74)
(-114,214,80)
(-116,244,52)
(-89,289,1)
(-95,309,-39)
(-114,312,-62)
(-151,299,-63)
(-166,274,-44)
(-187,239,13)
(-187,177,51)
(-184,156,58)
(-210,178,36)
(-189,211,13)
(-182,244,2)
(-161,283,-59)
(-168,286,-96)
(-202,260,-60)
(-213,221,-9)
(-217,165,35)
(-214,158,48)
(-226,106,40)
(-244,140,10)
(-236,196,-26)
(-231,213,-31)
(-234,212,-40)
(-235,203,-35)
(-236,130,22)
(-202,54,46)
(-173,-15,49)
(-161,-43,19)
(-162,-60,0)
(-192,-56,-60)
(-226,-30,-68)
(-245,11,-39)
(-237,27,-3)
(-221,29,25)
(-153,-11,65)
(-97,-59,33)
(-94,-96,-24)
(-93,-105,-73)
(-122,-92,-92)
(-141,-91,-71)
(-158,-74,-34)
(-158,-52,10)
(-158,-50,6)
(-110,-80,10)
(-114,-88,-38)
(-110,-96,-82)
(-122,-96,-100)
(-139,-93,-97)
(-155,-69,-69)
(-177,-55,-37)
(-186,-50,-24)
(-163,-29,43)
(-117,-15,81)
(-69,-27,73)
(-19,-39,57)
(17,-55,19)
(29,-73,-49)
(36,-82,-98)
(20,-88,-128)
(19,-83,-153)
(-19,-85,-187)
(-50,-76,-184)
(-83,-87,-167)
(-121,-91,-139)
(-142,-82,-120)
(-158,-80,-100)
(-183,-59,-63)
(-210,-42,-26)
(-210,-26,-20)
(-209,33,35)
(-213,39,37)
(-202,102,58)
(-189,149,71)
(-173,213,55)
(-144,242,44)
(-146,262,22)
(-131,271,19)
(-139,291,-15)
(-129,301,-55)
(-153,297,-75)
(-192,276,-70)
(-209,247,-29)
(-218,190,22)
(-225,149,39)
(-229,143,37)
(-239,143,19)
(-229,179,17)
(-207,211,19)
(-207,207,19)
(-209,187,29)
(-214,134,52)
(-207,103,59)
(-185,1,55)
(-170,-10,46)
(-158,-50,12)
(-160,-54,10)
(-182,-40,-14)
(-208,-14,-12)
(-204,-12,10)
(-197,-13,31)
(-174,-38,30)
(-175,-55,-7)
(-178,-56,-36)
(-191,-63,-49)
(-206,-58,-48)
(-246,16,-44)
(-245,23,-35)
(-250,102,10)
(-237,99,31)
(-177,75,85)
(-140,40,90)
(-103,-5,85)
(-68,-26,86)
(-43,-51,63)
(-39,-61,51)
(-26,-62,36)
(-60,-54,54)
(-100,-24,66)
(-131,5,83)
(-137,3,85)
(-169,71,75)
(-172,90,82)
(-183,119,89)
(-184,126,82)
(-184,154,64)
(-195,149,65)
(-193,85,73)
(-184,2,48)
(-174,-38,16)
(-164,-56,0)
(-150,-82,-30)
(-145,-85,-67)
(-136,-88,-88)
(-134,-94,-114)
(-140,-92,-110)
(-145,-87,-107)
(-148,-92,-106)
(-145,-89,-101)
(-164,-90,-78)
(-163,-79,-83)
(-161,-91,-83)
(-150,-78,-96)
(-127,-91,-103)
(-116,-98,-124)
(-111,-105,-123)
(-102,-90,-152)
(-97,-99,-149)
(-105,-99,-129)
(-114,-94,-104)
(-131,-87,-87)
(-133,-81,-67)
(-136,-84,-72)
(-134,-84,-78)
(-143,-91,-81)
(-140,-86,-82)
(-139,-85,-77)
(-137,-85,-75)
(-137,-85,-77)
(-131,-89,-83)
(-140,-80,-80)
(-133,-85,-91)
(-131,-81,-85)
(-138,-88,-86)
(-138,-98,-86)
(-135,-91,-89)
(-135,-97,-83)
