(-71,-177,-185)
(-80,-186,-186)
(-69,-181,-185)
(-78,-180,-184)
(-75,-179,-183)
(-70,-182,-184)
(-78,-180,-190)
(-79,-189,-187)
(-69,-183,-187)
(-80,-182,-180)
(-79,-177,-179)
(-79,-179,-193)
(-77,-177,-193)
(-78,-180,-188)
(-73,-177,-191)
(-79,-177,-177)
(-82,-182,-186)
(-87,-181,-187)
(-86,-188,-188)
(-90,-186,-188)
(-98,-188,-190)
(-101,-185,-185)
(-104,-186,-186)
(-101,-179,-193)
(-117,-167,-185)
(-118,-180,-186)
(-141,-175,-171)
(-150,-172,-166)
(-155,-171,-157)
(-173,-169,-157)
(-183,-169,-141)
(-188,-166,-142)
(-187,-157,-133)
(-199,-159,-127)
(-207,-157,-113)
(-211,-149,-101)
(-215,-145,-91)
(-226,-136,-78)
(-226,-132,-70)
(-222,-126,-50)
(-218,-132,-46)
(-220,-122,-36)
(-205,-125,-9)
(-192,-118,16)
(-172,-132,28)
(-144,-122,42)
(-121,-129,51)
(-98,-120,68)
(-79,-93,85)
(-72,-74,104)
(-76,-18,120)
(-102,28,124)
(-90,60,126)
(-123,57,121)
(-107,-15,121)
(-110,-82,88)
(-127,-109,69)
(-156,-96,66)
(-173,-81,65)
(-195,-35,71)
(-201,3,67)
(-195,19,77)
(-198,26,80)
(-200,30,78)
(-205,35,81)
(-207,39,81)
(-196,24,84)
(-198,16,76)
(-191,27,75)
(-200,20,78)
(-207,9,69)
(-209,33,67)
(-186,46,92)
(-172,40,88)
(-154,48,96)
(-146,52,106)
(-147,47,105)
(-141,53,113)
(-145,71,99)
(-151,81,103)
(-169,69,105)
(-172,50,94)
(-164,34,100)
(-169,7,97)
(-152,-14,90)
(-135,-41,99)
(-106,-76,80)
(-73,-105,83)
(-44,-126,46)
(-6,-150,10)
(16,-162,-38)
(1,-167,-91)
(-20,-178,-144)
(-58,-174,-172)
(-95,-173,-175)
(-133,-163,-165)
(-176,-154,-152)
(-216,-130,-140)
(-249,-99,-121)
(-273,-43,-107)
(-283,3,-93)
(-294,50,-80)
(-286,68,-66)
(-265,101,-23)
(-250,104,4)
(-232,100,42)
(-205,67,67)
(-194,40,90)
(-166,4,90)
(-148,-28,94)
(-147,-59,85)
(-142,-92,62)
(-152,-110,38)
(-174,-114,10)
(-204,-116,-18)
(-237,-81,-29)
(-259,-41,-27)
(-280,10,-18)
(-270,72,-22)
(-254,126,-38)
(-236,184,-50)
(-204,208,-74)
(-181,233,-105)
(-174,224,-134)
(-170,228,-138)
(-197,217,-129)
(-211,209,-101)
(-222,188,-52)
(-229,161,-9)
(-211,133,43)
(-197,105,67)
(-186,92,82)
(-174,92,86)
(-171,113,81)
(-159,131,77)
(-150,158,66)
(-124,194,54)
(-98,222,32)
(-74,246,-12)
(-68,258,-62)
(-57,259,-107)
(-55,259,-143)
(-52,246,-170)
(-70,234,-220)
(-82,216,-252)
(-104,196,-268)
(-142,176,-270)
(-168,186,-266)
(-204,164,-244)
(-229,155,-207)
(-255,137,-175)
(-270,108,-158)
(-279,113,-105)
(-277,87,-63)
(-273,93,-39)
(-260,94,-22)
(-252,110,-8)
(-247,127,7)
(-223,143,9)
(-195,177,25)
(-143,195,37)
(-100,204,34)
(-60,224,28)
(-21,217,11)
(10,214,-10)
(31,223,-43)
(40,222,-76)
(51,219,-129)
(36,220,-172)
(22,210,-198)
(-9,191,-237)
(-42,184,-272)
(-90,166,-294)
(-136,158,-296)
(-178,148,-282)
(-212,124,-266)
(-245,119,-217)
(-284,102,-192)
(-273,83,-143)
(-282,64,-96)
(-282,40,-54)
(-263,17,-1)
(-243,-11,25)
(-213,-29,41)
(-187,-61,51)
(-163,-85,53)
(-137,-99,59)
(-101,-133,31)
(-93,-153,-1)
(-65,-167,-27)
(-43,-177,-73)
(-32,-184,-110)
(-21,-183,-137)
(-12,-182,-164)
(-3,-171,-187)
(11,-149,-201)
(13,-147,-217)
(6,-128,-228)
(18,-124,-224)
(14,-132,-238)
(8,-120,-238)
(17,-125,-227)
(11,-127,-237)
(12,-126,-232)
(11,-125,-247)
(16,-126,-244)
(16,-116,-248)
(18,-116,-250)
(24,-104,-264)
(12,-90,-266)
(27,-77,-271)
(9,-61,-293)
(11,-45,-293)
(0,-36,-298)
(8,-10,-298)
(0,4,-292)
(-2,10,-312)
(0,26,-312)
(-16,64,-308)
(-15,55,-299)
(-11,61,-303)
(-19,75,-303)
(-19,89,-297)
(-18,88,-292)
(-19,89,-291)
(-20,80,-294)
(-17,83,-295)
(-4,70,-302)
(3,55,-303)
(24,32,-298)
(33,-3,-291)
(30,-14,-286)
(43,-57,-267)
(35,-93,-259)
(48,-106,-218)
(46,-132,-186)
(42,-158,-150)
(25,-163,-103)
(18,-170,-66)
(-3,-163,-23)
(-28,-154,14)
(-56,-126,46)
(-73,-115,63)
(-94,-80,76)
(-118,-68,84)
(-139,-45,83)
(-177,-35,81)
(-186,-6,72)
(-219,19,59)
(-228,30,52)
(-240,42,36)
(-250,64,12)
(-257,91,-1)
(-263,101,-19)
(-261,125,-45)
(-254,142,-68)
(-251,171,-93)
(-240,172,-116)
(-240,180,-132)
(-223,195,-153)
(-202,204,-168)
(-183,209,-183)
(-156,220,-190)
(-147,223,-199)
(-127,231,-201)
(-110,230,-214)
(-85,223,-215)
(-73,219,-211)
(-50,226,-206)
(-30,222,-216)
(-9,231,-207)
(12,218,-200)
(22,210,-196)
(38,204,-182)
(54,200,-172)
(57,197,-159)
(71,207,-141)
(82,194,-120)
(85,195,-103)
(90,188,-88)
(95,179,-69)
(104,168,-50)
(97,167,-43)
(99,157,-33)
(104,140,-16)
(98,136,-2)
(91,137,17)
(84,146,26)
(79,139,31)
(74,132,48)
(71,135,55)
(55,131,57)
(58,128,52)
(58,130,60)
(67,119,59)
(65,111,63)
(65,95,65)
(85,81,67)
(85,49,67)
(88,28,74)
(84,-6,62)
(74,-50,56)
(56,-84,46)
(29,-119,31)
(2,-144,12)
(-14,-162,-2)
(-44,-174,-20)
(-57,-187,-61)
(-66,-192,-88)
(-57,-193,-125)
(-57,-187,-173)
(-45,-181,-193)
(-26,-162,-222)
(-11,-151,-233)
(14,-150,-226)
(45,-141,-219)
(53,-139,-193)
(49,-147,-165)
(41,-159,-141)
(13,-177,-105)
(-18,-174,-80)
(-67,-183,-57)
(-124,-170,-28)
(-173,-143,-23)
(-214,-104,-34)
(-247,-79,-47)
(-265,-45,-71)
(-272,-8,-106)
(-285,21,-151)
(-276,64,-176)
(-261,101,-207)
(-238,136,-218)
(-209,163,-223)
(-178,198,-228)
(-124,226,-214)
(-85,239,-195)
(-38,248,-168)
(-25,237,-147)
(1,231,-131)
(33,227,-117)
(47,213,-103)
(69,205,-71)
(70,192,-44)
(66,182,-8)
(75,155,23)
(60,146,48)
(59,129,69)
(54,106,74)
(52,108,86)
(59,81,83)
(70,60,82)
(67,39,83)
(64,24,74)
(66,-8,80)
(65,-31,67)
(50,-58,66)
(32,-94,50)
(17,-111,41)
(8,-132,26)
(-11,-145,15)
(-22,-166,-10)
(-35,-181,-35)
(-30,-184,-66)
(-19,-189,-99)
(-19,-187,-137)
(5,-179,-165)
(8,-174,-184)
(19,-167,-201)
(25,-159,-197)
(39,-151,-183)
(45,-153,-169)
(34,-176,-132)
(-2,-182,-100)
(-51,-189,-75)
(-107,-173,-53)
(-166,-154,-40)
(-223,-107,-47)
(-266,-58,-64)
(-280,-14,-94)
(-283,21,-127)
(-270,74,-172)
(-252,96,-198)
(-230,144,-228)
(-200,164,-252)
(-162,170,-266)
(-111,189,-267)
(-78,208,-254)
(-39,211,-239)
(5,215,-227)
(40,210,-188)
(74,188,-168)
(98,182,-142)
(108,162,-96)
(115,153,-81)
(112,150,-42)
(110,138,-18)
(108,130,12)
(100,112,24)
(92,102,40)
(104,88,44)
(104,70,46)
(106,64,32)
(114,58,36)
(122,40,44)
(112,6,46)
(98,-18,40)
(81,-55,39)
(79,-81,25)
(81,-95,13)
(86,-100,6)
(84,-100,0)
(83,-105,-11)
(83,-105,-13)
(90,-108,-34)
(100,-102,-30)
(100,-96,-50)
(114,-100,-60)
(119,-103,-63)
(119,-89,-85)
(122,-92,-92)
(130,-90,-108)
(139,-79,-115)
(134,-68,-138)
(140,-58,-144)
(134,-50,-176)
(122,-40,-182)
(124,-48,-196)
(132,-36,-196)
(128,-34,-212)
(120,-40,-216)
(121,-49,-209)
(115,-59,-195)
(113,-75,-163)
(111,-107,-127)
(90,-122,-92)
(71,-131,-53)
(48,-132,-12)
(23,-129,23)
(-6,-108,60)
(-26,-84,86)
(-64,-52,114)
(-73,-25,117)
(-87,7,127)
(-119,33,123)
(-133,67,119)
(-134,108,92)
(-155,151,75)
(-148,172,54)
(-153,201,17)
(-150,234,-28)
(-121,241,-85)
(-103,255,-115)
(-78,246,-162)
(-51,241,-201)
(-31,219,-233)
(2,198,-254)
(19,167,-275)
(28,146,-280)
(36,124,-286)
(44,100,-284)
(63,91,-287)
(68,62,-274)
(86,52,-262)
(93,45,-261)
(108,24,-246)
(114,-6,-228)
(119,-9,-221)
(131,-25,-193)
(132,-30,-174)
(129,-33,-171)
(133,-35,-163)
(133,-41,-167)
(133,-35,-183)
(125,-35,-191)
(112,-20,-212)
(107,-11,-239)
(82,14,-272)
(58,32,-292)
(32,46,-310)
(-4,74,-330)
(-46,104,-328)
(-57,107,-329)
(-100,130,-318)
(-135,147,-301)
(-178,162,-272)
(-197,173,-235)
(-219,183,-173)
(-218,194,-126)
(-206,212,-102)
(-187,217,-97)
(-148,246,-88)
(-102,258,-112)
(-71,255,-141)
(-50,238,-202)
(-68,202,-248)
(-91,189,-273)
(-126,184,-264)
(-178,184,-250)
(-223,173,-225)
(-228,166,-202)
(-243,153,-169)
(-243,161,-145)
(-235,179,-141)
(-244,178,-132)
(-249,165,-139)
(-243,169,-133)
(-254,174,-128)
(-228,194,-124)
(-199,211,-141)
(-161,225,-171)
(-124,230,-194)
(-136,210,-222)
(-152,190,-252)
(-191,159,-249)
(-230,136,-230)
(-255,107,-197)
(-272,84,-182)
(-286,72,-172)
(-277,71,-189)
(-266,74,-208)
(-260,102,-216)
(-252,102,-216)
(-266,102,-202)
(-272,86,-170)
(-286,56,-136)
(-288,22,-100)
(-278,-24,-76)
(-268,-60,-66)
(-267,-75,-79)
(-263,-79,-111)
(-266,-70,-148)
(-268,-44,-166)
(-275,-25,-177)
(-278,-34,-158)
(-276,-64,-140)
(-242,-92,-92)
(-226,-122,-76)
(-194,-150,-76)
(-166,-166,-100)
(-129,-173,-137)
(-115,-181,-171)
(-93,-181,-191)
(-64,-178,-194)
(-64,-168,-216)
(-72,-162,-216)
(-93,-175,-207)
(-121,-173,-183)
(-115,-183,-163)
(-105,-191,-149)
(-83,-195,-135)
(-74,-196,-142)
(-43,-191,-159)
(-41,-187,-173)
(-38,-178,-194)
(-36,-170,-210)
(-44,-158,-212)
(-62,-166,-200)
(-71,-171,-197)
(-91,-169,-197)
(-100,-172,-192)
(-101,-167,-207)
(-70,-170,-206)
(-41,-171,-215)
(-31,-163,-215)
(-27,-163,-215)
(-28,-176,-186)
(-37,-189,-175)
(-50,-188,-156)
(-63,-189,-137)
(-80,-196,-118)
(-93,-193,-87)
(-106,-198,-68)
(-101,-179,-37)
(-104,-174,-16)
(-108,-168,-6)
(-103,-151,13)
(-106,-144,16)
(-114,-156,0)
(-112,-166,-22)
(-116,-180,-52)
(-115,-187,-83)
(-92,-186,-104)
(-83,-197,-139)
(-63,-187,-171)
(-26,-172,-194)
(-16,-164,-214)
(3,-163,-205)
(6,-158,-200)
(24,-158,-206)
(40,-134,-196)
(54,-138,-188)
(57,-133,-177)
(65,-125,-179)
(64,-112,-182)
(66,-120,-182)
(55,-129,-187)
(33,-133,-195)
(16,-152,-198)
(-18,-172,-194)
(-58,-180,-176)
(-104,-188,-138)
(-148,-188,-86)
(-190,-148,-16)
(-195,-97,45)
(-198,-38,64)
(-194,16,82)
(-175,57,95)
(-139,119,95)
(-106,150,86)
(-63,171,79)
(-34,198,50)
(4,190,28)
(21,207,-3)
(57,195,-39)
(76,196,-66)
(99,185,-95)
(104,168,-124)
(114,140,-138)
(126,126,-168)
(125,103,-177)
(123,97,-185)
(128,94,-198)
(108,92,-212)
(99,91,-231)
(90,82,-250)
(70,58,-282)
(31,45,-311)
(-13,21,-333)
(-57,7,-337)
(-104,2,-338)
(-148,22,-332)
(-180,20,-326)
(-225,25,-293)
(-239,21,-275)
(-261,15,-241)
(-278,10,-204)
(-287,-7,-171)
(-288,-32,-138)
(-275,-59,-103)
(-269,-75,-69)
(-257,-105,-63)
(-247,-107,-49)
(-235,-131,-65)
(-222,-152,-82)
(-198,-168,-104)
(-173,-177,-141)
(-141,-183,-165)
(-109,-185,-185)
(-66,-174,-218)
(-44,-154,-254)
(-37,-149,-257)
(-35,-133,-263)
(-15,-131,-265)
(24,-132,-238)
(49,-141,-217)
(64,-122,-206)
(77,-111,-219)
(62,-90,-240)
(34,-84,-270)
(8,-110,-266)
(-27,-123,-267)
(-58,-152,-248)
(-79,-171,-217)
(-102,-174,-184)
(-134,-192,-134)
(-157,-183,-79)
(-162,-164,-24)
(-179,-123,27)
(-171,-61,75)
(-175,5,105)
(-179,55,107)
(-161,127,87)
(-126,176,72)
(-95,205,41)
(-68,228,12)
(-39,249,-37)
(-17,255,-81)
(-2,262,-116)
(11,251,-143)
(1,235,-191)
(-12,212,-238)
(-20,188,-266)
(-56,168,-292)
(-78,152,-310)
(-103,133,-323)
(-140,112,-322)
(-172,92,-302)
(-202,70,-310)
(-224,64,-282)
(-252,62,-256)
(-270,62,-206)
(-296,62,-148)
(-292,42,-74)
(-277,15,-25)
(-246,-8,18)
(-226,-32,50)
(-180,-70,70)
(-136,-94,66)
(-98,-132,54)
(-64,-154,28)
(-36,-180,-18)
(-18,-182,-44)
(-5,-179,-71)
(5,-185,-93)
(19,-189,-99)
(30,-178,-138)
(49,-161,-171)
(59,-131,-221)
(63,-107,-245)
(65,-75,-261)
(44,-66,-282)
(28,-66,-294)
(-10,-72,-298)
(-40,-98,-292)
(-67,-143,-261)
(-77,-161,-225)
(-91,-177,-189)
(-100,-184,-148)
(-107,-191,-91)
(-107,-177,-41)
(-106,-140,20)
(-84,-116,68)
(-55,-49,105)
(-23,-17,115)
(7,37,109)
(38,68,94)
(71,101,59)
(97,133,25)
(111,137,-21)
(117,145,-61)
(126,138,-92)
(128,134,-114)
(135,113,-129)
(144,118,-136)
(119,129,-161)
(103,153,-199)
(57,155,-241)
(-1,155,-295)
(-75,163,-303)
(-139,153,-299)
(-197,157,-259)
(-203,171,-245)
(-187,209,-203)
(-146,240,-166)
(-84,258,-152)
(-2,256,-128)
(84,204,-118)
(105,179,-143)
(93,183,-167)
(42,160,-248)
(16,150,-286)
(-20,130,-312)
(-57,115,-319)
(-111,127,-305)
(-156,132,-304)
(-185,171,-257)
(-200,186,-210)
(-177,221,-185)
(-138,244,-144)
(-69,263,-115)
(2,248,-102)
(49,219,-121)
(57,215,-159)
(59,205,-185)
(41,187,-229)
(12,180,-252)
(-17,163,-289)
(-56,158,-298)
(-93,161,-303)
(-151,161,-279)
(-195,161,-249)
(-206,174,-214)
(-196,206,-168)
(-179,223,-143)
(-139,241,-103)
(-62,266,-86)
(20,240,-80)
(39,225,-87)
(47,223,-129)
(35,219,-183)
(2,224,-212)
(-48,214,-232)
(-97,223,-223)
(-145,221,-201)
(-177,219,-161)
(-199,211,-117)
(-201,205,-55)
(-203,197,-25)
(-191,201,-31)
(-172,230,-34)
(-108,248,-46)
(-58,258,-76)
(-34,258,-108)
(-52,254,-142)
(-85,255,-177)
(-129,233,-183)
(-174,222,-160)
(-202,214,-112)
(-219,191,-65)
(-220,152,0)
(-222,112,42)
(-213,95,63)
(-227,107,49)
(-200,142,36)
(-158,200,26)
(-125,235,-5)
(-119,245,-39)
(-133,239,-69)
(-157,239,-61)
(-182,210,-28)
(-192,180,18)
(-182,140,58)
(-171,97,91)
(-166,48,92)
(-166,8,100)
(-175,-15,91)
(-205,5,75)
(-233,41,59)
(-210,100,66)
(-182,160,46)
(-178,174,30)
(-177,185,25)
(-188,146,52)
(-175,101,85)
(-151,45,109)
(-121,11,117)
(-113,-47,115)
(-100,-92,96)
(-115,-117,77)
(-151,-121,49)
(-185,-97,51)
(-223,-37,53)
(-235,35,39)
(-226,96,54)
(-219,101,55)
(-207,85,73)
(-180,24,94)
(-148,-28,104)
(-106,-72,102)
(-83,-107,75)
(-69,-119,67)
(-49,-151,37)
(-41,-161,11)
(-66,-176,-40)
(-110,-188,-52)
(-139,-167,-55)
(-180,-150,-50)
(-206,-120,-30)
(-223,-85,-5)
(-224,-60,26)
(-210,-18,72)
(-184,-8,88)
(-156,-26,104)
(-114,-60,102)
(-81,-99,91)
(-51,-133,55)
(-46,-166,2)
(-49,-177,-39)
(-56,-186,-76)
(-64,-190,-106)
(-68,-188,-130)
(-88,-190,-126)
(-101,-185,-123)
(-140,-180,-102)
(-171,-173,-77)
(-203,-141,-37)
(-200,-112,-4)
(-199,-105,29)
(-161,-117,43)
(-125,-145,35)
(-97,-165,-5)
(-73,-175,-35)
(-68,-184,-78)
(-62,-186,-114)
(-58,-188,-146)
(-42,-178,-176)
(-19,-177,-193)
(-19,-167,-193)
(-32,-170,-192)
(-65,-175,-175)
(-100,-184,-148)
(-134,-176,-124)
(-148,-172,-94)
(-159,-165,-51)
(-131,-177,-49)
(-100,-184,-68)
(-87,-189,-99)
(-90,-186,-144)
(-100,-178,-172)
(-80,-172,-194)
(-79,-169,-205)
(-60,-160,-204)
(-46,-174,-202)
(-28,-166,-200)
(-18,-156,-194)
(-14,-160,-214)
(0,-154,-214)
(-13,-157,-209)
(-49,-175,-193)
(-97,-193,-137)
(-129,-181,-103)
(-175,-159,-85)
(-199,-137,-39)
(-193,-135,-15)
(-151,-149,11)
(-118,-162,8)
(-87,-173,-33)
(-54,-180,-84)
(-41,-181,-129)
(-20,-178,-172)
(-15,-153,-199)
(0,-144,-216)
(17,-133,-223)
(10,-130,-226)
(8,-136,-220)
(-4,-156,-212)
(-39,-173,-177)
(-65,-187,-145)
(-101,-181,-99)
(-105,-187,-61)
(-106,-184,-60)
(-106,-182,-46)
(-85,-181,-57)
(-66,-188,-78)
(-48,-180,-120)
(-29,-175,-155)
(-18,-176,-188)
(-8,-140,-218)
(7,-137,-223)
(20,-126,-240)
(31,-117,-235)
(35,-109,-251)
(51,-107,-227)
(67,-117,-193)
(57,-145,-129)
(18,-162,-98)
(-10,-172,-52)
(-48,-162,-16)
(-93,-159,3)
(-118,-150,12)
(-160,-150,-14)
(-178,-136,-16)
(-189,-125,-19)
(-167,-135,7)
(-178,-118,18)
(-187,-89,39)
(-176,-70,62)
(-196,-26,76)
(-195,11,87)
(-189,57,85)
(-170,108,84)
(-165,129,83)
(-143,173,65)
(-143,207,41)
(-115,227,17)
(-87,241,-17)
(-55,253,-59)
(-25,247,-75)
(3,243,-93)
(33,231,-123)
(57,213,-129)
(86,194,-132)
(96,176,-122)
(120,162,-116)
(125,141,-91)
(136,118,-44)
(131,103,-3)
(116,84,36)
(103,57,63)
(92,52,80)
(87,49,77)
(102,66,60)
(109,103,37)
(118,138,-6)
(105,171,-61)
(88,190,-118)
(59,215,-169)
(26,220,-212)
(-8,206,-252)
(-46,194,-268)
(-86,168,-292)
(-130,156,-302)
(-159,117,-313)
(-201,97,-299)
(-225,65,-279)
(-241,53,-265)
(-256,38,-240)
(-271,35,-205)
(-288,36,-178)
(-301,25,-133)
(-296,12,-96)
(-286,4,-62)
(-285,-7,-29)
(-262,-2,-8)
(-263,3,11)
(-255,5,27)
(-246,8,36)
(-251,5,17)
(-271,11,-7)
(-284,30,-54)
(-296,38,-102)
(-290,48,-136)
(-280,54,-176)
(-265,71,-219)
(-254,70,-246)
(-230,76,-258)
(-218,88,-272)
(-195,99,-281)
(-188,124,-302)
(-168,136,-294)
(-135,165,-285)
(-96,184,-284)
(-76,204,-260)
(-51,213,-241)
(-64,204,-260)
(-94,196,-268)
(-121,181,-281)
(-151,165,-283)
(-182,136,-272)
(-212,114,-270)
(-234,104,-258)
(-257,89,-233)
(-262,84,-224)
(-283,83,-181)
(-297,63,-135)
(-294,42,-78)
(-276,8,-30)
(-243,-27,21)
(-208,-56,38)
(-182,-94,42)
(-151,-115,49)
(-112,-140,34)
(-66,-160,8)
(-49,-173,-15)
(-27,-177,-47)
(-28,-182,-90)
(-51,-181,-105)
(-70,-198,-114)
(-86,-190,-104)
(-117,-189,-77)
(-154,-168,-18)
(-179,-111,19)
(-202,-54,56)
(-192,6,82)
(-163,55,107)
(-129,103,111)
(-83,133,109)
(-45,153,85)
(-8,168,70)
(23,177,45)
(58,166,26)
(80,184,-12)
(88,180,-42)
(93,177,-87)
(100,180,-128)
(94,162,-170)
(91,155,-187)
(91,143,-211)
(89,129,-231)
(82,114,-240)
(75,109,-245)
(81,77,-263)
(78,60,-274)
(62,38,-282)
(61,21,-287)
(60,-8,-286)
(48,-10,-284)
(35,-51,-287)
(14,-72,-286)
(-6,-96,-286)
(-7,-97,-281)
(16,-80,-278)
(20,-68,-282)
(39,-45,-283)
(54,-34,-272)
(56,-10,-278)
(38,10,-294)
(17,31,-305)
(-8,66,-312)
(-15,113,-299)
(-34,146,-292)
(-34,192,-266)
(-46,206,-234)
(-70,232,-218)
(-74,240,-176)
(-101,249,-129)
(-111,247,-73)
(-113,235,-19)
(-107,213,35)
(-100,182,78)
(-84,156,96)
(-70,118,116)
(-44,72,126)
(-31,39,119)
(-26,10,126)
(-10,-30,110)
(-9,-51,97)
(-3,-71,81)
(4,-98,64)
(19,-117,45)
(38,-136,8)
(32,-140,-18)
(45,-157,-47)
(54,-154,-82)
(61,-159,-109)
(63,-151,-135)
(53,-147,-149)
(51,-141,-189)
(52,-134,-220)
(61,-121,-231)
(61,-109,-233)
(62,-92,-244)
(63,-81,-257)
(57,-81,-251)
(61,-79,-259)
(59,-71,-263)
(62,-70,-260)
(73,-67,-255)
(88,-50,-248)
(97,-35,-245)
(105,-31,-241)
(105,-33,-237)
(99,-31,-245)
(91,-27,-239)
(84,-36,-250)
(82,-26,-268)
(72,-14,-268)
(60,-8,-286)
(48,6,-286)
(51,13,-289)
(34,24,-294)
(29,27,-301)
(14,34,-308)
(9,47,-311)
(17,47,-305)
(14,64,-302)
(6,66,-306)
(2,74,-304)
(2,84,-304)
(-17,79,-309)
(-22,90,-304)
(-29,97,-305)
(-26,96,-312)
(-46,84,-314)
(-39,93,-313)
(-49,91,-303)
(-54,90,-308)
(-47,87,-315)
(-43,89,-307)
(-49,81,-307)
(-43,85,-307)
(-32,84,-304)
(-15,63,-307)
(3,43,-311)
(12,26,-304)
(39,15,-287)
(35,11,-293)
(48,-26,-276)
(51,-27,-275)
(65,-55,-243)
(79,-81,-213)
(90,-114,-150)
(88,-128,-78)
(61,-125,-15)
(33,-99,41)
(6,-76,74)
(-24,-62,98)
(-45,-33,121)
(-81,-11,117)
(-93,7,125)
(-107,17,121)
(-97,11,125)
(-94,2,128)
(-82,-22,114)
(-48,-52,116)
(-27,-67,101)
(-7,-103,63)
(18,-110,46)
(45,-129,5)
(73,-137,-55)
(82,-140,-108)
(76,-118,-152)
(69,-119,-187)
(68,-104,-216)
(41,-93,-251)
(17,-91,-273)
(17,-85,-277)
(13,-59,-295)
(11,-61,-307)
(5,-53,-305)
(15,-45,-303)
(28,-54,-296)
(43,-57,-285)
(48,-60,-280)
(57,-75,-263)
(83,-101,-203)
(88,-132,-156)
(52,-154,-76)
(17,-151,-5)
(-14,-130,48)
(-53,-111,69)
(-75,-97,93)
(-94,-78,94)
(-91,-87,97)
(-69,-115,71)
(-54,-134,48)
(-25,-163,27)
(-7,-159,1)
(9,-171,-47)
(34,-164,-100)
(47,-143,-145)
(60,-134,-196)
(56,-114,-224)
(53,-99,-245)
(54,-92,-266)
(34,-62,-278)
(31,-53,-293)
(37,-43,-293)
(38,-42,-294)
(43,-37,-297)
(46,-32,-296)
(26,-20,-306)
(7,-23,-309)
(-8,-24,-318)
(-31,-29,-313)
(-72,-38,-316)
(-97,-55,-309)
(-127,-69,-301)
(-140,-90,-288)
(-139,-107,-279)
(-141,-141,-247)
(-142,-152,-206)
(-140,-172,-160)
(-142,-182,-122)
(-139,-175,-63)
(-133,-179,-35)
(-116,-166,-14)
(-107,-163,-1)
(-93,-157,7)
(-109,-151,7)
(-119,-157,5)
(-121,-165,-21)
(-128,-176,-42)
(-137,-185,-77)
(-131,-183,-119)
(-116,-178,-152)
(-98,-182,-188)
(-74,-166,-222)
(-51,-155,-235)
(-31,-143,-251)
(-7,-139,-265)
(6,-118,-264)
(27,-107,-273)
(46,-94,-264)
(70,-68,-250)
(86,-62,-246)
(96,-42,-238)
(108,-28,-230)
(116,-34,-222)
(121,-31,-213)
(140,-26,-172)
(151,-21,-155)
(149,-13,-127)
(142,-10,-142)
(141,-17,-159)
(132,-30,-180)
(123,-29,-199)
(100,-44,-232)
(72,-72,-246)
(55,-81,-263)
(28,-100,-262)
(5,-111,-271)
(-30,-118,-268)
(-47,-135,-257)
(-58,-146,-254)
(-83,-157,-235)
(-121,-169,-209)
(-151,-173,-187)
(-178,-162,-158)
(-196,-160,-122)
(-209,-141,-99)
(-216,-134,-76)
(-217,-135,-55)
(-211,-133,-69)
(-206,-140,-78)
(-185,-153,-103)
(-177,-175,-113)
(-162,-180,-118)
(-126,-192,-126)
(-72,-184,-142)
(-43,-189,-155)
(16,-174,-162)
(40,-154,-164)
(72,-134,-156)
(88,-122,-142)
(114,-92,-134)
(123,-77,-131)
(130,-56,-154)
(125,-49,-155)
(111,-31,-203)
(99,-45,-243)
(64,-50,-260)
(38,-90,-264)
(7,-111,-251)
(-32,-146,-240)
(-66,-172,-216)
(-85,-187,-191)
(-119,-181,-155)
(-143,-181,-115)
(-167,-175,-69)
(-175,-147,-31)
(-197,-129,-7)
(-213,-93,37)
(-214,-38,58)
(-197,9,83)
(-178,58,96)
(-155,105,97)
(-128,144,90)
(-104,178,78)
(-83,203,41)
(-69,241,-3)
(-66,264,-70)
(-54,262,-118)
(-42,252,-158)
(-37,231,-197)
(-20,220,-212)
(-10,206,-230)
(15,201,-227)
(45,191,-229)
(60,168,-222)
(86,148,-204)
(116,140,-180)
(116,126,-166)
(142,112,-144)
(144,100,-126)
(147,91,-97)
(148,82,-70)
(145,63,-31)
(128,48,6)
(130,44,22)
(117,41,37)
(121,47,39)
(128,80,4)
(139,107,-35)
(137,135,-97)
(106,156,-154)
(88,152,-204)
(52,158,-238)
(32,140,-278)
(-6,130,-298)
(-35,111,-319)
(-58,94,-328)
(-83,65,-333)
(-114,50,-330)
(-135,33,-335)
(-162,24,-312)
(-199,9,-301)
(-228,8,-282)
(-245,7,-263)
(-257,5,-227)
(-277,3,-189)
(-290,8,-160)
(-287,3,-121)
(-287,-7,-83)
(-273,-13,-43)
(-256,-22,-8)
(-242,-22,18)
(-212,-36,48)
(-201,-43,59)
(-165,-53,81)
(-122,-72,84)
(-67,-109,75)
(-43,-121,61)
(-26,-140,36)
(-7,-149,5)
(-3,-167,-15)
(2,-168,-36)
(-7,-171,-53)
(-1,-181,-71)
(4,-184,-90)
(-11,-179,-113)
(-27,-187,-117)
(-37,-185,-115)
(-53,-189,-107)
(-55,-185,-101)
(-57,-193,-87)
(-62,-184,-74)
(-66,-182,-52)
(-70,-180,-38)
(-82,-172,-14)
(-98,-162,0)
(-93,-155,23)
(-85,-137,43)
(-67,-131,55)
(-53,-119,63)
(-47,-109,85)
(-27,-75,93)
(-38,-52,106)
(-14,-38,106)
(-8,-12,122)
(1,7,113)
(3,35,125)
(17,63,103)
(44,88,84)
(51,97,63)
(85,123,43)
(107,135,-11)
(95,169,-65)
(95,181,-111)
(74,188,-172)
(72,182,-192)
(35,181,-247)
(-19,149,-301)
(-63,123,-319)
(-120,82,-326)
(-141,79,-337)
(-182,72,-306)
(-212,66,-296)
(-240,72,-268)
(-264,76,-216)
(-275,69,-167)
(-287,87,-121)
(-280,86,-62)
(-265,79,-17)
(-256,78,10)
(-220,62,52)
(-215,47,65)
(-171,13,97)
(-148,-2,106)
(-111,-37,109)
(-92,-42,102)
(-66,-72,96)
(-61,-77,91)
(-39,-103,73)
(-25,-109,59)
(-14,-128,38)
(2,-136,18)
(6,-136,10)
(8,-140,8)
(-3,-149,5)
(5,-149,-5)
(7,-145,-9)
(5,-145,1)
(2,-152,-4)
(-1,-151,7)
(-6,-158,0)
(0,-152,2)
(2,-152,14)
(-6,-144,26)
(1,-121,43)
(-9,-105,61)
(-15,-93,75)
(-22,-66,96)
(-23,-29,119)
(-20,0,122)
(-26,26,126)
(-26,66,122)
(-24,92,108)
(-13,111,99)
(8,112,100)
(21,121,87)
(35,125,87)
(58,120,64)
(72,146,32)
(84,146,14)
(101,163,-47)
(91,185,-109)
(75,197,-169)
(55,199,-195)
(29,181,-233)
(3,183,-265)
(-5,173,-281)
(-25,165,-289)
(-47,151,-317)
(-81,131,-313)
(-105,117,-325)
(-127,97,-321)
(-167,95,-313)
(-189,83,-301)
(-212,88,-290)
(-229,83,-269)
(-245,77,-265)
(-266,86,-234)
(-277,89,-201)
(-286,78,-164)
(-288,78,-114)
(-285,75,-89)
(-276,58,-40)
(-261,47,1)
(-241,23,49)
(-219,5,63)
(-190,-20,88)
(-150,-44,90)
(-124,-64,96)
(-87,-91,95)
(-71,-115,71)
(-55,-125,65)
(-45,-141,35)
(-46,-140,20)
(-46,-152,14)
(-45,-161,15)
(-53,-157,5)
(-59,-163,13)
(-60,-164,14)
(-65,-155,17)
(-71,-147,13)
(-74,-146,28)
(-84,-144,38)
(-88,-120,50)
(-91,-115,57)
(-100,-96,82)
(-100,-68,102)
(-102,-38,118)
(-92,-8,126)
(-86,0,124)
(-58,26,130)
(-48,32,126)
(-37,37,123)
(-24,32,128)
(-12,40,126)
(-17,55,117)
(-11,57,119)
(-5,53,125)
(-2,64,122)
(-7,59,119)
(-1,55,121)
(18,52,120)
(11,49,115)
(14,58,116)
(27,49,119)
(31,55,115)
(28,62,110)
(53,63,99)
(60,84,76)
(82,82,68)
(80,92,64)
(92,100,54)
(101,97,41)
(109,87,31)
(122,88,16)
(114,84,12)
(130,70,18)
(126,66,8)
(127,69,-3)
(130,74,-2)
(135,81,-27)
(141,99,-69)
(141,113,-113)
(133,119,-167)
(123,101,-199)
(109,87,-227)
(100,78,-254)
(86,64,-272)
(67,47,-291)
(40,40,-302)
(24,18,-312)
(20,24,-312)
(-7,-7,-319)
(-20,-10,-322)
(-27,-21,-319)
(-24,-24,-314)
(-16,-12,-322)
(13,11,-309)
(39,35,-297)
(63,49,-285)
(95,65,-247)
(114,82,-220)
(118,84,-184)
(136,100,-166)
(128,100,-140)
(133,117,-95)
(119,131,-43)
(118,136,-26)
(91,133,39)
(59,117,83)
(48,112,78)
(24,90,108)
(14,82,116)
(17,37,123)
(29,19,111)
(45,-9,103)
(48,-18,94)
(78,-18,66)
(103,-25,37)
(105,-19,23)
(125,-13,-1)
(139,-7,-15)
(148,4,-38)
(142,0,-52)
(151,5,-47)
(150,26,-46)
(154,28,-46)
(154,26,-38)
(151,27,-37)
(148,22,-26)
(138,24,4)
(118,20,32)
(92,18,60)
(87,17,79)
(44,20,106)
(18,22,116)
(16,16,128)
(-4,14,126)
(-23,17,129)
(-36,22,136)
(-44,22,134)
(-69,7,129)
(-73,23,139)
(-90,22,132)
(-100,34,134)
(-98,38,136)
(-94,32,136)
(-83,31,129)
(-64,32,130)
(-43,49,125)
(-28,54,132)
(-18,70,114)
(-12,76,116)
(-4,82,108)
(4,90,104)
(12,88,108)
(17,87,97)
(30,78,108)
(57,73,83)
(78,56,72)
(85,65,61)
(95,53,47)
(97,57,51)
(106,46,32)
(110,42,28)
(117,41,11)
(128,38,14)
(127,33,11)
(130,26,-4)
(134,10,-20)
(141,9,-35)
(138,4,-26)
(143,-3,-41)
(143,-9,-43)
(142,-16,-12)
(125,-5,3)
(95,19,43)
(97,27,67)
(53,67,85)
(41,77,95)
(33,97,97)
(19,117,95)
(16,130,96)
(-8,146,92)
(-9,163,83)
(-28,160,78)
(-45,181,71)
(-42,180,66)
(-38,176,80)
(-33,177,75)
(-21,171,69)
(-27,177,69)
(-28,176,72)
(-28,182,64)
(-24,172,66)
(-11,171,73)
(13,163,73)
(37,131,83)
(47,103,79)
(60,90,80)
(81,59,73)
(93,27,65)
(99,21,67)
(91,-21,51)
(93,-87,29)
(75,-97,23)
(38,-144,-18)
(27,-159,-13)
(-23,-175,-23)
(-28,-176,-18)
(-70,-178,-22)
(-102,-182,-34)
(-109,-185,-31)
(-147,-169,-35)
(-162,-164,-34)
(-197,-145,-39)
(-221,-123,-45)
(-239,-117,-43)
(-261,-75,-35)
(-267,-71,-39)
(-283,-25,-35)
(-280,-10,-46)
(-294,46,-38)
(-288,74,-40)
(-265,125,-45)
(-246,164,-32)
(-228,186,-32)
(-166,232,-28)
(-120,240,-26)
(-110,252,-22)
(-68,246,-10)
(-67,247,-3)
(-17,231,9)
(-10,222,18)
(19,201,37)
(25,195,33)
(36,174,48)
(38,172,48)
(50,158,56)
(59,145,65)
(72,126,58)
(67,107,69)
(70,98,70)
(72,78,94)
(68,66,90)
(63,41,95)
(88,24,82)
(96,36,72)
(113,57,29)
(122,58,24)
(130,80,-10)
(140,80,-24)
(142,92,-60)
(145,89,-75)
(137,101,-103)
(145,95,-107)
(155,81,-119)
(153,73,-113)
(147,69,-81)
(154,60,-76)
(151,59,-61)
(146,66,-62)
(152,72,-70)
(143,85,-89)
(149,97,-99)
(131,115,-137)
(133,121,-153)
(105,149,-173)
(93,161,-193)
(43,189,-215)
(-43,219,-237)
(-68,222,-236)
(-187,211,-179)
(-254,162,-140)
(-275,133,-113)
(-291,43,-87)
(-291,1,-89)
(-250,-102,-108)
(-210,-136,-148)
(-184,-148,-156)
(-149,-157,-191)
(-115,-155,-213)
(-102,-154,-234)
(-82,-136,-248)
(-74,-138,-246)
(-61,-139,-257)
(-48,-140,-264)
(-33,-131,-263)
(-19,-131,-263)
(-1,-125,-261)
(1,-127,-257)
(20,-126,-240)
(30,-126,-234)
(49,-115,-237)
(61,-109,-229)
(62,-94,-240)
(67,-85,-245)
(70,-74,-248)
(78,-64,-254)
(68,-58,-268)
(56,-62,-278)
(28,-78,-282)
(22,-88,-290)
(19,-117,-253)
(10,-126,-234)
(-9,-161,-195)
(-34,-170,-176)
(-82,-182,-136)
(-91,-185,-115)
(-109,-177,-85)
(-107,-181,-73)
(-98,-182,-76)
(-86,-180,-90)
(-71,-181,-139)
(-59,-173,-157)
(-41,-153,-209)
(-29,-155,-225)
(-17,-129,-261)
(-18,-112,-266)
(-12,-120,-256)
(-7,-119,-267)
(-1,-127,-245)
(-3,-139,-233)
(10,-150,-212)
(17,-137,-223)
(9,-117,-241)
(13,-113,-247)
(7,-81,-287)
(-2,-56,-304)
(-3,-45,-307)
(1,-23,-315)
(-1,-21,-315)
(3,7,-313)
(0,32,-306)
(0,28,-296)
(-8,36,-294)
(1,37,-297)
(-12,42,-292)
(-9,51,-297)
(-12,52,-300)
(-3,51,-293)
(-4,44,-292)
(3,45,-299)
(9,39,-289)
(30,18,-284)
(37,15,-287)
(47,-27,-269)
(52,-50,-258)
(64,-86,-226)
(64,-104,-206)
(63,-123,-153)
(58,-136,-142)
(51,-135,-75)
(42,-140,-62)
(22,-134,-8)
(5,-129,9)
(-25,-113,49)
(-33,-109,63)
(-62,-86,78)
(-75,-81,77)
(-94,-66,90)
(-100,-66,84)
(-97,-69,83)
(-101,-87,85)
(-95,-77,91)
(-74,-100,74)
(-76,-108,66)
(-58,-122,60)
(-49,-135,41)
(-48,-148,28)
(-40,-150,16)
(-14,-158,-18)
(-13,-165,-35)
(30,-154,-100)
(36,-140,-166)
(38,-144,-188)
(26,-118,-234)
(22,-104,-252)
(13,-101,-269)
(18,-66,-292)
(10,-64,-292)
(9,-35,-313)
(-7,-7,-317)
(-4,-8,-318)
(-6,8,-320)
(-16,22,-310)
(-21,29,-307)
(-10,16,-310)
(-6,24,-300)
(-7,19,-299)
(2,28,-290)
(1,27,-283)
(11,9,-287)
(13,7,-285)
(21,11,-285)
(15,5,-277)
(23,17,-271)
(18,14,-268)
(18,18,-276)
(22,18,-270)
(13,15,-265)
(25,25,-271)
(21,17,-265)
(23,13,-271)
(20,6,-272)
(20,4,-270)
(11,5,-259)
(21,15,-267)
(12,0,-264)
(11,-5,-269)
(13,3,-273)
(5,-5,-269)
(3,-3,-267)
(8,-14,-274)
(20,-8,-272)
(23,-7,-273)
(30,-10,-264)
(31,-11,-265)
(25,-11,-261)
(32,-18,-256)
(23,-19,-263)
(25,-15,-259)
(22,-20,-266)
(31,-23,-269)
(22,-22,-270)
(22,-12,-266)
(18,-4,-262)
(13,5,-277)
(-1,17,-279)
(-12,40,-284)
(-19,81,-279)
(-33,107,-273)
(-48,122,-268)
(-60,152,-234)
(-57,161,-233)
(-61,175,-225)
(-67,183,-217)
(-63,173,-217)
(-55,187,-217)
(-57,199,-207)
(-60,184,-198)
(-57,209,-165)
(-45,211,-153)
(-51,207,-149)
(-47,217,-143)
(-57,215,-135)
(-62,222,-134)
(-54,222,-130)
(-65,213,-119)
(-83,209,-119)
(-87,227,-99)
(-92,210,-102)
(-87,219,-99)
(-67,223,-127)
(-71,221,-129)
(-66,210,-186)
(-72,196,-192)
(-74,188,-210)
(-75,169,-245)
(-62,136,-272)
(-26,94,-298)
(-14,92,-304)
(-11,55,-303)
(7,35,-297)
(8,30,-302)
(0,10,-322)
(5,-25,-315)
(19,-61,-281)
(22,-76,-284)
(16,-106,-258)
(20,-132,-224)
(14,-130,-226)
(2,-150,-200)
(-4,-174,-172)
(-17,-177,-129)
(-28,-182,-108)
(-34,-180,-94)
(-52,-184,-70)
(-49,-177,-65)
(-55,-177,-37)
(-65,-179,-23)
(-63,-167,-17)
(-77,-155,17)
(-74,-156,8)
(-65,-165,3)
(-42,-174,-18)
(-44,-162,-20)
(-37,-171,-55)
(-36,-184,-84)
(-44,-172,-210)
(-69,-163,-225)
(-108,-150,-244)
(-123,-139,-241)
(-140,-146,-230)
(-175,-133,-219)
(-196,-126,-206)
(-196,-122,-192)
(-219,-133,-165)
(-214,-132,-150)
(-217,-131,-141)
(-203,-137,-131)
(-211,-141,-133)
(-213,-141,-111)
(-202,-144,-108)
(-219,-141,-105)
(-211,-137,-115)
(-217,-141,-131)
(-214,-144,-130)
(-219,-127,-143)
(-248,-108,-144)
(-253,-85,-133)
(-248,-100,-112)
(-221,-129,-93)
(-178,-152,-60)
(-142,-180,-66)
(-121,-179,-107)
(-143,-177,-135)
(-176,-158,-174)
(-203,-139,-187)
(-219,-111,-193)
(-235,-95,-207)
(-241,-75,-199)
(-252,-84,-184)
(-235,-107,-159)
(-226,-124,-154)
(-211,-141,-89)
(-209,-145,-77)
(-178,-156,-32)
(-161,-163,-25)
(-111,-181,-43)
(-121,-197,-85)
(-155,-191,-99)
(-176,-162,-106)
(-195,-161,-113)
(-223,-125,-121)
(-249,-101,-125)
(-259,-79,-131)
(-260,-80,-134)
(-261,-77,-129)
(-263,-85,-115)
(-253,-95,-113)
(-229,-129,-95)
(-188,-162,-98)
(-168,-178,-122)
(-162,-174,-132)
(-181,-161,-163)
(-194,-142,-180)
(-222,-114,-182)
(-243,-87,-187)
(-257,-75,-187)
(-263,-49,-181)
(-263,-47,-191)
(-271,-59,-175)
(-269,-77,-159)
(-258,-94,-158)
(-248,-98,-146)
(-232,-120,-118)
(-217,-145,-97)
(-189,-163,-99)
(-184,-172,-110)
(-189,-165,-111)
(-204,-154,-140)
(-227,-125,-151)
(-239,-115,-147)
(-256,-88,-154)
(-261,-67,-183)
(-255,-59,-191)
(-261,-51,-207)
(-252,-70,-220)
(-224,-94,-212)
(-233,-105,-213)
(-220,-144,-164)
(-213,-147,-119)
(-210,-156,-92)
(-200,-148,-46)
(-192,-144,-32)
(-189,-141,-13)
(-193,-141,-29)
(-214,-138,-64)
(-227,-129,-85)
(-235,-129,-107)
(-249,-109,-143)
(-260,-96,-166)
(-259,-71,-189)
(-258,-58,-196)
(-264,-40,-208)
(-265,-21,-217)
(-270,-8,-218)
(-270,4,-224)
(-278,20,-218)
(-273,27,-215)
(-272,22,-220)
(-270,12,-220)
(-273,3,-219)
(-277,-7,-215)
(-275,-19,-195)
(-277,-51,-165)
(-271,-67,-145)
(-271,-83,-131)
(-270,-94,-110)
(-269,-93,-99)
(-255,-105,-95)
(-250,-100,-74)
(-262,-96,-84)
(-271,-91,-103)
(-281,-85,-117)
(-283,-65,-135)
(-283,-39,-171)
(-281,-41,-179)
(-272,-22,-202)
(-269,-1,-215)
(-280,-8,-224)
(-275,-11,-215)
(-284,-2,-204)
(-285,-3,-203)
(-291,-7,-193)
(-288,-32,-186)
(-287,-31,-181)
(-278,-38,-184)
(-289,-21,-193)
(-272,-8,-190)
(-276,2,-190)
(-282,-16,-184)
(-280,-62,-156)
(-277,-69,-145)
(-269,-87,-147)
(-272,-76,-156)
(-280,-42,-172)
(-284,-6,-188)
(-285,3,-193)
(-278,-4,-192)
(-284,-28,-186)
(-279,-51,-155)
(-282,-78,-150)
(-282,-54,-166)
(-281,-29,-185)
(-287,1,-193)
(-284,4,-200)
(-281,-13,-185)
(-278,-38,-182)
(-277,-31,-195)
(-281,-9,-207)
(-273,-9,-223)
(-266,24,-230)
(-270,22,-242)
(-262,28,-246)
(-250,32,-250)
(-250,44,-250)
(-258,36,-246)
(-261,43,-243)
(-258,34,-244)
(-268,24,-236)
(-276,0,-220)
(-280,-6,-196)
(-279,-23,-187)
(-282,-30,-182)
(-279,-25,-163)
(-282,-44,-144)
(-284,-50,-136)
(-268,-68,-126)
(-266,-80,-112)
(-263,-93,-107)
(-268,-84,-110)
(-276,-82,-118)
(-285,-63,-129)
(-292,-50,-140)
(-289,-35,-159)
(-290,-6,-168)
(-291,-3,-185)
(-284,8,-196)
(-276,2,-204)
(-274,-2,-222)
(-273,1,-223)
(-270,2,-228)
(-275,1,-225)
(-273,5,-219)
(-273,-9,-223)
(-286,-6,-216)
(-295,-13,-185)
(-284,-22,-160)
(-285,-39,-155)
(-286,-44,-154)
(-278,-48,-148)
(-280,-48,-140)
(-288,-48,-140)
(-289,-37,-151)
(-285,-25,-157)
(-286,-12,-180)
(-271,-27,-191)
(-281,-41,-181)
(-279,-53,-183)
(-278,-76,-154)
(-263,-81,-147)
(-278,-88,-126)
(-274,-86,-122)
(-262,-92,-100)
(-268,-92,-98)
(-264,-92,-112)
(-263,-97,-137)
(-270,-66,-152)
(-285,-49,-165)
(-283,-33,-185)
(-283,-25,-201)
(-282,-36,-170)
(-284,-56,-152)
(-280,-76,-110)
(-254,-98,-78)
(-235,-109,-39)
(-213,-117,-15)
(-195,-127,-5)
(-175,-129,13)
(-148,-142,16)
(-135,-161,5)
(-125,-153,9)
(-121,-155,25)
(-116,-138,44)
(-102,-132,48)
(-103,-121,61)
(-79,-125,69)
(-76,-144,30)
(-81,-161,13)
(-83,-181,-19)
(-80,-184,-36)
(-71,-193,-67)
(-66,-194,-82)
(-52,-196,-96)
(-40,-186,-98)
(-11,-191,-109)
(7,-187,-95)
(21,-183,-103)
(32,-180,-84)
(23,-173,-69)
(1,-171,-29)
(-39,-169,-7)
(-69,-155,23)
(-98,-130,44)
(-110,-122,52)
(-142,-74,82)
(-163,-47,87)
(-175,-5,91)
(-192,34,92)
(-188,76,90)
(-193,115,75)
(-177,143,61)
(-167,177,45)
(-158,182,42)
(-150,190,22)
(-157,195,23)
(-169,183,25)
(-169,161,47)
(-177,97,75)
(-175,31,99)
(-146,-24,104)
(-131,-95,87)
(-119,-131,45)
(-82,-176,-10)
(-63,-181,-67)
(-18,-184,-126)
(10,-172,-192)
(4,-130,-256)
(-7,-75,-311)
(-50,-16,-336)
(-89,23,-339)
(-125,47,-339)
(-145,55,-329)
(-162,68,-320)
(-174,76,-308)
(-195,73,-297)
(-203,69,-281)
(-217,63,-281)
(-222,62,-278)
(-214,62,-266)
(-213,75,-271)
(-225,73,-249)
(-225,87,-265)
(-214,94,-258)
(-208,102,-264)
(-202,92,-266)
(-187,85,-291)
(-184,68,-290)
(-173,25,-317)
(-167,3,-317)
(-148,-12,-314)
(-137,-35,-317)
(-129,-63,-315)
(-118,-96,-288)
(-122,-102,-276)
(-109,-125,-261)
(-103,-125,-257)
(-103,-135,-251)
(-100,-134,-258)
(-95,-121,-271)
(-107,-109,-295)
(-121,-75,-311)
(-124,-62,-306)
(-129,-39,-317)
(-128,-26,-310)
(-136,-8,-324)
(-134,6,-324)
(-136,12,-330)
(-135,7,-337)
(-129,-11,-329)
(-106,-18,-320)
(-98,-54,-316)
(-87,-73,-305)
(-80,-90,-290)
(-77,-111,-285)
(-67,-125,-261)
(-73,-143,-253)
(-87,-161,-225)
(-92,-166,-208)
(-112,-176,-196)
(-99,-169,-191)
(-100,-176,-198)
(-92,-168,-218)
(-96,-140,-248)
(-103,-113,-279)
(-94,-98,-296)
(-85,-77,-309)
(-82,-48,-320)
(-87,-43,-335)
(-87,-21,-335)
(-84,-6,-338)
(-87,-3,-333)
(-84,-6,-336)
(-85,-7,-331)
(-70,-42,-330)
(-51,-75,-309)
(-38,-88,-294)
(-47,-109,-291)
(-45,-129,-271)
(-62,-124,-266)
(-42,-146,-254)
(-50,-174,-210)
(-66,-178,-186)
(-74,-180,-174)
(-80,-184,-144)
(-80,-184,-142)
(-58,-178,-184)
(-69,-149,-247)
(-79,-129,-281)
(-85,-95,-293)
(-91,-65,-315)
(-114,-34,-318)
(-130,-18,-322)
(-149,-15,-313)
(-161,-17,-311)
(-165,-23,-307)
(-165,-57,-295)
(-149,-101,-275)
(-149,-99,-277)
(-152,-106,-270)
(-162,-76,-290)
(-172,-36,-294)
(-172,-8,-304)
(-157,9,-309)
(-149,3,-317)
(-144,-24,-310)
(-143,-53,-303)
(-144,-98,-280)
(-139,-99,-279)
(-143,-105,-279)
(-153,-69,-285)
(-167,-45,-305)
(-161,-13,-313)
(-153,1,-319)
(-136,-16,-326)
(-119,-33,-319)
(-110,-50,-316)
(-118,-64,-308)
(-155,-67,-299)
(-162,-76,-284)
(-174,-84,-264)
(-159,-107,-259)
(-162,-116,-254)
(-160,-120,-236)
(-160,-120,-238)
(-173,-109,-239)
(-191,-87,-255)
(-190,-92,-236)
(-186,-106,-230)
(-181,-103,-233)
(-170,-116,-228)
(-151,-143,-219)
(-139,-151,-209)
(-145,-141,-207)
(-168,-120,-228)
(-189,-95,-237)
(-201,-65,-259)
(-218,-38,-266)
(-212,-26,-266)
(-204,-68,-252)
(-194,-100,-234)
(-177,-121,-231)
(-173,-125,-233)
(-191,-105,-241)
(-210,-76,-256)
(-198,-46,-274)
(-198,-24,-284)
(-186,-10,-294)
(-165,5,-305)
(-158,24,-314)
(-164,20,-314)
(-167,-19,-301)
(-178,-46,-296)
(-170,-96,-264)
(-156,-128,-244)
(-137,-159,-229)
(-106,-158,-204)
(-90,-178,-198)
(-52,-188,-182)
(-49,-187,-171)
(-52,-186,-170)
(-41,-193,-175)
(-29,-191,-171)
(-16,-186,-156)
(19,-173,-155)
(41,-175,-155)
(53,-159,-137)
(38,-168,-128)
(6,-184,-136)
(-50,-186,-140)
(-117,-185,-139)
(-157,-175,-141)
(-151,-175,-133)
(-83,-195,-129)
(11,-177,-155)
(58,-158,-166)
(65,-153,-153)
(57,-161,-135)
(32,-178,-110)
(-10,-192,-92)
(-57,-185,-51)
(-110,-170,-22)
(-169,-155,-31)
(-209,-137,-63)
(-235,-119,-85)
(-242,-110,-146)
(-224,-126,-178)
(-196,-142,-190)
(-162,-158,-200)
(-141,-161,-205)
(-155,-159,-193)
(-188,-128,-192)
(-222,-86,-204)
(-262,-62,-184)
(-273,-39,-141)
(-278,-30,-118)
(-286,-2,-92)
(-275,15,-55)
(-263,37,-7)
(-228,48,50)
(-177,67,89)
(-129,95,89)
(-72,96,110)
(-10,90,100)
(23,93,87)
(52,98,68)
(84,96,40)
(94,104,30)
(100,102,10)
(102,110,18)
(75,107,41)
(33,105,79)
(-15,135,85)
(-64,166,68)
(-113,197,33)
(-140,204,10)
(-169,203,-15)
(-197,201,-49)
(-212,194,-68)
(-230,182,-92)
(-232,182,-106)
(-230,176,-126)
(-234,172,-146)
(-246,158,-168)
(-244,148,-174)
(-245,145,-165)
(-258,136,-168)
(-259,115,-157)
(-273,97,-167)
(-275,87,-171)
(-274,68,-178)
(-275,35,-205)
(-273,11,-209)
(-257,-23,-221)
(-254,-44,-224)
(-242,-58,-220)
(-249,-67,-207)
(-249,-63,-195)
(-259,-63,-161)
(-262,-54,-94)
(-255,-59,-45)
(-255,-39,-17)
(-255,-65,-39)
(-253,-87,-67)
(-215,-123,-83)
(-187,-153,-79)
(-155,-173,-93)
(-114,-190,-102)
(-95,-187,-91)
(-88,-190,-70)
(-57,-181,-83)
(-47,-177,-125)
(-64,-186,-94)
(-83,-171,-31)
(-84,-168,2)
(-60,-170,-8)
(-45,-185,-67)
(-38,-186,-138)
(-70,-180,-90)
(-101,-171,-25)
(-89,-147,17)
(-43,-163,7)
(-10,-172,-40)
(-12,-182,-90)
(-30,-176,-60)
(-55,-165,-9)
(-40,-158,-2)
(-12,-166,-72)
(-19,-179,-89)
(-41,-165,-21)
(-47,-155,21)
(-11,-155,-25)
(11,-171,-89)
(-24,-164,-32)
(-38,-158,0)
(-10,-152,-6)
(4,-160,-26)
(9,-165,-27)
(8,-158,-28)
(11,-163,-47)
(-6,-158,-52)
(1,-167,-41)
(1,-167,-43)
(2,-164,-56)
(-3,-161,-61)
(-13,-161,-63)
(-6,-172,-68)
(-18,-164,-72)
(-20,-168,-66)
(-34,-174,-72)
(-36,-172,-72)
(-36,-174,-68)
(-37,-163,-69)
(-34,-166,-78)
(-28,-170,-78)
(-27,-169,-77)
(-29,-165,-83)
(-32,-176,-76)
(-19,-177,-71)
(-2,-164,-72)
(-8,-158,-78)
(14,-166,-94)
(23,-163,-91)
(20,-152,-88)
(23,-157,-83)
(13,-157,-81)
(11,-169,-77)
(-8,-172,-72)
(-4,-174,-78)
(-3,-175,-81)
(-16,-176,-80)
(-14,-172,-76)
(-6,-176,-84)
(1,-175,-75)
(-9,-173,-81)
(-6,-168,-82)
(-3,-165,-73)
(-8,-176,-72)
(-7,-171,-71)
(-12,-184,-64)
(-13,-173,-67)
(-28,-186,-72)
(-38,-184,-60)
(-79,-175,-55)
(-133,-163,-55)
(-194,-138,-66)
(-252,-96,-60)
(-274,-40,-64)
(-294,6,-72)
(-285,39,-101)
(-288,82,-120)
(-266,134,-124)
(-235,185,-117)
(-186,230,-106)
(-124,248,-82)
(-71,257,-63)
(-17,241,-41)
(30,210,-14)
(67,185,-11)
(110,152,-20)
(123,137,-37)
(130,126,-96)
(130,130,-140)
(117,139,-155)
(113,155,-151)
(107,167,-135)
(106,184,-104)
(98,178,-60)
(96,162,-36)
(87,167,-9)
(76,188,-6)
(66,192,-6)
(57,211,-15)
(46,204,-10)
(51,207,1)
(33,209,-5)
(29,225,-7)
(15,231,-17)
(20,216,-12)
(15,203,29)
(21,155,63)
(38,122,72)
(43,111,71)
(50,132,58)
(46,128,58)
(69,131,53)
(58,138,42)
(55,157,33)
(63,171,21)
(60,162,14)
(44,170,8)
(57,189,-1)
(58,186,6)
(58,190,-22)
(39,229,-81)
(15,239,-103)
(12,240,-100)
(-7,249,-129)
(-36,254,-118)
(-52,256,-120)
(-75,251,-115)
(-109,249,-117)
(-128,250,-118)
(-120,244,-120)
(-102,256,-114)
(-81,253,-117)
(-68,256,-104)
(-49,257,-113)
(-51,257,-131)
(-77,247,-117)
(-93,257,-95)
(-98,244,-56)
(-93,239,-11)
(-88,224,6)
(-78,218,16)
(-80,228,2)
(-77,241,-29)
(-73,247,-55)
(-86,246,-70)
(-99,251,-71)
(-110,244,-54)
(-118,230,-28)
(-107,231,-9)
(-102,210,18)
(-101,219,27)
(-98,226,8)
(-103,235,-23)
(-105,243,-41)
(-98,248,-54)
(-113,243,-59)
(-109,239,-39)
(-116,212,-8)
(-110,210,24)
(-109,187,43)
(-108,166,62)
(-116,156,78)
(-120,154,66)
(-134,172,62)
(-136,182,48)
(-138,188,28)
(-134,206,26)
(-130,204,26)
(-130,196,28)
(-122,186,42)
(-103,169,63)
(-86,144,86)
(-83,127,105)
(-77,105,107)
(-94,92,110)
(-120,96,116)
(-128,112,94)
(-141,129,79)
(-144,156,74)
(-151,169,59)
(-136,164,60)
(-138,154,70)
(-121,135,83)
(-109,113,93)
(-115,109,99)
(-122,108,102)
(-145,119,89)
(-155,137,79)
(-168,160,54)
(-171,171,29)
(-180,188,14)
(-176,192,22)
(-178,174,24)
(-178,148,54)
(-158,126,70)
(-178,106,76)
(-187,85,81)
(-195,99,63)
(-214,104,44)
(-219,137,23)
(-223,155,-3)
(-215,151,-15)
(-228,162,-24)
(-236,148,-26)
(-239,129,-3)
(-231,101,25)
(-239,77,29)
(-228,84,30)
(-240,82,16)
(-244,100,20)
(-248,112,6)
(-231,137,1)
(-221,149,-1)
(-220,154,4)
(-228,132,2)
(-232,94,18)
(-241,59,31)
(-253,17,25)
(-258,-48,-16)
(-256,-74,-46)
(-228,-112,-90)
(-221,-117,-103)
(-198,-152,-132)
(-163,-165,-143)
(-143,-179,-143)
(-119,-193,-131)
(-92,-188,-128)
(-76,-200,-120)
(-33,-189,-121)
(-13,-179,-123)
(7,-185,-125)
(33,-173,-121)
(39,-161,-143)
(44,-162,-154)
(30,-172,-162)
(18,-170,-184)
(0,-174,-190)
(-26,-182,-184)
(-47,-187,-167)
(-72,-184,-168)
(-77,-183,-163)
(-110,-176,-168)
(-140,-174,-166)
(-139,-177,-161)
(-155,-165,-165)
(-177,-159,-155)
(-201,-139,-147)
(-222,-132,-128)
(-224,-128,-122)
(-241,-125,-107)
(-237,-107,-97)
(-232,-112,-82)
(-244,-96,-62)
(-234,-94,-22)
(-218,-84,0)
(-202,-78,38)
(-181,-71,61)
(-166,-58,76)
(-143,-55,89)
(-121,-47,95)
(-120,-36,100)
(-98,-26,110)
(-100,-8,100)
(-113,21,113)
(-140,44,112)
(-165,71,93)
(-170,112,80)
(-178,132,64)
(-199,139,41)
(-211,129,29)
(-226,110,32)
(-224,80,28)
(-232,54,38)
(-229,17,39)
(-235,-23,25)
(-236,-54,20)
(-216,-90,6)
(-198,-118,-18)
(-188,-148,-38)
(-169,-175,-49)
(-150,-174,-76)
(-127,-187,-99)
(-104,-192,-116)
(-80,-192,-140)
(-51,-191,-163)
(-47,-191,-181)
(-45,-183,-211)
(-65,-167,-241)
(-70,-150,-254)
(-98,-144,-262)
(-126,-134,-270)
(-143,-135,-263)
(-161,-139,-241)
(-177,-153,-221)
(-185,-151,-181)
(-198,-158,-146)
(-212,-144,-104)
(-215,-133,-65)
(-218,-124,-24)
(-204,-106,-8)
(-207,-83,17)
(-204,-66,36)
(-208,-42,58)
(-206,-2,68)
(-203,29,75)
(-217,63,53)
(-229,75,27)
(-248,60,8)
(-259,45,7)
(-266,24,-4)
(-264,-12,-16)
(-268,-28,-42)
(-259,-59,-57)
(-246,-90,-68)
(-225,-117,-95)
(-210,-144,-112)
(-189,-165,-115)
(-172,-172,-128)
(-145,-181,-127)
(-107,-195,-129)
(-81,-195,-151)
(-63,-187,-189)
(-64,-162,-228)
(-66,-150,-256)
(-88,-130,-280)
(-88,-116,-286)
(-112,-100,-294)
(-116,-110,-286)
(-132,-118,-278)
(-133,-131,-271)
(-133,-141,-261)
(-129,-149,-253)
(-122,-154,-244)
(-119,-147,-251)
(-126,-138,-254)
(-128,-144,-258)
(-122,-148,-248)
(-129,-149,-251)
(-121,-143,-245)
(-117,-149,-249)
(-118,-146,-254)
(-112,-150,-264)
(-116,-142,-260)
(-125,-145,-263)
(-127,-145,-251)
(-136,-156,-240)
(-138,-156,-224)
(-135,-159,-219)
(-142,-174,-184)
(-171,-169,-159)
(-196,-146,-136)
(-218,-138,-132)
(-232,-116,-116)
(-240,-106,-120)
(-242,-98,-126)
(-249,-95,-139)
(-247,-95,-137)
(-256,-88,-138)
(-262,-92,-134)
(-263,-77,-113)
(-265,-63,-115)
(-276,-52,-110)
(-279,-35,-115)
(-285,-27,-125)
(-283,-1,-113)
(-294,16,-120)
(-290,40,-118)
(-285,73,-113)
(-282,92,-118)
(-272,114,-122)
(-264,120,-128)
(-266,128,-132)
(-277,129,-127)
(-272,118,-132)
(-276,116,-126)
(-278,112,-134)
(-271,101,-123)
(-287,85,-129)
(-296,52,-120)
(-298,28,-118)
(-295,1,-121)
(-279,-45,-139)
(-260,-64,-156)
(-246,-78,-178)
(-235,-95,-189)
(-208,-106,-218)
(-188,-116,-242)
(-168,-120,-244)
(-130,-130,-246)
(-120,-136,-244)
(-105,-127,-255)
(-117,-129,-249)
(-127,-115,-253)
(-142,-110,-262)
(-158,-100,-252)
(-170,-88,-264)
(-202,-56,-266)
(-232,-24,-258)
(-256,18,-234)
(-267,49,-217)
(-279,91,-177)
(-264,126,-132)
(-243,163,-77)
(-179,195,-13)
(-123,197,25)
(-78,200,48)
(-19,179,51)
(21,167,45)
(67,147,37)
(103,121,11)
(111,121,-1)
(111,115,-7)
(117,101,-1)
(118,90,2)
(122,86,0)
(116,100,10)
(93,111,31)
(81,123,31)
(73,137,33)
(62,154,28)
(41,183,11)
(26,208,4)
(8,220,-10)
(-3,235,-25)
(-27,245,-55)
(-31,241,-61)
(-35,257,-79)
(-48,260,-86)
(-51,253,-103)
(-53,257,-125)
(-70,256,-132)
(-86,250,-152)
(-91,251,-147)
(-91,243,-155)
(-88,248,-152)
(-81,257,-147)
(-74,252,-120)
(-61,253,-109)
(-60,256,-96)
(-70,260,-110)
(-81,259,-113)
(-74,246,-132)
(-63,245,-153)
(-72,242,-188)
(-72,248,-194)
(-55,237,-191)
(-70,228,-202)
(-66,236,-200)
(-63,239,-193)
(-66,244,-180)
(-77,253,-165)
(-86,252,-130)
(-81,257,-115)
(-86,256,-100)
(-101,251,-97)
(-89,249,-101)
(-100,248,-126)
(-103,261,-145)
(-96,238,-172)
(-104,240,-194)
(-105,233,-213)
(-105,223,-225)
(-103,221,-241)
(-100,210,-244)
(-100,214,-246)
(-106,208,-244)
(-98,224,-234)
(-111,227,-217)
(-118,230,-198)
(-116,232,-180)
(-114,242,-164)
(-109,245,-127)
(-96,256,-96)
(-90,248,-80)
(-82,252,-74)
(-82,252,-78)
(-99,253,-85)
(-103,251,-119)
(-119,241,-141)
(-122,238,-178)
(-112,234,-206)
(-124,222,-228)
(-117,205,-247)
(-113,195,-265)
(-109,193,-269)
(-108,182,-270)
(-112,198,-266)
(-121,205,-245)
(-120,220,-222)
(-121,227,-199)
(-119,233,-193)
(-125,233,-155)
(-100,246,-124)
(-91,249,-97)
(-86,252,-82)
(-75,247,-65)
(-66,248,-48)
(-60,238,-36)
(-52,220,-18)
(-42,220,-14)
(-46,220,-8)
(-66,228,-6)
(-88,220,-8)
(-111,217,-5)
(-115,211,-1)
(-86,222,2)
(-60,218,-4)
(-26,230,-18)
(-13,227,-23)
(16,218,-48)
(19,223,-57)
(24,222,-72)
(27,233,-87)
(34,216,-80)
(36,218,-78)
(23,225,-67)
(30,230,-70)
(24,224,-60)
(14,222,-64)
(18,226,-72)
(5,233,-71)
(1,223,-59)
(11,223,-49)
(7,231,-57)
(8,240,-82)
(3,237,-93)
(0,238,-78)
(-23,243,-81)
(-44,236,-64)
(-59,235,-49)
(-61,241,-37)
(-63,231,-25)
(-49,229,-29)
(-40,226,-34)
(-44,240,-50)
(-31,233,-53)
(-54,240,-66)
(-73,249,-79)
(-94,242,-86)
(-103,241,-59)
(-121,235,-49)
(-124,228,-44)
(-128,228,-28)
(-137,225,-39)
(-147,225,-51)
(-143,229,-53)
(-162,218,-60)
(-188,212,-64)
(-212,184,-62)
(-242,172,-72)
(-256,140,-74)
(-262,116,-74)
(-271,95,-69)
(-285,49,-71)
(-283,21,-71)
(-281,-21,-85)
(-270,-42,-82)
(-266,-58,-82)
(-254,-84,-90)
(-244,-104,-96)
(-231,-121,-107)
(-207,-135,-127)
(-194,-160,-136)
(-174,-172,-138)
(-153,-181,-145)
(-118,-182,-138)
(-83,-193,-157)
(-65,-181,-189)
(-47,-159,-233)
(-57,-141,-259)
(-62,-124,-274)
(-71,-109,-303)
(-92,-82,-310)
(-106,-66,-314)
(-101,-77,-315)
(-122,-68,-316)
(-131,-81,-309)
(-135,-79,-303)
(-138,-94,-294)
(-141,-97,-293)
(-142,-104,-284)
(-131,-107,-287)
(-129,-109,-287)
(-121,-137,-261)
(-115,-153,-237)
(-129,-161,-209)
(-138,-180,-182)
(-135,-177,-161)
(-144,-178,-142)
(-149,-181,-107)
(-164,-182,-86)
(-161,-169,-69)
(-174,-150,-56)
(-164,-156,-48)
(-175,-151,-39)
(-184,-142,-30)
(-182,-142,-36)
(-191,-131,-23)
(-210,-124,-28)
(-211,-119,-19)
(-204,-112,-30)
(-200,-126,-22)
(-202,-126,-32)
(-206,-122,-24)
(-219,-101,-5)
(-216,-74,30)
(-205,-51,51)
(-188,-28,64)
(-176,-6,82)
(-150,20,102)
(-122,38,110)
(-87,41,117)
(-57,57,121)
(-21,51,115)
(13,53,109)
(36,48,98)
(74,30,72)
(104,12,40)
(135,1,7)
(140,-4,-22)
(149,-21,-41)
(144,-26,-46)
(130,-20,-18)
(107,-7,33)
(72,8,74)
(27,31,101)
(-27,45,123)
(-82,54,118)
(-138,46,104)
(-170,46,86)
(-219,39,61)
(-242,44,26)
(-268,38,-14)
(-280,22,-64)
(-294,12,-108)
(-283,-13,-151)
(-267,-33,-179)
(-254,-58,-192)
(-233,-79,-215)
(-215,-97,-219)
(-202,-116,-224)
(-176,-142,-222)
(-139,-147,-211)
(-130,-154,-202)
(-113,-167,-193)
(-106,-174,-170)
(-98,-170,-156)
(-63,-181,-165)
(-50,-158,-192)
(-35,-161,-227)
(-41,-135,-245)
(-52,-136,-264)
(-66,-122,-280)
(-74,-108,-292)
(-94,-82,-304)
(-95,-83,-309)
(-113,-65,-319)
(-116,-60,-322)
(-118,-56,-308)
(-121,-81,-317)
(-138,-72,-316)
(-125,-93,-303)
(-125,-87,-301)
(-127,-95,-297)
(-131,-87,-299)
(-139,-97,-291)
(-114,-128,-278)
(-110,-148,-248)
(-110,-154,-228)
(-117,-167,-213)
(-116,-180,-174)
(-129,-175,-153)
(-121,-193,-121)
(-135,-189,-101)
(-133,-187,-71)
(-152,-162,-62)
(-182,-156,-44)
(-187,-143,-33)
(-208,-124,-24)
(-232,-108,-12)
(-234,-68,-2)
(-240,-60,-12)
(-244,-62,-14)
(-243,-79,-13)
(-237,-65,-15)
(-235,-59,-3)
(-252,-12,18)
(-246,16,24)
(-249,39,33)
(-227,71,55)
(-231,125,29)
(-236,136,-6)
(-248,158,-8)
(-240,162,-26)
(-247,165,-55)
(-229,181,-77)
(-232,192,-122)
(-234,180,-152)
(-250,170,-178)
(-237,159,-195)
(-243,165,-193)
(-254,154,-170)
(-261,149,-129)
(-264,154,-96)
(-255,157,-59)
(-264,142,-46)
(-258,122,-22)
(-256,96,8)
(-241,79,27)
(-236,52,34)
(-225,41,43)
(-248,38,28)
(-260,54,6)
(-255,63,7)
(-239,51,39)
(-244,14,46)
(-237,3,35)
(-256,-2,0)
(-283,23,-49)
(-287,47,-79)
(-288,50,-100)
(-289,59,-67)
(-284,50,-38)
(-268,40,-14)
(-282,32,-30)
(-294,30,-66)
(-284,30,-106)
(-296,58,-150)
(-290,54,-136)
(-291,75,-113)
(-294,58,-78)
(-285,53,-65)
(-287,41,-73)
(-295,53,-111)
(-293,71,-155)
(-293,77,-159)
(-275,109,-159)
(-277,113,-159)
(-276,110,-126)
(-281,117,-81)
(-282,110,-74)
(-291,91,-95)
(-286,106,-134)
(-278,136,-158)
(-279,147,-155)
(-274,134,-108)
(-273,129,-81)
(-270,128,-68)
(-282,116,-64)
(-282,124,-102)
(-271,149,-139)
(-267,151,-151)
(-266,148,-122)
(-276,130,-88)
(-271,115,-45)
(-284,104,-34)
(-289,85,-81)
(-285,101,-129)
(-285,119,-139)
(-276,124,-132)
(-276,116,-74)
(-269,97,-35)
(-271,81,-15)
(-277,55,-31)
(-299,69,-93)
(-294,80,-98)
(-284,118,-128)
(-282,128,-112)
(-283,117,-75)
(-268,122,-40)
(-282,90,-48)
(-293,75,-89)
(-285,115,-119)
(-282,128,-134)
(-272,136,-116)
(-271,121,-85)
(-271,117,-47)
(-277,113,-33)
(-288,72,-46)
(-294,86,-96)
(-288,86,-94)
(-279,131,-107)
(-270,136,-64)
(-256,118,-2)
(-251,87,25)
(-262,62,12)
(-278,54,-36)
(-290,68,-70)
(-288,86,-66)
(-276,100,-20)
(-253,75,29)
(-242,36,34)
(-264,4,0)
(-282,12,-40)
(-294,44,-68)
(-290,80,-74)
(-276,100,-36)
(-250,98,12)
(-231,91,53)
(-233,57,53)
(-250,52,20)
(-275,67,-13)
(-269,119,-35)
(-254,128,-10)
(-234,106,38)
(-222,102,44)
(-221,61,55)
(-261,59,11)
(-272,98,-46)
(-263,139,-57)
(-246,138,-22)
(-238,108,24)
(-225,65,61)
(-235,11,45)
(-258,8,8)
(-278,46,-36)
(-279,101,-43)
(-260,132,-42)
(-250,146,-18)
(-224,124,40)
(-176,100,92)
(-161,61,105)
(-156,16,96)
(-195,-17,73)
(-244,2,46)
(-261,31,19)
(-245,63,29)
(-218,64,68)
(-203,45,83)
(-191,5,81)
(-196,-16,74)
(-224,-26,56)
(-247,17,33)
(-229,41,43)
(-219,53,69)
(-195,35,87)
(-177,-5,91)
(-183,-29,77)
(-211,-37,53)
(-240,-22,30)
(-243,15,35)
(-212,30,80)
(-202,32,74)
(-185,-11,85)
(-183,-17,87)
(-191,-59,45)
(-227,-53,39)
(-237,-9,35)
(-229,21,55)
(-204,0,70)
(-176,-46,76)
(-189,-69,55)
(-206,-66,38)
(-233,-57,21)
(-238,-26,16)
(-237,-5,29)
(-223,19,59)
(-194,4,80)
(-184,-30,84)
(-180,-60,60)
(-199,-81,41)
(-223,-69,21)
(-237,-45,11)
(-258,-8,20)
(-229,-15,43)
(-194,-36,66)
(-174,-66,70)
(-159,-93,51)
(-161,-107,25)
(-200,-106,6)
(-209,-87,-1)
(-210,-72,26)
(-193,-69,53)
(-161,-91,51)
(-143,-111,41)
(-122,-140,28)
(-122,-154,4)
(-128,-156,-12)
(-137,-157,-15)
(-152,-146,2)
(-149,-147,3)
(-118,-156,2)
(-83,-167,-25)
(-70,-186,-52)
(-57,-181,-57)
(-56,-172,-48)
(-75,-177,-51)
(-86,-178,-46)
(-82,-182,-44)
(-59,-181,-59)
(-36,-184,-84)
(-24,-174,-86)
(-43,-179,-67)
(-72,-178,-50)
(-124,-174,-42)
(-156,-162,-38)
(-149,-159,-29)
(-111,-167,-35)
(-82,-170,-58)
(-75,-179,-67)
(-64,-182,-80)
(-65,-181,-69)
(-100,-180,-54)
(-118,-172,-58)
(-115,-179,-59)
(-85,-177,-81)
(-85,-179,-87)
(-86,-184,-98)
(-98,-186,-100)
(-108,-172,-92)
(-113,-171,-83)
(-108,-176,-70)
(-97,-181,-93)
(-93,-169,-111)
(-105,-171,-115)
(-122,-168,-124)
(-139,-165,-119)
(-154,-172,-102)
(-147,-169,-91)
(-136,-174,-112)
(-135,-165,-127)
(-143,-169,-141)
(-165,-155,-147)
(-188,-146,-136)
(-209,-137,-129)
(-202,-148,-104)
(-179,-145,-135)
(-171,-155,-149)
(-192,-134,-158)
(-218,-110,-160)
(-236,-104,-124)
(-255,-87,-99)
(-243,-87,-117)
(-239,-99,-139)
(-224,-88,-168)
(-231,-67,-191)
(-243,-47,-201)
(-266,-32,-184)
(-277,-23,-157)
(-279,-19,-103)
(-274,-32,-104)
(-273,-37,-137)
(-266,-26,-196)
(-249,-11,-229)
(-255,3,-239)
(-243,19,-245)
(-258,14,-240)
(-254,-12,-232)
(-278,-12,-202)
(-287,5,-165)
(-288,8,-122)
(-295,15,-91)
(-289,23,-77)
(-287,35,-75)
(-284,42,-88)
(-290,24,-86)
(-285,27,-99)
(-286,24,-148)
(-290,32,-172)
(-286,56,-168)
(-284,70,-112)
(-286,88,-76)
(-285,55,-63)
(-285,31,-73)
(-291,25,-123)
(-295,27,-149)
(-295,49,-149)
(-294,46,-112)
(-290,68,-82)
(-290,46,-76)
(-291,33,-97)
(-285,37,-131)
(-284,40,-162)
(-283,63,-145)
(-283,71,-93)
(-281,51,-61)
(-278,32,-52)
(-285,-7,-93)
(-283,-3,-135)
(-275,-5,-179)
(-268,-6,-196)
(-272,8,-184)
(-290,28,-160)
(-291,51,-117)
(-285,41,-89)
(-285,9,-115)
(-285,5,-179)
(-270,2,-202)
(-280,12,-216)
(-284,30,-206)
(-284,48,-192)
(-288,48,-162)
(-293,35,-109)
(-287,-13,-113)
(-285,-25,-137)
(-272,-30,-198)
(-258,-16,-224)
(-264,-8,-228)
(-269,19,-221)
(-278,36,-202)
(-285,45,-159)
(-295,39,-113)
(-297,7,-101)
(-289,1,-155)
(-274,-6,-204)
(-268,30,-236)
(-259,43,-249)
(-264,50,-236)
(-283,67,-193)
(-289,65,-173)
(-286,58,-192)
(-255,61,-235)
(-243,73,-267)
(-231,83,-269)
(-245,111,-249)
(-237,135,-217)
(-227,191,-201)
(-167,219,-201)
(-120,242,-184)
(-89,253,-157)
(-60,254,-140)
(-23,251,-123)
(-24,252,-110)
(8,250,-64)
(41,199,-13)
(52,170,30)
(66,128,56)
(60,90,82)
(46,54,88)
(46,28,100)
(50,-16,98)
(28,-36,104)
(-2,-18,110)
(0,20,120)
(6,48,116)
(31,57,103)
(33,35,105)
(39,15,103)
(29,-11,103)
(4,-30,110)
(-21,-9,107)
(-16,18,120)
(4,36,126)
(22,28,108)
(23,11,113)
(21,-15,107)
(-4,-50,106)
(-42,-30,118)
(-53,17,119)
(-28,26,122)
(-10,8,118)
(-8,-16,114)
(-39,-31,111)
(-77,-17,119)
(-92,0,126)
(-70,28,132)
(-44,46,114)
(-27,27,121)
(-38,-6,120)
(-59,-35,117)
(-88,-24,108)
(-106,-22,122)
(-106,-20,116)
(-115,-25,107)
(-122,-54,94)
(-125,-91,69)
(-113,-113,53)
(-106,-120,48)
(-104,-132,50)
(-96,-136,42)
(-81,-141,39)
(-65,-147,31)
(-57,-149,25)
(-72,-146,40)
(-97,-123,47)
(-103,-109,63)
(-111,-97,79)
(-115,-67,95)
(-107,-45,103)
(-113,-33,119)
(-100,-40,116)
(-102,-30,106)
(-115,-47,101)
(-107,-71,85)
(-108,-72,92)
(-110,-70,86)
(-100,-96,84)
(-93,-103,73)
(-107,-93,71)
(-123,-93,81)
(-120,-80,80)
(-132,-52,96)
(-161,-15,87)
(-179,17,81)
(-207,65,71)
(-220,86,66)
(-206,66,82)
(-171,29,101)
(-129,-1,115)
(-106,-28,110)
(-61,-43,125)
(-39,-61,119)
(-21,-59,101)
(-7,-73,85)
(-15,-63,93)
(-4,-64,96)
(-14,-62,92)
(-10,-62,88)
(-24,-70,94)
(-38,-92,82)
(-82,-112,72)
(-121,-113,57)
(-148,-110,46)
(-142,-124,34)
(-134,-132,32)
(-135,-135,27)
(-186,-106,18)
(-227,-73,1)
(-283,-3,-63)
(-293,7,-71)
(-273,141,-125)
(-247,189,-105)
(-224,190,-86)
(-170,222,0)
(-108,202,66)
(-79,147,101)
(-67,87,135)
(-62,32,134)
(-68,-8,114)
(-80,-34,122)
(-99,-75,99)
(-90,-100,72)
(-88,-112,70)
(-83,-137,41)
(-75,-141,37)
(-79,-143,43)
(-122,-132,34)
(-162,-126,24)
(-221,-95,-9)
(-263,-61,-69)
(-295,-1,-135)
(-288,46,-204)
(-261,107,-231)
(-215,169,-243)
(-144,228,-218)
(-110,248,-160)
(-86,262,-94)
(-69,231,13)
(-48,182,76)
(-19,123,109)
(-7,85,123)
(-9,57,119)
(-37,59,127)
(-74,34,132)
(-109,1,121)
(-120,-14,114)
(-135,-37,103)
(-150,-54,84)
(-171,-59,83)
(-193,-65,53)
(-217,-71,25)
(-248,-62,-8)
(-263,-51,-49)
(-292,-24,-106)
(-291,5,-153)
(-285,47,-193)
(-278,72,-232)
(-244,126,-240)
(-217,169,-221)
(-195,213,-193)
(-172,240,-140)
(-146,248,-66)
(-142,240,-18)
(-126,216,42)
(-126,182,72)
(-140,150,82)
(-180,132,80)
(-202,94,72)
(-224,34,64)
(-226,16,58)
(-216,-36,52)
(-216,-46,48)
(-183,-91,47)
(-137,-103,51)
(-104,-124,58)
(-111,-97,67)
(-169,-75,77)
(-212,-16,44)
(-272,48,-8)
(-293,97,-93)
(-275,109,-117)
(-240,104,-244)
(-228,110,-258)
(-155,87,-329)
(-101,83,-341)
(-17,99,-335)
(43,109,-293)
(93,131,-231)
(122,134,-170)
(128,138,-100)
(119,145,-41)
(93,153,7)
(54,160,54)
(31,155,79)
(30,150,80)
(42,154,80)
(46,146,72)
(52,142,74)
(61,141,71)
(55,127,71)
(56,102,78)
(43,83,99)
(29,57,117)
(5,15,121)
(-24,-24,122)
(-49,-65,105)
(-74,-92,90)
(-89,-125,61)
(-87,-141,33)
(-73,-153,-3)
(-62,-164,-32)
(-37,-167,-41)
(-9,-171,-45)
(12,-158,-52)
(24,-154,-54)
(14,-156,-60)
(-15,-181,-53)
(-66,-172,-30)
(-115,-151,9)
(-130,-122,44)
(-135,-81,75)
(-136,-50,102)
(-125,-21,105)
(-90,18,126)
(-62,56,132)
(-18,92,114)
(7,111,103)
(30,112,90)
(42,108,86)
(45,107,79)
(55,91,75)
(90,104,52)
(113,89,41)
(116,92,16)
(116,92,16)
(118,88,20)
(107,101,21)
(108,142,4)
(93,173,-1)
(74,180,-4)
(53,191,9)
(26,200,30)
(23,191,33)
(1,205,31)
(-13,195,45)
(-36,194,60)
(-59,165,87)
(-87,133,107)
(-104,98,116)
(-104,52,124)
(-103,21,131)
(-104,-18,122)
(-113,-41,109)
(-107,-67,91)
(-92,-96,84)
(-86,-110,66)
(-68,-120,60)
(-49,-121,51)
(-32,-120,56)
(-9,-111,45)
(1,-103,61)
(-14,-114,54)
(-50,-138,28)
(-74,-146,16)
(-124,-136,2)
(-159,-121,15)
(-198,-92,22)
(-219,-55,23)
(-234,-28,28)
(-227,-5,39)
(-201,-25,59)
(-165,-65,65)
(-140,-112,48)
(-88,-148,14)
(-59,-169,-31)
(-57,-179,-33)
(-104,-164,-20)
(-140,-150,-6)
(-150,-130,26)
(-125,-121,45)
(-103,-107,69)
(-53,-103,67)
(-9,-79,75)
(29,-35,93)
(59,-39,77)
(32,-106,38)
(16,-116,38)
(17,-135,-5)
(20,-150,-22)
(5,-163,-79)
(4,-168,-120)
(12,-162,-142)
(3,-169,-137)
(-19,-177,-105)
(-85,-175,-91)
(-112,-178,-68)
(-91,-179,-101)
(-52,-172,-146)
(-20,-168,-176)
(-23,-171,-147)
(-48,-174,-102)
(-85,-171,-65)
(-92,-170,-68)
(-88,-176,-72)
(-39,-177,-133)
(-15,-163,-149)
(-10,-172,-132)
(-46,-168,-92)
(-85,-177,-59)
(-79,-169,-79)
(-52,-176,-114)
(-21,-167,-137)
(-7,-159,-129)
(2,-162,-130)
(-43,-171,-81)
(-57,-175,-81)
(-62,-178,-86)
(-28,-168,-116)
(-8,-154,-142)
(3,-159,-133)
(-16,-166,-104)
(-25,-165,-87)
(-53,-163,-65)
(-52,-174,-78)
(-44,-170,-106)
(-9,-161,-123)
(0,-164,-116)
(-16,-162,-96)
(-27,-163,-81)
(-73,-169,-61)
(-95,-171,-67)
(-100,-176,-90)
(-77,-171,-129)
(-65,-169,-171)
(-52,-154,-184)
(-59,-159,-195)
(-56,-142,-208)
(-53,-143,-217)
(-45,-147,-217)
(-38,-164,-178)
(-40,-172,-136)
(-52,-180,-104)
(-102,-166,-46)
(-144,-132,-26)
(-175,-117,-19)
(-178,-106,-8)
(-165,-131,-23)
(-141,-165,-69)
(-145,-161,-103)
(-160,-146,-166)
(-162,-140,-178)
(-136,-150,-180)
(-117,-145,-217)
(-113,-131,-247)
(-108,-106,-280)
(-86,-90,-302)
(-74,-88,-306)
(-64,-72,-306)
(-56,-68,-322)
(-47,-63,-315)
(-50,-54,-316)
(-59,-65,-315)
(-92,-72,-310)
(-131,-95,-291)
(-169,-119,-245)
(-204,-112,-190)
(-229,-97,-145)
(-236,-94,-88)
(-211,-115,-63)
(-176,-140,-36)
(-162,-152,-60)
(-160,-158,-104)
(-165,-149,-167)
(-153,-141,-189)
(-141,-139,-223)
(-126,-120,-244)
(-126,-104,-274)
(-119,-97,-281)
(-125,-87,-281)
(-121,-87,-283)
(-128,-78,-284)
(-136,-86,-284)
(-143,-103,-255)
(-147,-137,-211)
(-158,-148,-172)
(-153,-159,-139)
(-149,-161,-107)
(-155,-159,-65)
(-144,-150,-38)
(-136,-140,-14)
(-125,-123,-3)
(-127,-137,3)
(-130,-134,-8)
(-136,-156,-50)
(-144,-152,-98)
(-153,-149,-137)
(-166,-142,-144)
(-173,-141,-155)
(-174,-144,-150)
(-167,-143,-151)
(-176,-136,-150)
(-164,-136,-150)
(-166,-144,-138)
(-172,-146,-146)
(-171,-147,-145)
(-173,-151,-139)
(-169,-137,-145)
(-181,-147,-133)
(-175,-145,-147)
(-168,-150,-140)
(-171,-145,-137)
(-167,-139,-137)
(-176,-154,-138)
(-159,-149,-129)
(-164,-146,-124)
(-172,-148,-120)
(-130,-186,-184)
(-133,-183,-183)
(-132,-180,-184)
(-131,-179,-181)
(-124,-182,-184)
(-126,-186,-182)
(-131,-185,-181)
(-131,-177,-177)
(-125,-185,-179)
(-133,-175,-183)
(-132,-178,-178)
(-138,-180,-188)
(-124,-180,-180)
(-126,-186,-186)
(-130,-182,-188)
(-126,-184,-184)
(-133,-177,-179)
(-130,-188,-176)
(-130,-184,-186)
(-131,-189,-173)
(-131,-171,-177)
(-135,-177,-169)
(-135,-181,-177)
(-128,-186,-180)
(-135,-181,-173)
(-130,-182,-180)
(-130,-194,-178)
(-129,-183,-183)
(-136,-176,-176)
(-136,-182,-174)
(-134,-174,-178)
(-130,-188,-172)
(-134,-182,-172)
(-132,-182,-182)
(-127,-181,-175)
(-131,-181,-177)
(-129,-177,-163)
(-126,-178,-182)
(-127,-185,-175)
(-127,-181,-175)
(-141,-181,-179)
(-130,-182,-176)
(-128,-182,-184)
(-138,-182,-170)
(-122,-190,-172)
(-134,-186,-180)
(-132,-184,-176)
(-132,-186,-180)
(-129,-185,-175)
(-127,-181,-179)
(-138,-178,-180)
(-124,-180,-182)
(-135,-181,-175)
(-134,-194,-182)
(-136,-184,-178)
(-121,-181,-175)
(-129,-185,-185)
(-137,-177,-169)
(-136,-184,-172)
(-134,-180,-182)
(-133,-185,-175)
(-131,-185,-181)
(-137,-179,-171)
(-133,-175,-169)
(-135,-177,-167)
(-135,-183,-171)
(-133,-185,-171)
(-137,-179,-183)
(-133,-181,-171)
(-130,-178,-178)
(-134,-186,-172)
(-133,-177,-179)
(-136,-174,-176)
(-133,-177,-181)
(-130,-190,-170)
(-132,-180,-176)
(-128,-176,-182)
(-131,-183,-175)
(-127,-179,-179)
(-131,-179,-181)
(-132,-178,-178)
(-127,-183,-175)
(-130,-180,-170)
(-129,-179,-177)
(-133,-189,-179)
(-132,-186,-176)
(-131,-181,-173)
(-128,-186,-172)
(-125,-183,-179)
(-135,-183,-173)
(-132,-178,-184)
(-128,-182,-176)
(-129,-177,-175)
(-129,-189,-173)
(-127,-181,-169)
(-126,-184,-174)
(-130,-186,-180)
(-131,-185,-167)
(-129,-185,-177)
(-129,-185,-175)
(-131,-179,-175)
(-128,-182,-172)
(-130,-188,-176)
(-135,-183,-179)
(-129,-183,-169)
(-137,-183,-175)
(-129,-189,-167)
(-129,-179,-171)
(-121,-185,-179)
(-139,-177,-173)
(-136,-178,-170)
(-134,-184,-182)
(-128,-182,-178)
(-129,-191,-171)
(-131,-183,-175)
(-133,-179,-179)
(-143,-181,-171)
