(-175,3,-275)
(-167,3,-267)
(-170,-6,-264)
(-170,-2,-264)
(-171,-1,-273)
(-173,-5,-275)
(-173,-1,-273)
(-162,6,-276)
(-176,-8,-270)
(-172,-14,-276)
(-178,-8,-272)
(-172,-6,-270)
(-174,-2,-276)
(-160,0,-272)
(-161,-1,-281)
(-175,-9,-277)
(-170,-10,-278)
(-175,-11,-285)
(-162,-10,-276)
(-170,-2,-276)
(-179,-3,-273)
(-177,-7,-275)
(-166,-12,-276)
(-169,-5,-273)
(-170,-4,-272)
(-173,-7,-277)
(-176,6,-268)
(-187,3,-263)
(-203,17,-261)
(-208,24,-254)
(-220,42,-254)
(-227,61,-251)
(-241,75,-247)
(-247,93,-243)
(-242,108,-252)
(-232,112,-252)
(-239,125,-259)
(-221,125,-255)
(-230,122,-262)
(-233,135,-251)
(-218,144,-266)
(-230,136,-262)
(-243,149,-257)
(-231,147,-249)
(-233,149,-247)
(-234,136,-246)
(-225,135,-251)
(-238,128,-250)
(-241,123,-245)
(-235,115,-243)
(-230,102,-242)
(-235,95,-243)
(-230,94,-244)
(-225,93,-247)
(-226,102,-252)
(-226,102,-256)
(-227,105,-247)
(-220,104,-246)
(-228,104,-244)
(-229,105,-251)
(-231,101,-237)
(-241,123,-239)
(-243,131,-229)
(-254,158,-232)
(-238,190,-224)
(-236,216,-224)
(-219,239,-227)
(-182,262,-234)
(-150,276,-260)
(-123,277,-275)
(-88,268,-288)
(-52,272,-296)
(-9,257,-307)
(16,242,-310)
(50,226,-304)
(73,201,-307)
(94,188,-294)
(106,178,-286)
(113,179,-285)
(128,162,-282)
(127,151,-271)
(144,136,-262)
(158,136,-250)
(160,142,-240)
(176,140,-234)
(179,175,-229)
(173,215,-219)
(162,252,-194)
(160,276,-154)
(139,309,-125)
(129,321,-93)
(87,341,-57)
(36,346,-14)
(-45,357,-1)
(-100,338,8)
(-147,317,-5)
(-197,283,-9)
(-236,256,-24)
(-260,210,-36)
(-269,169,-55)
(-270,120,-66)
(-272,78,-86)
(-265,49,-111)
(-256,28,-146)
(-242,4,-162)
(-226,-10,-182)
(-211,-15,-201)
(-188,-18,-222)
(-168,-24,-244)
(-142,-30,-278)
(-117,-27,-283)
(-94,-30,-294)
(-85,-19,-309)
(-77,-3,-317)
(-52,10,-326)
(-55,25,-343)
(-52,44,-350)
(-45,55,-355)
(-52,80,-350)
(-53,103,-361)
(-45,103,-351)
(-43,93,-351)
(-65,73,-349)
(-92,48,-340)
(-117,15,-315)
(-151,-11,-275)
(-184,-28,-240)
(-208,-10,-218)
(-234,2,-190)
(-256,42,-164)
(-269,91,-145)
(-281,141,-145)
(-265,181,-145)
(-246,218,-166)
(-226,242,-206)
(-194,242,-238)
(-165,247,-279)
(-127,227,-309)
(-109,215,-329)
(-67,189,-345)
(-44,170,-364)
(-12,142,-352)
(2,100,-358)
(22,68,-350)
(28,46,-344)
(30,10,-322)
(34,-12,-306)
(35,-35,-297)
(32,-54,-282)
(33,-79,-263)
(23,-93,-239)
(14,-100,-228)
(7,-113,-219)
(3,-121,-217)
(10,-114,-214)
(13,-109,-201)
(-1,-119,-193)
(6,-126,-170)
(9,-127,-143)
(13,-135,-127)
(14,-134,-124)
(22,-130,-118)
(31,-129,-141)
(49,-113,-165)
(70,-90,-216)
(94,-36,-258)
(101,23,-305)
(92,86,-332)
(53,155,-347)
(19,229,-339)
(-36,276,-308)
(-94,302,-272)
(-130,320,-234)
(-155,325,-195)
(-174,310,-168)
(-196,306,-114)
(-210,290,-80)
(-226,268,-50)
(-227,233,-5)
(-238,192,6)
(-240,150,24)
(-255,105,19)
(-247,71,9)
(-248,44,-12)
(-244,14,-44)
(-246,2,-96)
(-254,18,-128)
(-271,53,-155)
(-269,105,-171)
(-269,153,-171)
(-255,209,-149)
(-232,250,-132)
(-205,283,-135)
(-209,287,-113)
(-222,264,-68)
(-235,229,-29)
(-233,189,21)
(-227,135,41)
(-236,100,32)
(-244,94,-2)
(-263,115,-19)
(-270,164,-34)
(-254,226,-62)
(-224,260,-74)
(-208,292,-94)
(-210,288,-78)
(-219,261,-57)
(-222,230,-2)
(-207,195,49)
(-187,149,89)
(-167,107,107)
(-162,70,106)
(-196,56,70)
(-230,62,32)
(-253,75,-19)
(-266,104,-76)
(-280,150,-122)
(-262,184,-118)
(-254,232,-94)
(-241,235,-61)
(-241,233,-43)
(-240,206,-2)
(-224,164,46)
(-207,111,69)
(-199,57,81)
(-198,20,60)
(-205,5,29)
(-234,-2,-10)
(-244,6,-42)
(-258,26,-92)
(-273,59,-99)
(-288,98,-112)
(-277,133,-93)
(-274,148,-64)
(-264,158,-28)
(-252,122,0)
(-245,81,35)
(-214,30,46)
(-195,-13,25)
(-189,-55,-13)
(-205,-51,-69)
(-217,-45,-119)
(-227,-23,-153)
(-245,-7,-167)
(-254,24,-164)
(-276,80,-146)
(-281,125,-119)
(-272,164,-54)
(-250,184,-6)
(-226,188,42)
(-213,185,67)
(-195,183,85)
(-192,178,80)
(-196,172,88)
(-211,153,71)
(-213,119,77)
(-193,71,91)
(-173,29,95)
(-147,-5,77)
(-133,-41,69)
(-129,-63,47)
(-126,-78,28)
(-121,-89,5)
(-123,-95,-19)
(-120,-104,-44)
(-123,-107,-69)
(-128,-104,-94)
(-132,-100,-114)
(-140,-100,-154)
(-134,-78,-206)
(-129,-71,-239)
(-127,-57,-261)
(-118,-36,-294)
(-111,-11,-303)
(-111,17,-329)
(-105,39,-337)
(-106,42,-348)
(-96,44,-342)
(-103,45,-343)
(-121,9,-309)
(-137,-31,-277)
(-162,-44,-240)
(-195,-63,-191)
(-201,-71,-129)
(-194,-58,-74)
(-195,-49,-37)
(-210,-38,-24)
(-222,-26,-24)
(-231,-13,-19)
(-245,21,-13)
(-258,52,-26)
(-276,88,-50)
(-273,107,-95)
(-279,101,-131)
(-265,99,-167)
(-261,83,-201)
(-248,72,-228)
(-227,77,-253)
(-215,73,-281)
(-185,79,-303)
(-168,80,-312)
(-137,71,-333)
(-117,65,-343)
(-87,63,-343)
(-65,71,-351)
(-36,78,-354)
(-16,78,-354)
(7,93,-347)
(24,94,-348)
(42,96,-348)
(59,101,-341)
(63,127,-345)
(64,152,-336)
(52,196,-334)
(31,225,-321)
(24,274,-298)
(19,291,-271)
(23,331,-243)
(36,342,-202)
(37,357,-131)
(38,362,-100)
(33,349,-73)
(22,358,-44)
(21,345,-27)
(22,338,-28)
(42,342,-42)
(52,344,-72)
(61,359,-133)
(54,342,-166)
(28,340,-218)
(-15,335,-229)
(-56,318,-252)
(-94,306,-270)
(-111,309,-249)
(-117,321,-219)
(-136,336,-180)
(-120,348,-140)
(-113,353,-105)
(-99,355,-85)
(-75,363,-77)
(-57,363,-89)
(-46,358,-124)
(-41,357,-163)
(-37,339,-213)
(-55,337,-237)
(-79,307,-265)
(-107,307,-267)
(-130,312,-234)
(-139,319,-209)
(-146,332,-168)
(-140,342,-148)
(-126,348,-140)
(-89,357,-145)
(-61,361,-169)
(-55,357,-191)
(-51,337,-227)
(-74,330,-244)
(-100,326,-240)
(-128,336,-188)
(-146,332,-126)
(-156,332,-76)
(-165,317,-21)
(-171,299,19)
(-160,280,46)
(-167,275,47)
(-167,273,41)
(-175,289,19)
(-166,304,-14)
(-163,325,-41)
(-173,325,-57)
(-168,318,-50)
(-179,307,-11)
(-169,273,37)
(-159,253,65)
(-156,224,88)
(-155,213,97)
(-159,195,91)
(-171,205,87)
(-173,223,75)
(-168,244,68)
(-168,264,50)
(-172,274,62)
(-168,262,54)
(-156,250,60)
(-163,233,91)
(-144,206,100)
(-156,178,118)
(-151,175,115)
(-153,171,113)
(-132,174,116)
(-117,181,125)
(-117,191,123)
(-95,193,141)
(-86,186,140)
(-80,162,140)
(-81,121,151)
(-86,90,152)
(-70,78,142)
(-84,80,142)
(-72,108,146)
(-69,131,141)
(-68,154,140)
(-68,162,146)
(-67,157,135)
(-66,144,142)
(-63,117,151)
(-65,95,147)
(-70,76,150)
(-83,79,141)
(-69,99,143)
(-68,118,144)
(-66,146,142)
(-60,164,144)
(-67,173,135)
(-58,176,140)
(-59,151,141)
(-60,132,150)
(-57,103,153)
(-64,80,144)
(-65,75,147)
(-70,74,142)
(-68,84,140)
(-69,113,145)
(-64,122,140)
(-60,140,144)
(-45,143,145)
(-47,125,151)
(-62,98,142)
(-80,64,142)
(-85,55,133)
(-101,51,129)
(-126,56,118)
(-146,70,114)
(-149,85,125)
(-143,111,117)
(-140,118,126)
(-125,103,133)
(-120,94,132)
(-122,78,128)
(-121,75,129)
(-140,52,114)
(-151,53,107)
(-163,55,101)
(-188,68,80)
(-221,83,65)
(-218,92,64)
(-206,90,68)
(-204,90,82)
(-185,79,97)
(-179,63,91)
(-186,50,80)
(-196,38,66)
(-227,45,37)
(-251,61,-15)
(-268,76,-54)
(-272,104,-78)
(-284,120,-98)
(-283,123,-99)
(-279,117,-85)
(-284,94,-70)
(-267,79,-47)
(-259,63,-37)
(-256,52,-48)
(-269,67,-71)
(-279,87,-109)
(-282,124,-138)
(-272,162,-158)
(-266,174,-176)
(-272,172,-164)
(-273,167,-125)
(-281,135,-75)
(-277,117,-41)
(-271,119,-43)
(-274,132,-58)
(-283,157,-91)
(-265,211,-137)
(-232,248,-166)
(-208,278,-170)
(-175,301,-193)
(-143,313,-207)
(-104,330,-224)
(-89,327,-237)
(-61,325,-239)
(-67,329,-237)
(-75,335,-207)
(-71,355,-159)
(-64,364,-92)
(-55,357,-35)
(-43,329,17)
(-39,299,69)
(-26,262,90)
(-13,235,125)
(-30,210,132)
(-45,187,147)
(-51,183,145)
(-74,192,138)
(-75,229,123)
(-60,244,112)
(-67,279,97)
(-74,280,96)
(-74,250,106)
(-53,225,125)
(-49,185,147)
(-50,172,150)
(-49,209,139)
(-65,229,121)
(-77,269,97)
(-70,304,66)
(-69,323,37)
(-37,349,-1)
(-28,354,-66)
(-10,372,-106)
(4,360,-152)
(14,346,-194)
(16,342,-204)
(16,358,-176)
(-5,355,-141)
(-23,367,-99)
(-31,351,-55)
(-39,335,-7)
(-60,314,36)
(-64,292,74)
(-67,261,93)
(-64,224,114)
(-67,181,141)
(-56,140,154)
(-46,108,150)
(-33,83,149)
(-28,60,142)
(-19,19,125)
(-12,-12,116)
(-12,-34,98)
(-8,-54,64)
(-12,-72,44)
(-13,-75,25)
(-16,-88,26)
(-21,-79,41)
(-45,-61,75)
(-59,-27,97)
(-83,47,131)
(-87,87,139)
(-106,138,140)
(-119,199,127)
(-117,245,97)
(-120,292,50)
(-96,330,12)
(-91,353,-47)
(-94,362,-100)
(-88,356,-172)
(-75,331,-233)
(-62,306,-268)
(-43,261,-315)
(-32,216,-338)
(-9,181,-351)
(3,129,-359)
(16,92,-350)
(36,40,-332)
(51,-5,-309)
(52,-38,-278)
(64,-64,-250)
(66,-84,-242)
(68,-78,-220)
(69,-85,-213)
(70,-92,-202)
(69,-103,-197)
(72,-86,-208)
(79,-83,-217)
(82,-58,-242)
(86,-12,-280)
(83,35,-305)
(61,77,-329)
(40,122,-352)
(9,165,-355)
(-23,235,-337)
(-59,267,-307)
(-82,302,-272)
(-115,337,-203)
(-140,338,-146)
(-143,341,-77)
(-156,316,-14)
(-135,287,49)
(-120,254,94)
(-121,199,115)
(-112,146,142)
(-113,99,133)
(-125,47,127)
(-128,6,100)
(-143,-29,71)
(-174,-50,26)
(-186,-70,-26)
(-183,-79,-91)
(-188,-68,-142)
(-191,-53,-187)
(-187,-45,-207)
(-173,-23,-259)
(-167,1,-291)
(-157,27,-315)
(-162,56,-330)
(-153,69,-329)
(-156,78,-336)
(-161,73,-323)
(-164,72,-326)
(-164,58,-324)
(-163,75,-319)
(-167,59,-329)
(-158,60,-322)
(-164,36,-296)
(-160,12,-294)
(-160,6,-282)
(-166,-8,-258)
(-162,-18,-242)
(-172,-48,-220)
(-183,-53,-201)
(-185,-63,-189)
(-185,-51,-167)
(-187,-65,-161)
(-198,-56,-150)
(-199,-63,-143)
(-211,-55,-123)
(-214,-50,-114)
(-227,-37,-101)
(-234,-28,-88)
(-244,0,-74)
(-250,6,-64)
(-258,24,-58)
(-260,46,-44)
(-271,57,-37)
(-278,66,-46)
(-279,97,-39)
(-274,120,-36)
(-283,139,-47)
(-273,161,-55)
(-278,172,-46)
(-265,195,-53)
(-274,204,-70)
(-264,216,-78)
(-259,219,-89)
(-256,222,-100)
(-256,234,-114)
(-252,234,-126)
(-245,245,-135)
(-241,247,-145)
(-229,255,-161)
(-222,264,-172)
(-212,268,-188)
(-207,273,-207)
(-182,268,-220)
(-183,267,-235)
(-162,268,-242)
(-162,268,-252)
(-148,266,-268)
(-134,248,-278)
(-120,244,-294)
(-114,232,-316)
(-99,217,-323)
(-85,205,-333)
(-87,193,-335)
(-75,187,-341)
(-64,172,-350)
(-47,151,-349)
(-31,135,-357)
(-28,116,-360)
(-26,106,-352)
(-18,106,-354)
(-29,139,-357)
(-45,181,-333)
(-57,223,-327)
(-69,249,-309)
(-77,269,-293)
(-79,289,-279)
(-96,306,-246)
(-103,327,-219)
(-118,332,-184)
(-128,338,-172)
(-128,334,-140)
(-145,343,-103)
(-157,329,-83)
(-166,322,-54)
(-173,319,-41)
(-181,301,-17)
(-184,280,12)
(-181,261,43)
(-185,231,63)
(-186,210,64)
(-188,182,92)
(-196,168,96)
(-190,140,106)
(-190,134,92)
(-194,138,94)
(-197,119,95)
(-191,123,89)
(-185,127,99)
(-185,131,107)
(-178,148,106)
(-167,165,117)
(-170,200,92)
(-170,234,76)
(-161,259,63)
(-167,277,33)
(-165,295,11)
(-150,326,-24)
(-140,340,-44)
(-130,348,-64)
(-109,357,-91)
(-91,357,-115)
(-69,365,-149)
(-58,360,-172)
(-48,356,-194)
(-33,331,-241)
(-31,305,-275)
(-31,271,-311)
(-19,237,-331)
(-4,212,-336)
(13,191,-353)
(24,144,-342)
(20,128,-346)
(6,132,-356)
(-1,157,-353)
(-19,183,-349)
(-39,235,-325)
(-35,271,-295)
(-20,308,-278)
(0,330,-252)
(40,310,-244)
(82,276,-268)
(99,223,-299)
(91,177,-313)
(92,136,-316)
(83,117,-327)
(66,128,-336)
(39,173,-335)
(22,234,-318)
(24,264,-298)
(30,288,-268)
(65,299,-253)
(110,270,-240)
(135,229,-251)
(149,185,-251)
(155,131,-267)
(155,109,-275)
(160,84,-270)
(159,79,-265)
(148,78,-266)
(153,81,-265)
(148,98,-260)
(160,84,-266)
(158,78,-254)
(177,75,-241)
(173,73,-233)
(177,83,-227)
(175,119,-247)
(170,154,-258)
(140,206,-250)
(133,255,-239)
(135,287,-195)
(124,310,-178)
(107,323,-143)
(99,345,-121)
(59,349,-91)
(22,358,-46)
(-14,342,-4)
(-44,322,40)
(-69,287,97)
(-81,239,129)
(-87,187,143)
(-95,151,151)
(-91,113,155)
(-75,81,153)
(-86,66,142)
(-68,56,138)
(-52,56,140)
(-61,43,141)
(-73,33,137)
(-91,55,141)
(-104,104,144)
(-128,144,140)
(-130,210,132)
(-108,242,100)
(-87,291,85)
(-75,331,43)
(-46,352,-4)
(-14,368,-54)
(19,375,-103)
(38,358,-130)
(67,341,-163)
(73,327,-203)
(95,291,-225)
(123,255,-247)
(133,219,-263)
(139,185,-261)
(158,158,-256)
(170,142,-256)
(166,122,-258)
(171,103,-241)
(180,94,-236)
(183,79,-227)
(182,68,-210)
(177,63,-199)
(188,68,-206)
(181,73,-199)
(186,108,-230)
(173,161,-237)
(156,206,-250)
(133,259,-227)
(112,280,-234)
(84,314,-202)
(65,327,-185)
(35,361,-155)
(3,373,-119)
(-23,375,-65)
(-61,363,-45)
(-85,333,9)
(-115,307,35)
(-147,269,61)
(-164,232,76)
(-192,182,82)
(-194,144,84)
(-193,101,83)
(-192,66,80)
(-185,41,77)
(-187,29,77)
(-182,40,84)
(-196,56,82)
(-202,100,72)
(-190,178,70)
(-186,226,54)
(-154,264,40)
(-130,310,4)
(-107,335,-39)
(-91,361,-97)
(-79,355,-139)
(-90,332,-194)
(-129,317,-229)
(-195,261,-221)
(-240,212,-188)
(-258,138,-184)
(-272,82,-172)
(-255,37,-159)
(-251,-9,-157)
(-218,-24,-156)
(-189,-57,-151)
(-164,-84,-170)
(-136,-98,-156)
(-108,-104,-184)
(-79,-105,-201)
(-65,-101,-203)
(-52,-98,-222)
(-28,-92,-238)
(-19,-79,-265)
(-4,-54,-276)
(1,-33,-297)
(13,-31,-297)
(21,-27,-299)
(31,-17,-307)
(13,-19,-297)
(-11,-45,-293)
(-44,-52,-276)
(-94,-70,-262)
(-143,-73,-223)
(-182,-64,-184)
(-218,-38,-140)
(-242,-12,-110)
(-264,20,-70)
(-267,83,-43)
(-268,130,-26)
(-261,197,-17)
(-221,249,-11)
(-181,299,-7)
(-146,332,-30)
(-105,341,-49)
(-93,355,-77)
(-110,348,-120)
(-163,323,-127)
(-205,281,-117)
(-252,234,-92)
(-269,181,-69)
(-271,147,-45)
(-271,139,-49)
(-275,143,-57)
(-276,162,-76)
(-270,194,-88)
(-245,237,-97)
(-214,284,-106)
(-208,288,-134)
(-203,287,-157)
(-228,268,-168)
(-243,229,-137)
(-263,205,-109)
(-269,161,-69)
(-273,147,-53)
(-270,138,-42)
(-273,149,-61)
(-269,181,-71)
(-256,230,-100)
(-229,265,-109)
(-223,277,-135)
(-234,244,-146)
(-262,224,-130)
(-267,177,-93)
(-273,167,-77)
(-274,146,-60)
(-270,154,-48)
(-268,156,-62)
(-267,177,-87)
(-269,201,-101)
(-243,243,-123)
(-235,249,-163)
(-219,261,-187)
(-235,235,-203)
(-249,197,-199)
(-261,161,-183)
(-274,106,-158)
(-267,65,-145)
(-253,17,-159)
(-232,0,-158)
(-216,-26,-178)
(-205,-29,-211)
(-182,-24,-232)
(-174,-14,-258)
(-175,1,-277)
(-174,18,-282)
(-176,20,-288)
(-184,30,-288)
(-185,27,-285)
(-191,21,-277)
(-206,22,-260)
(-231,21,-225)
(-240,-4,-200)
(-246,10,-180)
(-258,12,-178)
(-251,15,-175)
(-246,24,-182)
(-257,51,-193)
(-251,61,-205)
(-254,82,-224)
(-254,96,-218)
(-248,92,-204)
(-258,72,-204)
(-253,57,-191)
(-259,47,-187)
(-256,32,-162)
(-247,23,-143)
(-251,-13,-117)
(-242,-18,-90)
(-240,-32,-78)
(-219,-21,-65)
(-220,-30,-64)
(-215,-39,-65)
(-210,-58,-70)
(-198,-62,-86)
(-196,-62,-108)
(-196,-68,-128)
(-210,-56,-154)
(-210,-42,-170)
(-221,-27,-161)
(-229,-19,-163)
(-239,-9,-147)
(-253,3,-121)
(-258,38,-84)
(-259,71,-45)
(-254,90,2)
(-234,120,46)
(-200,152,78)
(-145,175,111)
(-72,188,136)
(-22,192,140)
(9,203,133)
(40,226,112)
(66,258,80)
(94,284,42)
(115,291,1)
(131,287,-45)
(132,296,-80)
(129,303,-113)
(123,309,-155)
(103,309,-199)
(67,313,-229)
(33,319,-239)
(-24,326,-246)
(-90,328,-234)
(-137,311,-213)
(-186,306,-194)
(-222,278,-166)
(-249,239,-151)
(-255,201,-147)
(-275,171,-141)
(-278,138,-148)
(-275,111,-157)
(-268,90,-164)
(-265,49,-173)
(-249,21,-177)
(-245,13,-185)
(-222,-10,-192)
(-221,-23,-189)
(-207,-45,-199)
(-195,-43,-205)
(-191,-37,-199)
(-201,-33,-201)
(-222,-14,-210)
(-231,1,-199)
(-258,54,-206)
(-266,114,-180)
(-274,154,-150)
(-273,183,-121)
(-259,207,-101)
(-257,213,-91)
(-249,225,-65)
(-248,238,-64)
(-239,229,-63)
(-244,228,-54)
(-253,213,-39)
(-261,193,-27)
(-259,191,-23)
(-260,180,-32)
(-263,189,-53)
(-266,184,-72)
(-275,181,-95)
(-280,152,-108)
(-273,137,-135)
(-275,115,-143)
(-273,99,-153)
(-260,78,-170)
(-259,67,-183)
(-250,54,-188)
(-260,54,-188)
(-256,58,-192)
(-265,65,-169)
(-270,70,-164)
(-276,88,-138)
(-277,97,-109)
(-288,106,-106)
(-280,110,-76)
(-283,115,-77)
(-271,121,-61)
(-274,122,-48)
(-268,124,-40)
(-281,125,-41)
(-269,135,-41)
(-273,127,-51)
(-277,143,-71)
(-274,156,-104)
(-289,161,-135)
(-269,165,-149)
(-264,172,-180)
(-247,177,-215)
(-232,182,-242)
(-226,192,-252)
(-215,203,-257)
(-218,204,-248)
(-212,210,-248)
(-215,211,-253)
(-213,215,-249)
(-209,219,-243)
(-211,227,-243)
(-205,217,-235)
(-221,199,-245)
(-238,204,-226)
(-239,213,-219)
(-221,219,-219)
(-222,230,-222)
(-212,224,-248)
(-209,209,-247)
(-225,213,-239)
(-231,197,-231)
(-232,200,-230)
(-222,210,-224)
(-215,225,-231)
(-219,193,-269)
(-205,179,-267)
(-213,183,-261)
(-216,170,-260)
(-231,175,-249)
(-229,169,-249)
(-234,170,-242)
(-241,173,-229)
(-247,177,-217)
(-251,165,-215)
(-247,165,-209)
(-252,170,-216)
(-245,179,-219)
(-240,182,-234)
(-242,168,-226)
(-250,164,-220)
(-239,167,-225)
(-243,171,-229)
(-228,176,-256)
(-212,180,-268)
(-224,174,-260)
(-229,159,-245)
(-231,157,-243)
(-236,164,-240)
(-229,171,-247)
(-215,183,-263)
(-216,174,-266)
(-221,173,-247)
(-229,155,-247)
(-231,151,-247)
(-236,152,-248)
(-223,165,-263)
(-219,171,-273)
(-204,170,-284)
(-220,168,-290)
(-206,150,-284)
(-214,160,-282)
(-218,158,-278)
(-212,156,-278)
(-195,165,-295)
(-202,150,-294)
(-222,140,-286)
(-224,130,-276)
(-227,129,-273)
(-227,131,-271)
(-225,131,-271)
(-234,126,-264)
(-231,127,-263)
(-232,126,-270)
(-221,139,-283)
(-212,132,-286)
(-216,126,-286)
(-220,128,-276)
(-226,116,-274)
(-226,116,-278)
(-230,126,-274)
(-232,120,-276)
(-238,106,-266)
(-238,100,-256)
(-240,84,-260)
(-244,86,-246)
(-248,94,-246)
(-248,84,-246)
(-245,89,-249)
(-246,104,-254)
(-234,112,-252)
(-245,105,-251)
(-247,81,-239)
(-246,86,-234)
(-242,92,-242)
(-241,69,-241)
(-246,64,-240)
(-244,60,-220)
(-255,51,-221)
(-244,44,-212)
(-241,55,-229)
(-245,45,-233)
(-237,45,-231)
(-245,35,-217)
(-233,47,-235)
(-238,54,-246)
(-234,62,-252)
(-228,42,-260)
(-227,49,-261)
(-218,50,-278)
(-223,53,-255)
(-228,42,-238)
(-235,21,-235)
(-235,21,-231)
(-215,31,-255)
(-215,41,-251)
(-221,35,-261)
(-218,30,-252)
(-217,21,-231)
(-230,10,-216)
(-228,16,-224)
(-227,5,-225)
(-224,8,-244)
(-216,14,-248)
(-212,6,-240)
(-235,-7,-223)
(-227,-5,-213)
(-235,-7,-217)
(-232,6,-206)
(-234,16,-204)
(-243,19,-207)
(-243,51,-211)
(-242,52,-228)
(-240,70,-230)
(-234,88,-254)
(-226,108,-260)
(-205,105,-291)
(-193,105,-297)
(-184,102,-312)
(-171,97,-315)
(-160,104,-324)
(-156,84,-328)
(-161,79,-323)
(-142,74,-320)
(-151,57,-319)
(-156,68,-320)
(-150,74,-320)
(-149,67,-319)
(-134,54,-318)
(-151,75,-325)
(-172,122,-320)
(-168,136,-320)
(-175,139,-313)
(-172,134,-318)
(-168,112,-322)
(-181,121,-307)
(-203,125,-289)
(-214,158,-278)
(-220,202,-240)
(-211,213,-247)
(-205,203,-269)
(-205,193,-277)
(-209,173,-273)
(-225,185,-245)
(-227,193,-219)
(-225,213,-211)
(-222,236,-198)
(-206,240,-230)
(-198,230,-252)
(-213,207,-253)
(-230,186,-244)
(-233,203,-223)
(-228,228,-206)
(-207,231,-215)
(-209,217,-247)
(-217,191,-255)
(-237,181,-239)
(-245,173,-223)
(-243,191,-219)
(-234,224,-196)
(-221,235,-189)
(-216,240,-214)
(-207,213,-235)
(-238,168,-240)
(-255,139,-203)
(-264,138,-184)
(-268,150,-174)
(-266,168,-170)
(-247,201,-191)
(-242,206,-198)
(-266,156,-160)
(-280,124,-106)
(-282,118,-132)
(-277,149,-145)
(-266,184,-164)
(-238,214,-200)
(-211,267,-197)
(-177,295,-189)
(-169,305,-197)
(-154,320,-188)
(-147,325,-187)
(-150,322,-178)
(-159,317,-167)
(-193,301,-149)
(-224,272,-140)
(-255,229,-135)
(-263,193,-123)
(-283,147,-137)
(-278,134,-154)
(-277,123,-151)
(-277,135,-161)
(-262,154,-176)
(-245,199,-185)
(-231,241,-195)
(-188,294,-184)
(-155,329,-159)
(-135,335,-159)
(-133,333,-165)
(-139,337,-165)
(-134,330,-164)
(-152,332,-158)
(-166,318,-160)
(-208,298,-148)
(-233,259,-151)
(-264,204,-154)
(-268,156,-148)
(-270,116,-152)
(-271,103,-151)
(-269,121,-163)
(-269,149,-173)
(-257,201,-181)
(-230,242,-174)
(-214,266,-188)
(-188,292,-184)
(-155,329,-157)
(-124,344,-150)
(-106,358,-140)
(-87,355,-121)
(-72,362,-114)
(-67,365,-105)
(-47,367,-93)
(-20,360,-72)
(9,357,-55)
(29,349,-49)
(39,351,-33)
(61,339,-33)
(62,334,-44)
(37,351,-51)
(38,360,-60)
(-15,375,-95)
(-55,373,-135)
(-101,347,-175)
(-151,335,-167)
(-148,334,-156)
(-120,344,-124)
(-83,363,-119)
(-55,347,-193)
(-75,319,-245)
(-118,300,-244)
(-163,301,-199)
(-153,313,-187)
(-132,344,-160)
(-85,361,-145)
(-35,371,-125)
(0,362,-130)
(11,365,-125)
(28,356,-120)
(54,348,-96)
(91,339,-105)
(102,330,-92)
(124,308,-84)
(125,319,-77)
(132,314,-92)
(123,317,-95)
(111,329,-107)
(101,325,-105)
(109,329,-123)
(115,323,-111)
(119,315,-119)
(114,314,-116)
(96,330,-164)
(41,337,-197)
(4,346,-208)
(-58,352,-204)
(-80,352,-194)
(-131,339,-155)
(-145,349,-109)
(-117,351,-73)
(-67,381,-81)
(-70,362,-142)
(-135,333,-185)
(-196,276,-218)
(-217,207,-245)
(-217,147,-267)
(-214,140,-268)
(-197,107,-301)
(-183,75,-297)
(-197,45,-289)
(-205,23,-251)
(-216,22,-242)
(-216,56,-252)
(-225,71,-261)
(-217,115,-271)
(-213,117,-273)
(-204,70,-282)
(-203,55,-279)
(-206,34,-254)
(-215,13,-239)
(-216,8,-212)
(-204,-24,-198)
(-200,-26,-206)
(-220,-10,-210)
(-225,-7,-207)
(-221,-25,-181)
(-224,-38,-150)
(-214,-54,-130)
(-195,-63,-103)
(-186,-76,-102)
(-173,-87,-105)
(-163,-85,-115)
(-162,-84,-122)
(-182,-84,-118)
(-175,-85,-131)
(-183,-79,-137)
(-181,-75,-151)
(-165,-75,-171)
(-167,-67,-189)
(-156,-74,-208)
(-143,-59,-231)
(-141,-59,-245)
(-121,-49,-271)
(-109,-35,-281)
(-99,-19,-289)
(-94,-8,-312)
(-85,7,-325)
(-82,22,-326)
(-78,18,-324)
(-89,11,-325)
(-86,-2,-312)
(-103,-25,-299)
(-125,-51,-259)
(-141,-75,-201)
(-193,-81,-121)
(-206,-64,-100)
(-253,-5,-55)
(-264,90,-32)
(-271,161,-57)
(-269,207,-109)
(-249,229,-131)
(-229,241,-187)
(-182,254,-246)
(-165,259,-257)
(-145,249,-295)
(-116,232,-308)
(-94,200,-336)
(-62,172,-346)
(-20,146,-354)
(4,120,-350)
(25,99,-349)
(31,97,-355)
(51,85,-335)
(70,78,-336)
(89,63,-321)
(102,62,-300)
(135,51,-277)
(151,41,-259)
(161,23,-229)
(169,11,-211)
(167,11,-197)
(163,-15,-189)
(155,-23,-179)
(150,-50,-164)
(118,-80,-156)
(81,-107,-131)
(61,-115,-101)
(57,-125,-91)
(61,-115,-97)
(74,-118,-106)
(70,-118,-84)
(50,-120,-84)
(50,-118,-70)
(60,-122,-64)
(58,-114,-60)
(89,-107,-109)
(111,-65,-171)
(98,-48,-230)
(99,-37,-253)
(106,-40,-262)
(92,-70,-230)
(84,-102,-164)
(76,-114,-114)
(66,-120,-108)
(61,-123,-121)
(54,-116,-170)
(34,-120,-184)
(40,-114,-170)
(34,-126,-140)
(19,-127,-103)
(2,-132,-92)
(-13,-137,-83)
(-17,-135,-75)
(-31,-141,-71)
(-37,-133,-59)
(-50,-128,-48)
(-49,-133,-29)
(-47,-137,-27)
(-50,-132,-40)
(-56,-134,-42)
(-64,-140,-72)
(-60,-132,-80)
(-74,-138,-68)
(-80,-128,-46)
(-88,-140,-38)
(-94,-128,-34)
(-89,-129,-73)
(-64,-138,-86)
(-62,-144,-74)
(-20,-132,-104)
(17,-129,-155)
(36,-92,-220)
(51,-73,-251)
(31,-85,-247)
(3,-123,-193)
(-9,-137,-161)
(-8,-142,-104)
(-23,-131,-85)
(-8,-132,-70)
(5,-131,-63)
(33,-125,-93)
(37,-129,-145)
(16,-132,-126)
(14,-134,-70)
(10,-120,-20)
(34,-108,-2)
(57,-89,-5)
(88,-102,-46)
(88,-102,-86)
(64,-114,-108)
(38,-126,-80)
(37,-129,-59)
(35,-119,-39)
(44,-122,-34)
(69,-99,-45)
(73,-103,-127)
(69,-99,-167)
(54,-112,-178)
(47,-111,-145)
(53,-131,-89)
(61,-111,-35)
(71,-111,-59)
(74,-110,-128)
(44,-116,-158)
(21,-127,-137)
(20,-132,-76)
(24,-116,-22)
(25,-111,-11)
(32,-98,0)
(20,-106,8)
(-12,-124,-36)
(-31,-131,-79)
(-52,-128,-78)
(-51,-133,-73)
(-61,-131,-57)
(-80,-124,-70)
(-85,-127,-69)
(-99,-121,-101)
(-104,-120,-94)
(-110,-120,-64)
(-86,-122,-40)
(-44,-118,-12)
(-37,-109,-9)
(-35,-117,-7)
(-29,-109,-1)
(-43,-115,-3)
(-53,-119,-5)
(-52,-114,4)
(-51,-113,-5)
(-72,-120,-22)
(-83,-123,-37)
(-87,-121,-67)
(-87,-123,-79)
(-68,-134,-136)
(-47,-127,-185)
(-13,-123,-201)
(24,-112,-216)
(55,-95,-225)
(90,-64,-242)
(114,-32,-264)
(122,6,-266)
(139,27,-283)
(152,46,-266)
(166,44,-268)
(182,68,-248)
(181,49,-241)
(165,-1,-225)
(141,-29,-215)
(123,-51,-199)
(102,-76,-190)
(93,-83,-179)
(84,-92,-152)
(78,-102,-154)
(81,-105,-135)
(75,-105,-99)
(67,-99,-93)
(67,-115,-75)
(76,-98,-40)
(73,-99,-23)
(76,-96,-14)
(63,-85,1)
(64,-96,8)
(54,-86,8)
(62,-86,22)
(57,-85,29)
(55,-79,31)
(61,-81,45)
(58,-74,50)
(73,-63,45)
(65,-57,61)
(70,-56,68)
(69,-45,71)
(69,-47,77)
(70,-38,80)
(71,-35,87)
(78,-38,84)
(74,-44,84)
(77,-39,73)
(89,-33,73)
(89,-25,79)
(94,-20,80)
(101,1,81)
(106,2,80)
(105,3,85)
(114,4,76)
(123,9,75)
(124,6,68)
(125,9,73)
(116,-4,74)
(123,-9,79)
(114,-4,60)
(118,-12,60)
(118,-10,64)
(117,-15,59)
(110,-26,52)
(108,-32,52)
(94,-38,62)
(112,-38,44)
(102,-54,18)
(102,-80,12)
(74,-78,28)
(73,-59,45)
(91,-49,45)
(112,-50,0)
(120,-66,-34)
(135,-57,-75)
(128,-72,-72)
(116,-74,-20)
(103,-55,25)
(113,-45,37)
(125,-31,43)
(118,-28,56)
(108,-32,64)
(91,-11,85)
(79,-9,81)
(78,-16,92)
(77,-17,89)
(84,-18,90)
(90,-18,94)
(94,-14,88)
(90,-26,80)
(86,-56,54)
(107,-75,-7)
(111,-85,-49)
(114,-82,-80)
(111,-83,-89)
(117,-85,-125)
(117,-69,-169)
(109,-55,-223)
(107,-37,-233)
(93,-11,-271)
(85,27,-297)
(78,60,-330)
(69,91,-333)
(57,147,-343)
(40,186,-340)
(45,195,-329)
(25,221,-333)
(9,275,-305)
(-8,312,-260)
(-31,345,-211)
(-60,374,-148)
(-86,366,-108)
(-108,356,-66)
(-141,327,-43)
(-172,316,-24)
(-199,291,-25)
(-212,272,-24)
(-225,273,-19)
(-238,236,-30)
(-253,223,-37)
(-271,203,-51)
(-274,182,-72)
(-282,174,-102)
(-287,157,-103)
(-278,150,-136)
(-277,141,-155)
(-269,125,-197)
(-251,129,-243)
(-245,127,-241)
(-233,129,-265)
(-216,114,-288)
(-221,87,-281)
(-240,94,-254)
(-269,141,-189)
(-275,191,-127)
(-248,224,-36)
(-212,220,44)
(-179,207,91)
(-148,184,104)
(-153,143,119)
(-145,117,125)
(-134,94,130)
(-123,103,137)
(-135,93,137)
(-154,78,112)
(-207,71,71)
(-249,91,15)
(-280,134,-40)
(-273,195,-87)
(-268,212,-108)
(-269,199,-71)
(-266,184,-20)
(-241,175,13)
(-224,136,72)
(-188,88,98)
(-181,61,89)
(-182,14,68)
(-207,7,41)
(-217,-21,1)
(-232,-38,-40)
(-232,-44,-88)
(-221,-43,-149)
(-211,-49,-193)
(-192,-46,-230)
(-168,-44,-262)
(-173,-33,-267)
(-157,-19,-295)
(-147,-5,-313)
(-149,-7,-321)
(-144,18,-328)
(-149,21,-327)
(-152,8,-318)
(-163,3,-313)
(-175,-19,-273)
(-195,-43,-239)
(-204,-58,-184)
(-212,-72,-132)
(-210,-62,-80)
(-201,-43,-11)
(-188,-16,40)
(-188,20,68)
(-186,26,68)
(-195,37,67)
(-182,22,70)
(-172,22,86)
(-150,28,98)
(-132,34,110)
(-109,59,121)
(-75,69,133)
(-63,71,133)
(-62,74,134)
(-67,35,131)
(-82,4,108)
(-89,-3,103)
(-173,-13,59)
(-212,26,20)
(-252,54,-12)
(-268,96,-46)
(-272,150,-64)
(-250,218,-70)
(-215,273,-101)
(-162,318,-100)
(-95,347,-101)
(-66,356,-98)
(21,345,-85)
(88,332,-72)
(106,302,-74)
(157,263,-61)
(169,221,-37)
(179,197,-17)
(179,163,-7)
(184,136,2)
(186,122,2)
(198,104,-42)
(198,72,-64)
(204,60,-80)
(207,59,-103)
(198,66,-176)
(172,50,-244)
(129,39,-293)
(73,7,-313)
(32,-24,-322)
(-25,-47,-309)
(-60,-76,-282)
(-95,-87,-255)
(-121,-89,-225)
(-142,-94,-208)
(-172,-84,-166)
(-190,-80,-156)
(-200,-70,-156)
(-213,-57,-155)
(-215,-49,-165)
(-231,-33,-155)
(-244,-32,-162)
(-245,-13,-159)
(-253,3,-143)
(-269,37,-143)
(-287,75,-139)
(-280,104,-128)
(-279,137,-137)
(-277,163,-125)
(-277,145,-133)
(-280,126,-170)
(-263,93,-209)
(-247,65,-241)
(-228,30,-256)
(-197,7,-263)
(-161,-15,-289)
(-98,-10,-314)
(-39,-15,-331)
(-2,-16,-326)
(23,-3,-335)
(65,19,-333)
(87,47,-321)
(119,57,-313)
(146,88,-292)
(157,117,-275)
(156,160,-256)
(167,197,-239)
(159,227,-219)
(145,263,-199)
(137,277,-179)
(111,305,-151)
(90,320,-102)
(53,341,-71)
(17,329,-25)
(-44,330,-4)
(-56,328,12)
(-100,312,28)
(-148,288,16)
(-196,254,26)
(-235,215,-3)
(-251,179,-31)
(-272,150,-54)
(-274,136,-60)
(-278,80,-88)
(-273,63,-91)
(-257,23,-107)
(-257,7,-115)
(-239,-25,-105)
(-213,-55,-81)
(-191,-71,-49)
(-176,-66,-32)
(-178,-62,-42)
(-194,-52,-52)
(-222,-40,-102)
(-228,-26,-166)
(-229,-3,-221)
(-192,20,-274)
(-152,58,-328)
(-104,78,-356)
(-53,119,-361)
(-25,147,-359)
(-4,174,-358)
(-13,207,-347)
(10,238,-322)
(18,246,-310)
(35,285,-287)
(45,307,-253)
(66,316,-212)
(69,323,-189)
(85,315,-173)
(90,314,-190)
(91,289,-223)
(101,253,-263)
(123,197,-295)
(138,144,-292)
(138,98,-300)
(139,85,-285)
(131,45,-283)
(135,19,-265)
(141,15,-245)
(152,14,-242)
(149,15,-237)
(158,12,-248)
(138,28,-266)
(127,57,-293)
(112,106,-326)
(76,152,-342)
(57,179,-345)
(39,227,-333)
(12,262,-310)
(6,266,-308)
(-21,319,-263)
(-52,338,-234)
(-77,341,-181)
(-93,349,-125)
(-95,357,-73)
(-96,336,-22)
(-96,332,-16)
(-91,319,21)
(-76,318,32)
(-78,326,16)
(-90,302,22)
(-111,337,-51)
(-96,350,-120)
(-68,358,-158)
(-46,344,-218)
(-25,309,-263)
(1,271,-303)
(6,230,-328)
(-34,202,-344)
(-88,176,-350)
(-138,168,-336)
(-191,177,-297)
(-239,169,-253)
(-263,151,-197)
(-279,135,-153)
(-282,118,-140)
(-273,101,-113)
(-267,61,-87)
(-260,22,-80)
(-245,-15,-67)
(-224,-36,-80)
(-208,-60,-64)
(-191,-63,-89)
(-193,-67,-103)
(-202,-58,-104)
(-199,-69,-97)
(-207,-65,-97)
(-214,-56,-102)
(-234,-36,-98)
(-258,6,-120)
(-277,69,-143)
(-267,103,-183)
(-250,124,-226)
(-235,117,-261)
(-208,114,-296)
(-172,88,-328)
(-148,64,-338)
(-101,41,-349)
(-83,9,-351)
(-57,21,-345)
(-47,53,-355)
(-43,109,-365)
(-5,185,-353)
(-3,215,-337)
(34,240,-320)
(37,263,-291)
(66,282,-262)
(86,306,-228)
(85,311,-183)
(95,313,-157)
(105,315,-145)
(100,312,-124)
(97,305,-123)
(115,311,-115)
(115,315,-115)
(108,310,-124)
(111,317,-129)
(105,309,-135)
(95,317,-173)
(82,304,-216)
(66,272,-270)
(31,233,-319)
(0,194,-352)
(-16,182,-356)
(-65,125,-365)
(-125,79,-347)
(-164,24,-316)
(-195,1,-257)
(-220,-8,-214)
(-237,-13,-179)
(-241,-33,-139)
(-236,-28,-116)
(-232,-30,-96)
(-226,-44,-96)
(-205,-59,-71)
(-211,-67,-81)
(-201,-57,-85)
(-213,-67,-95)
(-221,-39,-87)
(-250,18,-68)
(-258,78,-28)
(-247,165,-7)
(-210,230,16)
(-155,285,5)
(-89,331,-23)
(-23,359,-65)
(-4,356,-90)
(58,338,-184)
(93,283,-233)
(122,222,-264)
(111,167,-305)
(69,101,-335)
(-13,67,-359)
(-88,64,-356)
(-159,57,-325)
(-210,50,-280)
(-228,42,-250)
(-238,26,-214)
(-235,-9,-175)
(-227,-33,-163)
(-223,-45,-161)
(-223,-31,-171)
(-227,-25,-167)
(-262,28,-136)
(-282,100,-96)
(-269,179,-69)
(-229,249,-65)
(-183,309,-93)
(-102,346,-138)
(-22,344,-202)
(36,314,-254)
(52,256,-288)
(74,202,-324)
(43,185,-343)
(-6,150,-364)
(-67,145,-361)
(-137,143,-343)
(-196,126,-304)
(-238,108,-262)
(-249,89,-237)
(-262,66,-202)
(-258,34,-172)
(-245,-15,-155)
(-231,-31,-139)
(-220,-38,-134)
(-201,-75,-105)
(-173,-85,-79)
(-177,-79,-47)
(-159,-81,-31)
(-143,-83,1)
(-134,-84,-10)
(-106,-110,-16)
(-104,-102,-20)
(-128,-116,-42)
(-146,-96,-74)
(-180,-82,-84)
(-222,-54,-90)
(-256,4,-148)
(-261,85,-183)
(-244,176,-220)
(-196,242,-246)
(-170,268,-250)
(-76,310,-240)
(17,329,-205)
(35,329,-189)
(108,308,-146)
(152,266,-102)
(180,216,-60)
(193,171,-33)
(181,127,5)
(168,80,44)
(132,40,64)
(104,14,68)
(83,-17,69)
(70,-30,72)
(60,-36,64)
(58,-46,60)
(61,-43,67)
(64,-48,60)
(56,-42,60)
(60,-52,54)
(72,-30,52)
(92,-32,42)
(107,-19,51)
(99,-13,47)
(95,-21,55)
(88,-14,58)
(83,-29,51)
(84,-42,46)
(79,-43,29)
(84,-44,40)
(104,-28,46)
(105,-27,43)
(117,-5,43)
(142,40,34)
(174,66,6)
(190,106,-16)
(199,127,-53)
(202,166,-86)
(199,165,-109)
(202,184,-138)
(198,178,-130)
(201,161,-111)
(200,132,-72)
(205,113,-45)
(194,86,-24)
(182,62,-2)
(146,22,26)
(119,-13,47)
(98,-30,42)
(101,-31,49)
(107,-35,45)
(113,-25,35)
(134,0,24)
(165,27,-3)
(196,62,-34)
(203,105,-75)
(208,138,-130)
(204,156,-168)
(186,174,-202)
(178,172,-224)
(172,184,-222)
(186,170,-216)
(202,158,-162)
(209,119,-121)
(204,100,-102)
(203,69,-65)
(198,48,-52)
(178,24,-34)
(167,-7,-9)
(134,-34,-2)
(134,-30,-2)
(136,-24,2)
(150,-20,0)
(165,-7,-15)
(172,8,-34)
(188,34,-46)
(206,78,-84)
(211,111,-125)
(210,134,-156)
(202,150,-174)
(187,161,-197)
(188,164,-214)
(191,171,-213)
(193,159,-203)
(216,134,-156)
(216,116,-116)
(208,92,-90)
(197,55,-65)
(191,39,-47)
(181,31,-37)
(171,5,-19)
(160,-8,-6)
(149,-15,15)
(151,-7,-11)
(170,14,-26)
(192,30,-54)
(206,70,-84)
(215,93,-117)
(210,138,-150)
(193,173,-181)
(173,201,-227)
(129,233,-247)
(85,261,-279)
(56,272,-290)
(19,275,-301)
(-28,280,-298)
(-73,267,-303)
(-133,249,-303)
(-173,225,-295)
(-210,182,-274)
(-241,137,-249)
(-261,91,-219)
(-255,59,-197)
(-258,24,-166)
(-243,-19,-135)
(-232,-34,-98)
(-212,-70,-70)
(-177,-81,-33)
(-146,-90,-16)
(-128,-86,2)
(-117,-93,5)
(-127,-91,-3)
(-172,-78,-10)
(-227,-45,-69)
(-253,13,-131)
(-268,76,-186)
(-240,118,-260)
(-197,139,-305)
(-133,143,-347)
(-87,121,-365)
(-63,95,-367)
(-22,52,-354)
(19,-1,-329)
(48,-16,-320)
(56,-14,-308)
(59,-29,-307)
(62,-10,-324)
(25,-3,-337)
(1,7,-347)
(-26,14,-354)
(-38,28,-358)
(-49,21,-355)
(-55,37,-361)
(-43,55,-367)
(-40,64,-368)
(-27,79,-365)
(-10,106,-368)
(3,107,-369)
(14,110,-362)
(16,106,-364)
(9,95,-365)
(-24,60,-354)
(-39,27,-349)
(-70,-16,-324)
(-89,-63,-297)
(-83,-97,-249)
(-65,-125,-187)
(-46,-128,-142)
(-22,-140,-114)
(21,-123,-75)
(42,-112,-62)
(69,-97,-45)
(103,-83,-43)
(118,-72,-38)
(132,-62,-68)
(136,-54,-70)
(136,-64,-60)
(130,-66,-62)
(101,-85,-55)
(65,-101,-71)
(28,-130,-78)
(-18,-132,-114)
(-46,-138,-138)
(-57,-139,-155)
(-82,-110,-202)
(-104,-84,-252)
(-101,-47,-295)
(-100,-6,-324)
(-99,49,-355)
(-83,95,-369)
(-56,154,-364)
(-36,180,-364)
(-6,194,-354)
(24,172,-354)
(26,154,-362)
(30,130,-362)
(13,111,-367)
(-24,90,-376)
(-62,44,-356)
(-67,-11,-329)
(-78,-42,-308)
(-88,-84,-268)
(-73,-103,-229)
(-59,-123,-201)
(-45,-137,-161)
(-24,-136,-132)
(-7,-139,-109)
(3,-137,-89)
(21,-125,-63)
(24,-122,-62)
(39,-121,-49)
(40,-114,-52)
(32,-110,-48)
(38,-120,-44)
(43,-113,-47)
(34,-116,-62)
(34,-126,-58)
(19,-119,-49)
(7,-129,-89)
(-23,-141,-117)
(-40,-134,-134)
(-61,-131,-147)
(-75,-119,-179)
(-98,-106,-204)
(-99,-95,-247)
(-116,-72,-276)
(-110,-36,-292)
(-103,-39,-303)
(-107,-57,-281)
(-125,-77,-255)
(-145,-95,-189)
(-147,-97,-163)
(-140,-104,-176)
(-142,-86,-218)
(-140,-58,-266)
(-106,-48,-296)
(-92,-50,-296)
(-94,-64,-280)
(-118,-82,-254)
(-135,-95,-205)
(-157,-93,-167)
(-142,-94,-180)
(-154,-70,-226)
(-133,-53,-273)
(-116,-28,-302)
(-93,-43,-299)
(-100,-74,-272)
(-111,-103,-213)
(-97,-121,-125)
(-64,-134,-92)
(-24,-130,-78)
(6,-130,-78)
(23,-125,-91)
(42,-122,-104)
(40,-126,-132)
(33,-131,-111)
(21,-121,-43)
(24,-100,0)
(42,-92,-6)
(71,-87,-25)
(90,-86,-62)
(100,-88,-76)
(121,-75,-139)
(132,-70,-132)
(132,-68,-88)
(134,-58,-34)
(128,-52,-26)
(136,-54,-42)
(136,-50,-66)
(145,-63,-97)
(129,-75,-107)
(102,-88,-72)
(81,-99,-39)
(80,-86,-18)
(103,-73,-31)
(105,-87,-81)
(113,-83,-85)
(116,-94,-142)
(120,-86,-152)
(97,-99,-143)
(75,-115,-111)
(59,-107,-57)
(61,-95,-19)
(85,-91,-53)
(76,-106,-98)
(65,-97,-153)
(51,-105,-181)
(3,-111,-209)
(-39,-101,-235)
(-109,-81,-257)
(-170,-30,-270)
(-218,26,-266)
(-249,87,-241)
(-263,123,-205)
(-273,149,-171)
(-275,153,-143)
(-273,159,-133)
(-280,166,-92)
(-266,174,-72)
(-269,167,-65)
(-264,170,-42)
(-255,167,-31)
(-259,173,-33)
(-251,153,-25)
(-259,151,-41)
(-269,129,-47)
(-275,113,-59)
(-272,96,-66)
(-263,103,-69)
(-278,104,-78)
(-275,109,-61)
(-274,122,-60)
(-276,132,-54)
(-274,138,-62)
(-268,144,-90)
(-264,158,-78)
(-267,157,-47)
(-272,144,-46)
(-267,133,-61)
(-275,141,-77)
(-285,159,-121)
(-272,154,-124)
(-273,155,-113)
(-270,154,-80)
(-273,147,-63)
(-271,151,-61)
(-274,154,-52)
(-271,127,-51)
(-266,126,-48)
(-268,100,-48)
(-267,93,-47)
(-264,78,-28)
(-265,73,-23)
(-249,61,-13)
(-252,66,-4)
(-249,59,5)
(-238,54,2)
(-240,44,-8)
(-244,54,4)
(-240,40,-6)
(-254,70,-8)
(-269,81,-23)
(-270,100,-64)
(-277,113,-83)
(-284,120,-100)
(-273,133,-125)
(-274,126,-148)
(-269,127,-161)
(-266,128,-178)
(-272,116,-188)
(-260,128,-194)
(-271,135,-181)
(-267,145,-163)
(-273,141,-159)
(-277,151,-153)
(-274,152,-116)
(-265,145,-79)
(-257,139,-39)
(-256,120,4)
(-241,105,17)
(-237,87,17)
(-242,72,4)
(-250,58,-4)
(-246,36,-16)
(-244,32,-12)
(-253,33,-17)
(-245,33,-13)
(-254,44,-6)
(-246,64,-16)
(-256,40,-22)
(-233,-27,-57)
(-194,-72,-64)
(-166,-92,-76)
(-152,-96,-42)
(-146,-108,-44)
(-122,-108,-48)
(-98,-110,-30)
(-73,-107,-13)
(-89,-115,-25)
(-91,-113,-43)
(-74,-106,-10)
(-58,-64,54)
(-13,-67,53)
(1,-103,-9)
(-50,-124,-74)
(-82,-122,-88)
(-62,-120,-58)
(-44,-136,-108)
(-32,-130,-142)
(-10,-138,-140)
(-3,-131,-135)
(6,-134,-130)
(15,-127,-121)
(18,-136,-110)
(26,-128,-106)
(32,-132,-108)
(34,-130,-124)
(57,-135,-133)
(53,-123,-141)
(50,-128,-138)
(33,-139,-143)
(43,-137,-139)
(29,-133,-141)
(34,-134,-150)
(23,-133,-157)
(12,-138,-150)
(0,-140,-146)
(-4,-154,-140)
(-3,-143,-97)
(-5,-129,-43)
(-7,-129,-33)
(-11,-127,-27)
(-12,-132,-24)
(-8,-112,-2)
(-15,-115,9)
(-2,-110,14)
(-1,-117,3)
(-8,-134,-38)
(-17,-137,-75)
(-17,-139,-107)
(-20,-140,-130)
(-19,-137,-153)
(-30,-134,-162)
(-21,-133,-177)
(-20,-128,-184)
(-21,-133,-187)
(-20,-124,-220)
(-17,-109,-247)
(-35,-75,-287)
(-47,-13,-343)
(-89,37,-359)
(-117,71,-353)
(-139,115,-343)
(-160,138,-338)
(-172,166,-316)
(-178,190,-312)
(-187,213,-295)
(-195,207,-279)
(-196,228,-270)
(-195,229,-261)
(-189,229,-281)
(-185,227,-289)
(-191,227,-281)
(-196,226,-284)
(-187,227,-281)
(-195,221,-291)
(-193,227,-275)
(-187,227,-277)
(-192,222,-282)
(-198,222,-264)
(-204,230,-256)
(-209,235,-261)
(-213,239,-247)
(-211,241,-235)
(-207,235,-235)
(-214,238,-236)
(-218,246,-242)
(-225,237,-221)
(-236,230,-216)
(-234,240,-202)
(-236,250,-182)
(-242,236,-156)
(-252,236,-150)
(-258,240,-134)
(-256,228,-126)
(-250,234,-126)
(-246,228,-128)
(-258,228,-126)
(-256,234,-114)
(-251,233,-105)
(-258,222,-94)
(-261,229,-93)
(-252,218,-98)
(-254,222,-90)
(-255,227,-89)
(-256,210,-82)
(-254,212,-80)
(-259,229,-77)
(-257,219,-55)
(-259,209,-51)
(-260,198,-42)
(-260,200,-38)
(-247,189,-15)
(-244,192,-4)
(-241,179,9)
(-236,184,16)
(-231,185,25)
(-232,174,22)
(-223,175,25)
(-230,178,28)
(-239,179,21)
(-233,177,25)
(-235,177,21)
(-227,181,23)
(-234,172,24)
(-246,180,6)
(-238,192,-4)
(-237,181,7)
(-238,182,18)
(-228,170,24)
(-222,174,20)
(-227,183,19)
(-222,178,26)
(-213,167,51)
(-201,161,59)
(-212,140,56)
(-201,141,71)
(-201,133,65)
(-202,126,68)
(-197,129,75)
(-191,121,81)
(-197,115,75)
(-216,130,56)
(-221,137,37)
(-238,144,18)
(-252,148,-14)
(-265,169,-33)
(-257,167,-47)
(-262,182,-46)
(-250,176,-22)
(-236,172,10)
(-210,170,34)
(-206,150,52)
(-205,157,55)
(-195,153,69)
(-205,163,57)
(-215,167,37)
(-241,179,25)
(-244,184,-10)
(-250,194,-40)
(-256,190,-48)
(-257,185,-55)
(-249,181,-35)
(-238,182,8)
(-215,179,31)
(-218,170,40)
(-212,178,40)
(-226,204,20)
(-229,229,-17)
(-242,234,-42)
(-235,225,-49)
(-242,222,-54)
(-257,213,-45)
(-241,207,-23)
(-235,195,9)
(-212,196,34)
(-205,191,43)
(-196,196,48)
(-207,201,47)
(-205,205,41)
(-208,220,26)
(-211,219,25)
(-210,224,20)
(-204,230,12)
(-205,233,19)
(-202,220,26)
(-202,202,32)
(-211,185,41)
(-221,149,41)
(-220,128,38)
(-228,112,36)
(-226,98,38)
(-208,80,56)
(-212,82,56)
(-210,74,62)
(-201,75,57)
(-198,84,62)
(-201,95,61)
(-201,97,55)
(-205,103,65)
(-202,94,64)
(-213,93,45)
(-219,105,47)
(-225,125,37)
(-221,135,41)
(-212,114,46)
(-211,111,55)
(-220,114,54)
(-213,135,51)
(-229,141,49)
(-214,156,42)
(-215,145,55)
(-212,144,56)
(-214,152,48)
(-209,159,45)
(-215,155,47)
(-211,157,53)
(-211,151,63)
(-197,143,63)
(-181,157,67)
(-196,154,70)
(-182,140,84)
(-181,141,85)
(-159,129,89)
(-159,131,95)
(-153,121,105)
(-149,115,103)
(-145,119,101)
(-138,122,110)
(-143,123,107)
(-146,124,104)
(-148,126,104)
(-143,119,103)
(-140,124,102)
(-154,134,98)
(-168,140,84)
(-182,160,78)
(-194,158,60)
(-210,174,56)
(-214,178,40)
(-212,180,38)
(-214,178,32)
(-222,194,22)
(-223,191,17)
(-226,200,12)
(-234,200,-2)
(-225,205,11)
(-224,192,32)
(-203,181,57)
(-194,172,72)
(-192,166,80)
(-179,159,81)
(-185,153,79)
(-181,155,73)
(-200,152,70)
(-207,169,43)
(-222,188,38)
(-238,200,8)
(-229,191,29)
(-217,171,47)
(-205,163,47)
(-206,172,58)
(-210,184,44)
(-224,194,24)
(-222,186,32)
(-232,138,14)
(-253,119,-1)
(-262,86,-22)
(-260,56,-52)
(-254,22,-84)
(-250,2,-104)
(-241,-9,-111)
(-240,-18,-118)
(-257,-7,-103)
(-261,39,-87)
(-279,61,-73)
(-277,99,-59)
(-267,139,-51)
(-267,161,-41)
(-261,187,-41)
(-263,201,-37)
(-248,200,-40)
(-248,196,-38)
(-266,178,-46)
(-268,146,-46)
(-271,109,-69)
(-269,69,-81)
(-266,42,-94)
(-258,12,-94)
(-264,10,-100)
(-266,32,-104)
(-277,73,-85)
(-271,133,-53)
(-264,182,-34)
(-254,216,-28)
(-239,235,-39)
(-227,237,-39)
(-224,238,-44)
(-234,232,-42)
(-249,219,-39)
(-246,192,-44)
(-271,151,-51)
(-284,118,-70)
(-277,53,-89)
(-258,42,-108)
(-273,55,-107)
(-282,116,-90)
(-266,182,-64)
(-245,231,-59)
(-240,246,-50)
(-233,245,-25)
(-227,233,3)
(-215,211,21)
(-219,203,35)
(-208,188,46)
(-205,177,49)
(-206,174,54)
(-213,185,51)
(-220,224,22)
(-218,260,-24)
(-200,278,-18)
(-187,271,-11)
(-205,229,13)
(-242,170,8)
(-250,122,-8)
(-261,91,-19)
(-260,56,-36)
(-256,32,-50)
(-257,21,-53)
(-261,39,-51)
(-265,87,-33)
(-265,145,-29)
(-249,209,-31)
(-221,247,-37)
(-215,273,-39)
(-199,269,-37)
(-212,262,-36)
(-227,261,-41)
(-233,231,-35)
(-243,197,-19)
(-249,165,-17)
(-262,138,-20)
(-264,104,-14)
(-258,92,-16)
(-263,89,-25)
(-255,109,-15)
(-259,149,-27)
(-242,208,-16)
(-212,254,-26)
(-202,272,-34)
(-183,281,-31)
(-186,286,-28)
(-187,291,-19)
(-203,269,-15)
(-218,232,-2)
(-243,185,1)
(-254,152,-8)
(-255,97,-11)
(-251,65,-21)
(-256,36,-30)
(-259,23,-31)
(-241,7,-43)
(-231,-15,-57)
(-218,-46,-60)
(-202,-54,-60)
(-190,-68,-68)
(-176,-90,-78)
(-172,-82,-86)
(-192,-78,-82)
(-224,-44,-70)
(-249,-7,-63)
(-262,36,-42)
(-268,86,-28)
(-266,122,-24)
(-259,157,-23)
(-255,201,-25)
(-226,242,-34)
(-220,256,-40)
(-205,275,-41)
(-199,287,-47)
(-210,266,-34)
(-222,248,-34)
(-233,223,-25)
(-255,191,-15)
(-259,157,-17)
(-263,115,-31)
(-266,108,-28)
(-267,61,-47)
(-253,49,-39)
(-259,33,-49)
(-255,33,-53)
(-254,18,-62)
(-260,24,-66)
(-262,56,-60)
(-274,94,-44)
(-268,124,-36)
(-267,145,-19)
(-244,158,6)
(-231,177,19)
(-221,165,31)
(-226,160,36)
(-225,155,43)
(-218,144,40)
(-226,148,44)
(-218,146,46)
(-215,141,43)
(-211,151,51)
(-201,173,59)
(-193,187,59)
(-209,149,53)
(-221,111,43)
(-230,86,24)
(-237,77,19)
(-238,66,4)
(-237,41,-3)
(-243,27,-9)
(-235,19,-15)
(-229,9,-19)
(-230,4,-32)
(-245,25,-23)
(-247,67,-11)
(-252,92,0)
(-248,114,8)
(-238,136,14)
(-242,136,10)
(-245,131,15)
(-251,105,11)
(-258,70,-10)
(-257,43,-21)
(-251,35,-33)
(-243,5,-45)
(-246,0,-46)
(-237,-1,-49)
(-242,0,-48)
(-245,-3,-43)
(-253,23,-41)
(-259,57,-25)
(-254,106,-6)
(-250,132,-8)
(-247,159,5)
(-243,163,7)
(-227,183,13)
(-217,197,19)
(-233,195,17)
(-234,178,14)
(-232,164,14)
(-247,143,-1)
(-249,117,1)
(-252,96,-8)
(-252,84,-12)
(-257,71,-19)
(-255,55,-25)
(-246,50,-30)
(-251,27,-35)
(-258,22,-28)
(-249,29,-37)
(-253,35,-35)
(-250,40,-24)
(-244,60,-10)
(-252,70,10)
(-237,91,19)
(-235,107,33)
(-222,112,40)
(-218,106,44)
(-223,115,47)
(-219,117,33)
(-216,124,48)
(-205,127,59)
(-211,125,51)
(-230,100,44)
(-228,78,22)
(-234,42,10)
(-232,32,-10)
(-229,13,-13)
(-227,5,-17)
(-224,4,-20)
(-235,1,-17)
(-231,17,-23)
(-236,36,-8)
(-236,44,2)
(-229,45,5)
(-237,45,9)
(-238,32,-6)
(-234,-8,-38)
(-232,-20,-46)
(-230,-12,-44)
(-237,1,-35)
(-246,52,-24)
(-255,83,-3)
(-241,111,9)
(-248,124,0)
(-245,113,9)
(-248,96,-2)
(-253,79,-11)
(-249,43,-29)
(-247,27,-33)
(-240,12,-34)
(-233,-5,-41)
(-245,5,-51)
(-252,22,-40)
(-251,65,-27)
(-246,98,-6)
(-243,119,1)
(-243,147,23)
(-231,165,19)
(-225,177,29)
(-226,178,26)
(-211,197,31)
(-212,210,32)
(-204,212,44)
(-198,218,44)
(-194,228,42)
(-192,228,36)
(-181,231,33)
(-189,243,35)
(-181,243,41)
(-185,245,35)
(-182,258,22)
(-193,263,25)
(-183,263,25)
(-174,260,24)
(-180,260,34)
(-170,246,46)
(-168,248,50)
(-150,238,66)
(-154,232,78)
(-161,229,69)
(-157,209,73)
(-150,214,84)
(-144,212,90)
(-149,217,89)
(-145,211,81)
(-149,217,87)
(-163,197,69)
(-182,172,70)
(-194,152,74)
(-193,149,71)
(-195,139,75)
(-186,148,82)
(-181,167,83)
(-175,189,71)
(-140,222,80)
(-136,232,78)
(-133,239,79)
(-133,239,77)
(-132,242,72)
(-127,241,81)
(-129,253,79)
(-131,247,75)
(-126,252,68)
(-137,251,71)
(-131,265,63)
(-128,264,66)
(-129,259,57)
(-119,275,61)
(-122,272,58)
(-118,274,54)
(-116,278,56)
(-123,281,69)
(-122,256,58)
(-131,257,65)
(-132,236,76)
(-161,221,67)
(-162,204,70)
(-171,199,75)
(-161,207,71)
(-157,223,69)
(-136,264,68)
(-120,258,66)
(-115,275,57)
(-123,271,61)
(-119,277,49)
(-126,280,60)
(-112,276,48)
(-121,281,45)
(-117,279,47)
(-111,281,49)
(-132,268,58)
(-157,233,69)
(-168,228,64)
(-179,213,63)
(-187,199,65)
(-197,181,61)
(-211,175,57)
(-212,158,52)
(-192,184,70)
(-167,195,81)
(-163,187,85)
(-172,174,92)
(-162,172,92)
(-161,167,97)
(-143,171,93)
(-135,173,105)
(-125,167,109)
(-112,174,116)
(-117,165,117)
(-122,160,112)
(-138,146,108)
(-146,128,96)
(-162,128,98)
(-167,121,97)
(-159,123,95)
(-170,110,92)
(-166,114,98)
(-146,152,98)
(-138,178,108)
(-127,191,107)
(-119,199,105)
(-120,208,100)
(-114,216,102)
(-110,208,98)
(-125,197,95)
(-150,180,102)
(-173,155,85)
(-188,148,76)
(-190,132,78)
(-193,123,75)
(-193,115,67)
(-200,112,70)
(-195,131,81)
(-167,179,93)
(-135,213,93)
(-128,216,92)
(-122,240,86)
(-127,235,79)
(-120,238,84)
(-126,240,86)
(-142,222,86)
(-163,193,89)
(-182,168,76)
(-194,148,62)
(-204,114,62)
(-218,100,60)
(-216,62,32)
(-227,53,21)
(-224,80,36)
(-211,111,55)
(-193,163,69)
(-180,190,70)
(-163,223,69)
(-146,252,70)
(-136,262,64)
(-126,268,52)
(-131,271,53)
(-136,268,50)
(-150,260,58)
(-180,218,62)
(-211,191,55)
(-210,178,44)
(-209,171,41)
(-216,158,48)
(-232,144,40)
(-231,139,39)
(-230,134,32)
(-221,131,39)
(-212,148,32)
(-213,167,37)
(-210,180,40)
(-199,201,45)
(-191,213,51)
(-181,221,49)
(-172,234,52)
(-160,246,56)
(-163,241,55)
(-189,225,49)
(-194,208,40)
(-196,194,50)
(-209,179,51)
(-222,148,44)
(-226,130,44)
(-235,111,31)
(-223,107,37)
(-233,101,29)
(-226,94,26)
(-231,85,21)
(-247,83,11)
(-245,59,1)
(-248,46,-18)
(-246,42,-20)
(-256,62,-10)
(-248,98,4)
(-234,126,20)
(-227,131,37)
(-225,147,21)
(-237,171,1)
(-230,192,14)
(-219,175,45)
(-205,153,43)
(-214,142,56)
(-222,148,36)
(-232,178,12)
(-232,204,18)
(-217,191,31)
(-207,173,47)
(-198,174,56)
(-211,185,39)
(-215,201,25)
(-218,210,20)
(-209,201,35)
(-199,181,53)
(-198,170,70)
(-208,132,46)
(-229,99,31)
(-236,84,18)
(-246,84,8)
(-239,87,-3)
(-241,111,3)
(-242,138,10)
(-231,147,35)
(-226,126,42)
(-220,124,36)
(-228,142,32)
(-220,158,24)
(-206,160,56)
(-199,151,57)
(-222,78,34)
(-224,50,32)
(-232,34,4)
(-229,27,-11)
(-237,9,-21)
(-228,8,-28)
(-229,-15,-37)
(-228,-26,-60)
(-217,-41,-73)
(-207,-41,-73)
(-215,-43,-77)
(-224,-26,-60)
(-233,9,-49)
(-244,34,-38)
(-250,72,-8)
(-246,98,2)
(-235,133,25)
(-223,167,27)
(-215,189,43)
(-192,192,58)
(-210,158,52)
(-217,113,41)
(-222,94,28)
(-228,70,18)
(-232,66,26)
(-227,73,23)
(-216,64,30)
(-228,72,26)
(-238,46,8)
(-239,15,-37)
(-244,14,-50)
(-238,4,-68)
(-249,19,-69)
(-262,66,-50)
(-268,100,-36)
(-258,154,-44)
(-246,206,-44)
(-221,261,-49)
(-201,283,-41)
(-166,304,-42)
(-151,315,-27)
(-157,301,-19)
(-156,286,-4)
(-158,272,28)
(-156,250,44)
(-138,236,66)
(-132,214,82)
(-136,190,82)
(-137,181,91)
(-137,161,97)
(-125,157,101)
(-119,145,105)
(-115,151,113)
(-102,146,120)
(-89,137,123)
(-74,144,118)
(-75,127,121)
(-81,119,133)
(-74,114,130)
(-71,107,131)
(-66,92,130)
(-60,80,130)
(-50,74,124)
(-49,61,123)
(-39,63,121)
(-22,60,124)
(-14,60,130)
(-15,55,125)
(-4,56,126)
(10,56,128)
(9,55,113)
(25,53,111)
(33,45,119)
(39,43,109)
(40,24,94)
(36,24,96)
(42,8,98)
(31,-3,85)
(29,-9,85)
(32,-22,76)
(23,-29,65)
(22,-42,72)
(33,-35,63)
(40,-38,68)
(32,-36,66)
(32,-34,60)
(31,-47,59)
(32,-44,64)
(34,-48,56)
(28,-54,50)
(26,-42,56)
(31,-59,53)
(27,-59,51)
(31,-59,43)
(29,-59,47)
(23,-71,43)
(31,-69,37)
(28,-72,34)
(25,-83,29)
(30,-84,28)
(26,-82,22)
(32,-80,20)
(32,-88,16)
(34,-88,14)
(32,-96,6)
(28,-90,12)
(5,-95,13)
(2,-86,32)
(-7,-87,29)
(-12,-86,36)
(-24,-84,56)
(-25,-69,51)
(-19,-75,53)
(-18,-84,30)
(-36,-94,18)
(-34,-100,8)
(-28,-100,16)
(-36,-88,26)
(-35,-93,33)
(-51,-83,45)
(-43,-75,47)
(-38,-74,48)
(-41,-81,61)
(-38,-78,48)
(-43,-81,41)
(-47,-79,47)
(-59,-63,65)
(-64,-56,64)
(-76,-54,64)
(-91,-47,71)
(-93,-41,73)
(-98,-38,74)
(-105,-33,75)
(-113,-35,77)
(-110,-32,84)
(-107,-33,89)
(-88,-28,98)
(-71,-19,97)
(-51,-23,95)
(-37,-25,97)
(-30,-24,92)
(-30,-42,80)
(-25,-61,67)
(-30,-84,48)
(-30,-82,30)
(-21,-81,43)
(-21,-69,55)
(-24,-68,58)
(-21,-63,55)
(-23,-65,61)
(-23,-73,47)
(-16,-82,36)
(-28,-86,32)
(-21,-93,21)
(-27,-97,11)
(-9,-89,5)
(-20,-108,6)
(-15,-101,5)
(-10,-108,-8)
(-2,-118,-18)
(-5,-125,-29)
(-9,-125,-31)
(-42,-110,-14)
(-49,-109,1)
(-40,-100,28)
(-29,-97,27)
(-44,-98,24)
(-67,-107,13)
(-101,-81,41)
(-115,-59,67)
(-103,-63,65)
(-69,-69,53)
(-65,-77,43)
(-91,-91,33)
(-118,-70,38)
(-133,-53,63)
(-119,-37,75)
(-86,-52,76)
(-60,-70,56)
(-69,-87,41)
(-72,-86,32)
(-61,-91,31)
(-55,-95,25)
(-49,-89,43)
(-50,-86,40)
(-51,-67,49)
(-56,-74,58)
(-56,-64,72)
(-55,-67,63)
(-59,-69,73)
(-58,-64,64)
(-60,-62,70)
(-66,-58,60)
(-69,-67,61)
(-68,-72,62)
(-76,-70,58)
(-86,-68,60)
(-87,-75,59)
(-84,-74,56)
(-81,-89,39)
(-84,-98,24)
(-76,-104,22)
(-76,-108,8)
(-79,-115,5)
(-78,-124,-8)
(-72,-114,-4)
(-87,-115,3)
(-97,-93,25)
(-116,-70,38)
(-147,-45,61)
(-163,-35,69)
(-168,-22,68)
(-183,-23,65)
(-196,-2,60)
(-205,17,61)
(-222,42,64)
(-224,46,60)
(-220,56,50)
(-224,48,62)
(-219,49,71)
(-190,50,84)
(-196,56,88)
(-189,53,97)
(-193,63,91)
(-189,69,91)
(-175,69,95)
(-178,76,96)
(-178,72,108)
(-177,79,105)
(-176,54,92)
(-169,41,103)
(-157,13,105)
(-151,7,105)
(-141,17,101)
(-148,16,112)
(-143,29,105)
(-149,33,117)
(-143,39,113)
(-161,31,115)
(-159,17,101)
(-149,5,85)
(-154,-16,90)
(-140,-30,80)
(-137,-47,67)
(-120,-50,58)
(-116,-66,60)
(-116,-80,52)
(-123,-83,57)
(-118,-76,54)
(-116,-78,60)
(-121,-71,51)
(-114,-74,52)
(-116,-80,50)
(-110,-82,48)
(-100,-92,46)
(-106,-80,42)
(-99,-93,55)
(-108,-88,48)
(-107,-81,41)
(-109,-69,43)
(-112,-76,64)
(-108,-76,56)
(-112,-66,62)
(-111,-63,69)
(-123,-49,79)
(-147,-57,69)
(-159,-25,67)
(-178,-16,76)
(-185,3,65)
(-200,4,66)
(-208,18,46)
(-231,39,41)
(-234,38,14)
(-276,54,-18)
(-286,86,-64)
(-293,135,-123)
(-286,192,-164)
(-240,266,-170)
(-185,325,-159)
(-127,351,-109)
(-84,358,-74)
(-67,363,-57)
(-34,364,-56)
(-5,361,-79)
(41,351,-75)
(71,343,-85)
(114,314,-70)
(143,293,-73)
(176,248,-60)
(194,208,-56)
(199,167,-33)
(200,134,-32)
(207,115,-45)
(209,109,-83)
(205,79,-149)
(173,97,-237)
(127,129,-299)
(60,176,-344)
(-7,217,-349)
(-69,253,-335)
(-110,290,-296)
(-131,309,-247)
(-149,327,-213)
(-185,311,-169)
(-215,289,-141)
(-241,265,-89)
(-243,239,-47)
(-249,193,-25)
(-245,197,-13)
(-240,186,6)
(-230,170,16)
(-230,170,36)
(-203,165,55)
(-189,181,69)
(-166,180,78)
(-163,197,89)
(-146,190,98)
(-128,194,100)
(-130,208,106)
(-135,219,89)
(-134,228,86)
(-135,233,77)
(-132,244,78)
(-120,248,80)
(-123,245,77)
(-134,258,66)
(-137,269,69)
(-124,258,68)
(-124,242,82)
(-133,237,87)
(-153,231,81)
(-151,233,73)
(-134,228,90)
(-122,208,104)
(-104,206,108)
(-87,207,113)
(-85,213,121)
(-85,217,119)
(-100,218,108)
(-107,235,101)
(-92,232,102)
(-88,238,104)
(-94,240,104)
(-112,230,100)
(-110,224,98)
(-103,211,115)
(-85,211,119)
(-61,211,119)
(-54,216,118)
(-63,219,115)
(-42,222,124)
(-25,217,123)
(-14,208,126)
(-9,211,129)
(2,202,132)
(-4,206,124)
(-4,212,124)
(-17,223,115)
(-30,234,116)
(-53,245,103)
(-74,248,102)
(-73,239,111)
(-65,221,115)
(-64,224,122)
(-78,226,114)
(-87,231,101)
(-85,247,95)
(-75,249,95)
(-53,241,115)
(-31,231,125)
(-10,224,126)
(-4,214,132)
(7,201,123)
(-6,206,128)
(-10,206,126)
(4,194,132)
(1,183,135)
(-16,182,138)
(-36,178,134)
(-60,186,136)
(-110,202,120)
(-120,210,116)
(-131,199,109)
(-120,210,106)
(-125,215,105)
(-116,210,104)
(-99,209,117)
(-80,190,128)
(-81,191,133)
(-74,180,124)
(-62,180,130)
(-51,175,143)
(-25,195,133)
(-20,198,134)
(-28,196,128)
(-30,196,130)
(-52,194,140)
(-77,189,135)
(-103,197,127)
(-129,181,111)
(-151,181,107)
(-163,181,93)
(-184,172,78)
(-197,175,75)
(-190,172,82)
(-173,173,87)
(-154,164,106)
(-143,163,115)
(-121,157,117)
(-104,158,134)
(-75,171,143)
(-47,169,143)
(-35,165,143)
(-30,166,140)
(-48,158,136)
(-58,178,140)
(-79,169,139)
(-100,164,134)
(-111,153,127)
(-128,154,122)
(-164,150,104)
(-179,153,101)
(-159,149,107)
(-149,155,117)
(-123,155,123)
(-93,157,137)
(-75,163,151)
(-51,163,139)
(-24,150,144)
(-21,151,145)
(-23,143,149)
(-1,143,141)
(16,132,150)
(48,130,144)
(77,93,129)
(81,57,111)
(94,52,114)
(87,53,113)
(79,69,105)
(91,75,117)
(87,79,107)
(86,78,112)
(97,71,109)
(76,66,116)
(49,75,121)
(12,82,138)
(-18,82,150)
(-51,83,141)
(-75,79,149)
(-104,94,130)
(-128,106,134)
(-142,104,130)
(-144,104,124)
(-124,106,130)
(-108,104,144)
(-63,103,143)
(-32,102,150)
(7,105,137)
(24,102,142)
(35,105,139)
(58,96,136)
(59,101,129)
(89,89,113)
(97,63,103)
(115,49,93)
(102,50,92)
(104,52,92)
(99,53,93)
(110,42,94)
(114,40,84)
(115,25,81)
(121,23,85)
(117,25,89)
(114,20,80)
(113,27,83)
(118,22,84)
(117,23,73)
(112,24,76)
(117,13,69)
(122,18,66)
(110,14,66)
(98,12,80)
(78,-4,100)
(58,-8,108)
(25,-3,107)
(-3,3,117)
(-20,12,124)
(-41,5,127)
(-61,17,127)
(-85,27,131)
(-104,36,122)
(-106,50,132)
(-120,54,128)
(-132,68,124)
(-141,75,127)
(-142,92,116)
(-151,109,119)
(-158,128,116)
(-162,128,108)
(-162,124,124)
(-151,111,123)
(-139,91,125)
(-130,72,126)
(-117,65,133)
(-111,55,137)
(-104,44,142)
(-96,42,138)
(-91,37,133)
(-72,20,134)
(-57,21,143)
(-38,24,136)
(-7,15,129)
(-3,17,123)
(19,17,127)
(10,48,128)
(31,57,129)
(34,72,132)
(46,74,132)
(45,79,137)
(50,88,130)
(38,98,136)
(46,98,136)
(35,97,137)
(48,98,134)
(40,98,132)
(41,97,141)
(9,73,141)
(-18,70,150)
(-38,66,144)
(-44,56,134)
(-51,61,147)
(-60,58,144)
(-77,63,143)
(-88,66,138)
(-105,67,133)
(-101,81,139)
(-92,88,138)
(-101,91,141)
(-100,96,126)
(-100,100,140)
(-105,113,135)
(-107,109,133)
(-107,101,133)
(-109,83,135)
(-89,67,135)
(-78,62,140)
(-64,44,138)
(-50,44,142)
(-44,32,138)
(-33,29,139)
(-2,38,130)
(-11,37,135)
(5,43,131)
(12,48,134)
(28,54,134)
(13,49,133)
(-8,50,130)
(-25,73,147)
(-13,101,145)
(-33,91,145)
(-61,71,147)
(-74,58,138)
(-106,90,138)
(-101,113,137)
(-98,118,140)
(-68,86,142)
(-79,55,139)
(-114,74,136)
(-111,85,137)
(-99,75,135)
(-112,58,134)
(-114,90,136)
(-112,92,136)
(-105,87,133)
(-84,94,138)
(-60,98,142)
(-38,98,142)
(-36,92,152)
(-24,100,140)
(-23,99,149)
(-39,71,151)
(-42,76,150)
(-63,73,137)
(-70,64,132)
(-79,61,133)
(-84,58,136)
(-88,70,140)
(-101,55,137)
(-106,54,134)
(-116,50,130)
(-117,53,127)
(-121,55,123)
(-117,69,123)
(-117,69,127)
(-129,57,119)
(-122,64,126)
(-130,66,124)
(-130,80,122)
(-130,74,126)
(-132,86,122)
(-139,81,117)
(-141,93,117)
(-140,82,124)
(-140,90,124)
(-148,98,124)
(-145,95,125)
(-154,100,124)
(-161,113,113)
(-151,117,117)
(-165,119,115)
(-155,123,105)
(-158,132,104)
(-150,126,110)
(-158,140,108)
(-160,136,108)
(-163,137,109)
(-166,142,112)
(-159,131,109)
(-159,145,97)
(-159,141,109)
(-149,145,117)
(-140,144,118)
(-143,141,123)
(-139,141,123)
(-124,144,122)
(-124,150,122)
(-124,154,122)
(-119,163,121)
(-121,157,127)
(-122,174,130)
(-109,189,121)
(-106,204,124)
(-94,216,116)
(-85,223,115)
(-80,234,116)
(-80,218,116)
(-88,216,122)
(-98,202,126)
(-105,167,131)
(-113,155,125)
(-114,138,132)
(-117,111,139)
(-116,100,134)
(-112,82,134)
(-104,66,128)
(-114,62,128)
(-103,43,133)
(-95,27,123)
(-87,23,119)
(-84,-2,108)
(-77,5,109)
(-56,-20,110)
(-50,-22,108)
(-46,-16,104)
(-44,-18,110)
(-39,-25,95)
(-41,-29,93)
(-36,-28,102)
(-41,-27,99)
(-28,-36,100)
(-23,-27,99)
(-24,-42,92)
(-23,-31,93)
(-18,-24,100)
(-19,-21,109)
(-25,13,119)
(-20,22,118)
(-28,44,132)
(-35,41,135)
(-30,48,136)
(-35,55,139)
(-36,62,140)
(-41,57,149)
(-47,73,143)
(-41,67,149)
(-39,67,141)
(-44,54,140)
(-54,50,132)
(-47,35,129)
(-34,26,128)
(-35,3,119)
(-37,-9,117)
(-30,-30,100)
(-32,-26,104)
(-42,-24,86)
(-40,-36,90)
(-45,-41,89)
(-52,-44,86)
(-50,-56,84)
(-64,-52,80)
(-63,-61,71)
(-63,-55,75)
(-61,-55,73)
(-69,-65,69)
(-80,-56,62)
(-86,-78,58)
(-83,-69,53)
(-93,-65,51)
(-96,-60,52)
(-102,-78,44)
(-120,-76,40)
(-130,-72,28)
(-140,-80,12)
(-147,-73,-3)
(-146,-82,-2)
(-156,-76,-12)
(-164,-78,-6)
(-158,-82,-20)
(-169,-79,-13)
(-169,-75,-17)
(-194,-58,-24)
(-197,-21,5)
(-221,-7,19)
(-223,13,23)
(-235,39,37)
(-228,66,32)
(-235,89,31)
(-240,114,42)
(-236,120,40)
(-233,137,47)
(-218,148,52)
(-221,161,61)
(-212,174,64)
(-201,179,67)
(-197,191,65)
(-194,192,64)
(-185,201,65)
(-174,226,72)
(-168,240,60)
(-152,280,46)
(-115,301,31)
(-97,319,21)
(-89,337,9)
(-71,337,-9)
(-69,341,-7)
(-84,330,-10)
(-121,319,1)
(-137,313,3)
(-138,304,14)
(-171,289,17)
(-198,248,12)
(-210,242,16)
(-213,223,21)
(-229,193,19)
(-236,172,26)
(-233,157,23)
(-236,152,20)
(-236,142,28)
(-235,121,23)
(-244,98,26)
(-237,79,17)
(-228,72,20)
(-227,53,31)
(-217,31,33)
(-216,26,32)
(-216,32,36)
(-216,28,24)
(-214,20,32)
(-210,12,24)
(-208,6,26)
(-203,-19,33)
(-192,-24,20)
(-215,-13,11)
(-227,35,19)
(-214,54,38)
(-195,41,53)
(-204,30,38)
(-233,25,7)
(-245,35,5)
(-247,39,-7)
(-237,45,13)
(-228,58,42)
(-205,53,57)
(-203,43,65)
(-208,30,56)
(-229,23,27)
(-238,36,-12)
(-268,66,-28)
(-256,94,-18)
(-234,102,28)
(-224,86,38)
(-209,73,67)
(-186,54,72)
(-178,20,72)
(-164,-12,62)
(-144,-52,44)
(-114,-80,34)
(-108,-82,36)
(-94,-76,36)
(-95,-79,37)
(-90,-66,50)
(-93,-73,43)
(-129,-47,39)
(-198,-22,28)
(-231,43,19)
(-246,110,26)
(-241,179,9)
(-229,237,-31)
(-201,293,-73)
(-175,319,-117)
(-150,342,-140)
(-125,339,-175)
(-90,342,-198)
(-57,345,-215)
(-38,332,-234)
(-33,331,-241)
(-34,340,-236)
(-38,344,-222)
(-52,348,-196)
(-83,359,-181)
(-114,346,-148)
(-122,346,-136)
(-136,344,-126)
(-162,328,-122)
(-175,319,-109)
(-179,315,-115)
(-181,319,-125)
(-191,309,-123)
(-194,302,-116)
(-209,281,-91)
(-225,271,-83)
(-228,262,-82)
(-231,255,-65)
(-247,247,-73)
(-236,248,-72)
(-242,244,-70)
(-251,227,-67)
(-255,223,-67)
(-252,244,-80)
(-248,236,-76)
(-246,240,-78)
(-251,227,-69)
(-263,203,-57)
(-268,188,-48)
(-268,178,-48)
(-257,157,-35)
(-265,139,-17)
(-260,132,-2)
(-257,123,-11)
(-262,146,-18)
(-256,180,-24)
(-249,221,-33)
(-238,236,-42)
(-224,256,-46)
(-212,278,-44)
(-201,283,-57)
(-188,292,-40)
(-181,297,-43)
(-183,297,-43)
(-191,293,-43)
(-189,291,-47)
(-192,292,-44)
(-197,291,-43)
(-196,294,-50)
(-201,291,-59)
(-200,286,-50)
(-197,289,-57)
(-195,293,-59)
(-200,296,-54)
(-205,275,-51)
(-213,279,-47)
(-216,282,-48)
(-209,285,-61)
(-202,284,-56)
(-209,275,-51)
(-209,289,-57)
(-205,299,-67)
(-207,283,-65)
(-218,274,-50)
(-231,241,-29)
(-238,202,-20)
(-249,181,-1)
(-248,158,0)
(-252,130,2)
(-246,114,2)
(-243,87,11)
(-235,65,17)
(-231,39,31)
(-221,45,19)
(-243,55,15)
(-245,71,7)
(-249,111,-11)
(-249,175,-21)
(-253,185,-15)
(-229,239,-19)
(-209,267,-23)
(-191,291,-19)
(-180,298,-32)
(-164,308,-24)
(-159,315,-39)
(-140,320,-36)
(-120,332,-36)
(-115,335,-27)
(-98,336,-14)
(-91,329,-3)
(-73,327,17)
(-62,318,26)
(-52,302,42)
(-52,302,52)
(-46,294,58)
(-39,297,67)
(-45,279,73)
(-40,286,76)
(-44,268,84)
(-47,265,83)
(-44,262,82)
(-50,274,86)
(-48,268,76)
(-48,268,84)
(-55,263,99)
(-55,245,109)
(-68,228,114)
(-72,216,112)
(-77,209,119)
(-86,182,126)
(-83,165,129)
(-87,161,117)
(-92,172,130)
(-91,161,133)
(-93,171,121)
(-104,188,122)
(-114,218,106)
(-104,236,98)
(-111,249,89)
(-101,259,89)
(-99,265,85)
(-100,262,84)
(-112,266,78)
(-110,270,72)
(-111,265,75)
(-98,272,72)
(-100,256,84)
(-92,236,92)
(-91,219,107)
(-96,206,114)
(-108,196,110)
(-106,196,124)
(-128,210,104)
(-112,226,90)
(-123,245,95)
(-119,249,81)
(-118,264,68)
(-117,283,53)
(-124,288,42)
(-128,290,38)
(-134,300,28)
(-127,299,35)
(-117,299,43)
(-114,278,64)
(-109,259,87)
(-94,244,100)
(-114,216,106)
(-125,205,99)
(-133,207,107)
(-157,235,73)
(-165,263,37)
(-161,277,35)
(-148,266,58)
(-144,242,76)
(-160,252,56)
(-158,260,50)
(-155,263,41)
(-150,256,62)
(-153,241,67)
(-161,251,65)
(-161,263,37)
(-147,263,53)
(-130,250,84)
(-114,230,108)
(-97,199,109)
(-94,188,118)
(-85,161,131)
(-89,151,129)
(-87,145,137)
(-95,143,125)
(-85,131,125)
(-80,132,132)
(-88,128,132)
(-81,115,131)
(-85,115,133)
(-70,96,132)
(-75,79,131)
(-82,86,132)
(-123,133,127)
(-150,180,104)
(-151,221,77)
(-154,236,72)
(-155,257,55)
(-158,278,28)
(-166,290,16)
(-156,294,12)
(-158,292,6)
(-156,300,-8)
(-165,307,-13)
(-154,312,-30)
(-157,309,-29)
(-162,318,-38)
(-152,316,-50)
(-145,311,-17)
(-152,300,-2)
(-162,306,-24)
(-167,315,-43)
(-153,315,-27)
(-150,308,-8)
(-157,285,3)
(-170,288,-10)
(-172,288,-12)
(-172,296,-12)
(-171,303,-35)
(-163,301,-5)
(-163,303,-3)
(-170,284,4)
(-181,293,-3)
(-178,296,-12)
(-172,300,-24)
(-168,308,-24)
(-167,299,-23)
(-157,291,1)
(-170,282,14)
(-179,289,-5)
(-175,291,-23)
(-173,307,-27)
(-153,293,1)
(-121,275,57)
(-98,256,86)
(-77,225,113)
(-69,193,133)
(-72,168,132)
(-71,151,139)
(-67,135,141)
(-69,121,135)
(-77,97,147)
(-72,86,140)
(-67,65,131)
(-70,30,124)
(-69,1,105)
(-67,-35,85)
(-61,-49,75)
(-60,-62,58)
(-74,-78,48)
(-66,-92,22)
(-44,-114,-14)
(-39,-119,-19)
(-43,-117,-33)
(-38,-126,-42)
(-29,-129,-41)
(-27,-127,-77)
(-21,-135,-85)
(-15,-135,-105)
(-14,-132,-114)
(-9,-139,-139)
(-16,-138,-140)
(-19,-137,-149)
(-29,-139,-151)
(-33,-137,-161)
(-31,-133,-165)
(-26,-136,-168)
(-26,-126,-184)
(-26,-128,-188)
(-28,-134,-190)
(-41,-121,-201)
(-53,-115,-211)
(-54,-124,-202)
(-54,-126,-168)
(-91,-141,-121)
(-120,-124,-84)
(-150,-100,-48)
(-154,-98,-32)
(-174,-80,-6)
(-174,-64,0)
(-205,-19,31)
(-223,37,45)
(-227,81,49)
(-229,119,41)
(-237,169,25)
(-240,204,-2)
(-228,242,-32)
(-207,287,-75)
(-163,323,-127)
(-111,347,-169)
(-39,351,-197)
(1,341,-219)
(63,311,-239)
(120,264,-238)
(156,202,-244)
(181,147,-241)
(178,94,-246)
(168,76,-248)
(176,52,-250)
(170,24,-242)
(162,4,-234)
(150,-8,-226)
(139,-17,-235)
(104,-28,-262)
(64,-46,-290)
(18,-54,-286)
(-23,-65,-283)
(-55,-91,-259)
(-84,-96,-228)
(-95,-109,-213)
(-141,-97,-191)
(-167,-91,-161)
(-175,-95,-121)
(-188,-90,-78)
(-182,-74,-26)
(-175,-43,25)
(-156,-24,62)
(-142,4,90)
(-135,19,111)
(-122,28,112)
(-123,23,113)
(-155,21,109)
(-192,10,60)
(-237,25,-19)
(-266,54,-72)
(-283,107,-137)
(-258,196,-204)
(-209,257,-225)
(-143,301,-249)
(-77,323,-259)
(20,338,-232)
(93,315,-209)
(147,269,-165)
(187,219,-143)
(214,166,-132)
(213,123,-127)
(206,70,-104)
(198,28,-116)
(189,13,-139)
(180,10,-196)
(136,14,-268)
(89,19,-313)
(29,23,-347)
(-33,39,-355)
(-102,38,-352)
(-158,58,-328)
(-211,55,-277)
(-246,58,-238)
(-260,50,-192)
(-274,60,-158)
(-274,48,-124)
(-280,68,-132)
(-282,126,-178)
(-257,157,-225)
(-224,196,-266)
(-190,216,-282)
(-145,261,-299)
(-106,274,-304)
(-95,271,-313)
(-105,233,-325)
(-113,211,-337)
(-76,224,-344)
(-4,228,-336)
(13,231,-337)
(3,229,-343)
(-53,211,-353)
(-125,189,-347)
(-175,161,-323)
(-224,134,-296)
(-249,107,-259)
(-250,100,-220)
(-266,76,-218)
(-262,78,-228)
(-249,93,-237)
(-233,125,-275)
(-210,132,-296)
(-230,102,-276)
(-240,92,-262)
(-262,68,-210)
(-274,44,-174)
(-271,39,-137)
(-261,23,-99)
(-259,17,-71)
(-250,16,-54)
(-244,8,-40)
(-244,2,-28)
(-245,-3,-23)
(-252,6,-42)
(-258,20,-50)
(-259,29,-65)
(-279,47,-89)
(-283,91,-137)
(-281,131,-165)
(-260,184,-196)
(-219,235,-237)
(-170,278,-254)
(-97,307,-263)
(-33,325,-265)
(34,326,-240)
(118,288,-204)
(152,252,-190)
(175,215,-197)
(177,191,-203)
(187,151,-219)
(173,141,-261)
(139,145,-293)
(100,142,-326)
(49,153,-355)
(7,151,-367)
(-23,173,-361)
(-83,177,-359)
(-130,174,-334)
(-208,162,-284)
(-260,146,-218)
(-274,126,-170)
(-275,87,-121)
(-279,63,-81)
(-262,28,-56)
(-241,17,-35)
(-220,-12,-24)
(-207,-37,-7)
(-182,-54,4)
(-161,-67,1)
(-163,-79,-1)
(-182,-60,-20)
(-226,-2,-26)
(-253,103,-7)
(-249,195,-15)
(-222,266,-50)
(-139,331,-81)
(-57,353,-107)
(18,354,-138)
(40,344,-148)
(137,261,-199)
(126,230,-260)
(29,213,-339)
(-92,182,-352)
(-195,163,-297)
(-258,120,-230)
(-274,80,-168)
(-261,55,-109)
(-262,36,-88)
(-262,28,-108)
(-271,65,-107)
(-277,147,-131)
(-257,223,-175)
(-172,280,-234)
(-49,287,-289)
(53,257,-305)
(97,209,-295)
(104,200,-304)
(97,251,-277)
(70,310,-218)
(9,353,-121)
(-7,357,-93)
(-28,334,-18)
(-61,295,53)
(-67,243,103)
(-76,156,128)
(-80,68,120)
(-98,72,116)
(-130,122,112)
(-150,194,80)
(-152,246,42)
(-154,256,46)
(-153,241,51)
(-153,233,67)
(-139,247,47)
(-147,253,43)
(-160,274,30)
(-129,223,85)
(-112,78,138)
(-108,38,122)
(-108,80,126)
(-138,172,98)
(-181,171,67)
(-207,119,49)
(-238,50,4)
(-266,20,-112)
(-239,7,-195)
(-201,-39,-225)
(-171,-91,-205)
(-130,-68,-250)
(-126,-18,-294)
(-138,-2,-304)
(-192,-16,-254)
(-221,-53,-105)
(-222,18,20)
(-188,38,68)
(-147,-27,63)
(-129,-65,33)
(-114,-82,20)
(-134,-64,34)
(-147,5,87)
(-166,48,88)
(-210,138,58)
(-234,104,42)
(-227,17,-3)
(-229,-37,-81)
(-206,-52,-128)
(-205,-69,-113)
(-216,-58,-98)
(-221,-3,-29)
(-249,27,-21)
(-237,9,-19)
(-225,-53,-145)
(-200,-48,-204)
(-198,-44,-198)
(-198,-40,-208)
(-190,-80,-156)
(-176,-88,-112)
(-174,-70,-90)
(-184,-60,-176)
(-186,-62,-184)
(-194,12,-236)
(-204,18,-238)
(-195,-65,-175)
(-204,-58,-92)
(-225,-43,-83)
(-255,-7,-105)
(-274,106,-150)
(-277,151,-127)
(-275,185,-95)
(-261,217,-139)
(-200,174,-282)
(-156,52,-332)
(-137,55,-345)
(-140,194,-330)
(-132,248,-290)
(-107,277,-273)
(-64,282,-284)
(-34,102,-364)
(-22,32,-356)
(-21,-83,-281)
(-1,-85,-267)
(-10,16,-346)
(-26,142,-362)
(-12,260,-318)
(-19,233,-335)
(26,-14,-316)
(47,-99,-233)
(27,-63,-285)
(10,66,-358)
(14,132,-350)
(22,86,-344)
(35,-23,-313)
(14,-98,-222)
(6,-118,-186)
(16,-60,-282)
(20,34,-336)
(19,87,-351)
(13,103,-347)
(1,119,-359)
(35,23,-351)
(68,-12,-314)
(67,75,-347)
(73,201,-343)
(48,280,-290)
(41,327,-221)
(17,363,-143)
(-3,373,-99)
(-18,360,-172)
(-43,363,-103)
(-22,304,48)
(-15,211,127)
(17,159,139)
(26,138,150)
(1,191,125)
(-16,216,112)
(-25,159,135)
(-58,30,122)
(-113,-9,95)
(-167,-3,63)
(-221,31,25)
(-239,29,-11)
(-228,-14,-66)
(-223,-31,-67)
(-202,-46,-38)
(-164,-40,28)
(-124,-26,68)
(-92,-16,90)
(-52,-24,90)
(-9,-41,65)
(14,-48,54)
(34,4,82)
(59,-47,41)
(64,-98,-90)
(69,-89,-157)
(72,-92,-164)
(69,-87,-167)
(60,-118,-116)
(39,-101,-39)
(26,-120,-94)
(26,-108,-174)
(30,-112,-172)
(20,-122,-78)
(-31,-21,93)
(-81,-7,95)
(-95,-63,65)
(-98,-66,64)
(-135,21,107)
(-184,214,62)
(-195,267,7)
(-184,310,-172)
(-117,301,-261)
(-48,326,-256)
(-1,269,-315)
(64,134,-344)
(61,151,-343)
(50,150,-344)
(41,125,-355)
(14,80,-362)
(-11,-23,-333)
(-46,-16,-336)
(-84,78,-362)
(-103,127,-357)
(-126,80,-364)
(-150,112,-352)
(-194,136,-302)
(-237,189,-247)
(-266,202,-174)
(-269,187,-133)
(-265,205,-123)
(-263,223,-123)
(-254,228,-54)
(-243,181,11)
(-229,159,53)
(-215,147,71)
(-202,136,86)
(-194,116,84)
(-209,195,45)
(-218,198,42)
(-210,140,80)
(-195,79,81)
(-207,101,77)
(-217,137,59)
(-225,123,41)
(-262,82,4)
(-257,91,-9)
(-266,56,-32)
(-248,-8,-48)
(-210,-52,-26)
(-182,-64,-10)
(-149,-13,79)
(-147,-21,85)
(-141,-97,-9)
(-157,-105,-59)
(-205,-49,-31)
(-243,-19,-79)
(-243,13,-175)
(-265,99,-209)
(-251,165,-229)
(-231,161,-271)
(-183,199,-307)
(-110,306,-264)
(-67,335,-221)
(9,349,-197)
(38,328,-232)
(40,314,-254)
(34,344,-196)
(-2,356,-116)
(-42,350,-42)
(-119,321,5)
(-192,264,22)
(-238,196,0)
(-276,96,-50)
(-269,33,-73)
(-250,-14,-120)
(-238,-28,-128)
(-234,-36,-134)
(-239,-29,-131)
(-252,-26,-130)
